% num_local_points | num_send_points | num_send_procs | num_recv_points | num_recv_procs 
  61541 	   16051 	   23 	   13984 	   24 
  62185 	   14897 	   16 	   14497 	   16 
  62850 	   12211 	   14 	   11989 	   14 
  59781 	   20583 	   26 	   14585 	   26 
  61462 	   15070 	   18 	   12368 	   18 
  60152 	   17680 	   25 	   12880 	   24 
  60210 	   15327 	   18 	   10972 	   18 
  59726 	   13578 	   16 	   10314 	   16 
  61261 	   17539 	   18 	   14368 	   18 
  61481 	   14526 	   10 	   16134 	   10 
  65948 	   24023 	   25 	   28457 	   25 
  61609 	   14573 	   11 	   15775 	   11 
  66036 	   20429 	   42 	   25526 	   42 
  61626 	   14162 	   21 	   13483 	   20 
  61483 	   11072 	   19 	   11451 	   19 
  62592 	   15729 	   26 	   16944 	   26 
  61720 	   14839 	   16 	   14110 	   16 
  62982 	   15018 	   21 	   16274 	   17 
  62813 	   15400 	   26 	   16612 	   25 
  62763 	   12333 	   21 	   13633 	   21 
  61870 	   12301 	   16 	   12671 	   16 
  61927 	   12485 	   21 	   12797 	   15 
  60173 	   27946 	   36 	   19708 	   37 
  61354 	   12806 	   13 	   14519 	   13 
  61999 	   13227 	   14 	   15400 	   14 
  60601 	   23096 	   23 	   18387 	   23 
  60462 	   14635 	   17 	   14399 	   17 
  64782 	   18371 	   22 	   22985 	   22 
  59103 	   16051 	   15 	   13395 	   15 
  62180 	   12720 	   16 	   14983 	   16 
  62068 	   16318 	   19 	   17714 	   19 
  57713 	   14731 	   15 	   11300 	   16 
  64847 	   19085 	   73 	   23120 	   74 
  61222 	   10802 	   17 	   10407 	   17 
  62865 	   12831 	   22 	   13772 	   22 
  61480 	   13951 	   16 	   13526 	   15 
  63325 	   19400 	   24 	   20510 	   21 
  62181 	   19731 	   25 	   18908 	   24 
  61731 	   11471 	   17 	   11951 	   17 
  62195 	   11845 	   23 	   13178 	   25 
  61769 	   11980 	   16 	   12593 	   17 
  62091 	   11544 	   24 	   11283 	   21 
  61858 	   19746 	   35 	   17489 	   37 
  61937 	   10293 	   14 	   11009 	   14 
  59609 	   17365 	   15 	   14815 	   14 
  63212 	   17105 	   24 	   18791 	   24 
  60471 	   12581 	   15 	   12656 	   15 
  62427 	   13135 	   49 	   14468 	   43 
  59663 	   12885 	   14 	   12694 	   13 
  61188 	   17409 	   18 	   16425 	   17 
  61699 	   15346 	   19 	   16744 	   19 
  60484 	    9675 	   15 	    9573 	   15 
  61061 	    8676 	   18 	    9014 	   16 
  62894 	   12650 	   54 	   13528 	   56 
  61456 	   13759 	   16 	   14005 	   15 
  61939 	   15802 	   36 	   16120 	   28 
  60738 	   10883 	   15 	   10765 	   14 
  61743 	   10812 	   15 	   12795 	   14 
  60619 	   15201 	   37 	   13647 	   38 
  61034 	   10343 	   17 	   10833 	   17 
  60937 	    9343 	   16 	    9984 	   27 
  60562 	    9026 	   34 	    9769 	   11 
  60933 	   12728 	   19 	   13196 	   20 
  63003 	   17883 	   84 	   20670 	   93 
  62661 	   12955 	   20 	   15543 	   23 
  61083 	   12914 	   14 	   12244 	   14 
  60717 	   12553 	   13 	   11864 	   13 
  61581 	   14532 	   20 	   14390 	   21 
  62194 	   14901 	   25 	   17065 	   27 
  60856 	   14267 	   13 	   14835 	   13 
  60662 	   15127 	   23 	   15597 	   23 
  59522 	   11002 	   11 	   12709 	   12 
  59970 	   11776 	   14 	   11948 	   13 
  59510 	   18041 	   24 	   14699 	   27 
  61150 	   12529 	   29 	   13810 	   25 
  59852 	   14748 	   16 	   13464 	   15 
  60218 	   13219 	   25 	   12455 	   20 
  60419 	   14272 	   25 	   14051 	   28 
  60473 	   12465 	   15 	   12818 	   18 
  60554 	   12561 	   14 	   12387 	   15 
  60555 	   14620 	   32 	   14725 	   34 
  60501 	   13022 	   16 	   14652 	   16 
  60058 	   16160 	   22 	   15813 	   24 
  59857 	   14995 	   32 	   14682 	   30 
  60202 	   13517 	   15 	   11862 	   15 
  60392 	   11907 	   15 	   12590 	   13 
  59562 	   13233 	   18 	   12825 	   18 
  60012 	   12422 	   15 	   13847 	   15 
  59685 	   14998 	   25 	   14683 	   26 
  59886 	   14529 	   28 	   14619 	   32 
  59712 	   12997 	   14 	   12997 	   17 
  60312 	   11622 	   14 	   12048 	   15 
  59792 	   15025 	   50 	   14224 	   39 
  59817 	   12949 	   21 	   12147 	   19 
  59128 	   10561 	   16 	   11486 	   11 
  59546 	   13338 	   37 	   13590 	   35 
  59770 	   13309 	   17 	   15392 	   16 
  60259 	   12945 	   43 	   12726 	   41 
  60413 	   11896 	   17 	   13903 	   17 
  61146 	    9288 	   16 	   10065 	   12 
  61800 	   15267 	   34 	   20542 	   42 
  61500 	    9542 	   18 	   12991 	   17 
  60551 	   38338 	   52 	   24661 	   51 
  61681 	   17491 	   23 	   17924 	   23 
  61708 	   12033 	   15 	   11819 	   13 
  61257 	   14759 	   19 	   14420 	   20 
  62054 	   13395 	   17 	   13259 	   18 
  62891 	   13885 	   26 	   16934 	   28 
  60675 	   12928 	   16 	   13303 	   16 
  63507 	   13329 	   20 	   16545 	   20 
  60385 	   10155 	   12 	    9433 	   12 
  62425 	   10820 	   14 	   12241 	   14 
  62959 	   14143 	   27 	   16026 	   31 
  59217 	   23357 	   40 	   17615 	   46 
  62073 	    9638 	   12 	   11947 	   13 
  60565 	   12329 	   15 	   10866 	   16 
  62709 	   13066 	   16 	   15048 	   15 
  61620 	   10514 	   13 	   11203 	   13 
  60727 	   13739 	   19 	   13170 	   20 
  62578 	   13532 	   34 	   16155 	   36 
  61204 	   11433 	   15 	   10859 	   15 
  61114 	   13118 	   23 	   12622 	   23 
  62284 	   13104 	   27 	   13403 	   24 
  61850 	   10422 	   15 	   10604 	   13 
  61400 	   11742 	   14 	   11584 	   13 
  61329 	   12960 	   20 	   12510 	   21 
  60422 	   11188 	   15 	   10244 	   15 
  61293 	    9543 	   12 	    9346 	   12 
  61984 	   14593 	   26 	   15538 	   30 
  61167 	   10287 	   13 	   10843 	   13 
  61504 	   12029 	   16 	   11444 	   14 
  61528 	   13773 	   52 	   14370 	   59 
  60915 	   10080 	   13 	    9921 	   13 
  60522 	   10556 	   17 	   10495 	   18 
  59516 	   12867 	   20 	   11635 	   21 
  60193 	   11651 	   20 	   10936 	   21 
  58154 	   15459 	   46 	   13425 	   51 
  58912 	   10919 	   12 	   10406 	   11 
  59911 	   11784 	   18 	   11726 	   17 
  55750 	   21215 	   22 	   16558 	   22 
  58089 	   14583 	   23 	   14007 	   21 
  69291 	   22249 	   42 	   35080 	   41 
  61987 	   15662 	   33 	   11503 	   30 
  62986 	   12821 	   25 	   14390 	   25 
  61989 	   11500 	   11 	   11433 	   11 
  62377 	   14051 	   25 	   14598 	   29 
  62123 	   10091 	   16 	   11293 	   17 
  61157 	   16944 	   22 	   13649 	   16 
  61359 	   11634 	   16 	   11341 	   15 
  61401 	   19435 	   45 	   16795 	   48 
  62239 	   11150 	   18 	   11169 	   16 
  62008 	   12307 	   16 	   12858 	   16 
  62798 	   15966 	   20 	   18464 	   20 
  61410 	   14309 	   15 	   13715 	   15 
  62064 	   16323 	   19 	   15758 	   21 
  60248 	   16141 	   17 	   14076 	   18 
  61407 	   13913 	   42 	   13108 	   42 
  61870 	   12637 	   23 	   12783 	   22 
  61693 	   14958 	   21 	   14570 	   19 
  62731 	   18807 	   27 	   20825 	   23 
  60767 	   16578 	   24 	   14410 	   21 
  61637 	   13701 	   19 	   14586 	   18 
  61260 	   16282 	   21 	   14288 	   21 
  63576 	   18498 	   63 	   20706 	   64 
  62638 	   13056 	   22 	   12770 	   21 
  62597 	   16338 	   19 	   16308 	   21 
  62629 	   13053 	   12 	   13318 	   12 
  62996 	   11998 	   19 	   12515 	   19 
  63473 	   13583 	   26 	   15241 	   26 
  61321 	   11926 	   14 	   12310 	   14 
  62911 	   12011 	   19 	   14756 	   19 
  61304 	    9547 	   14 	   10098 	   14 
  61529 	   10936 	   13 	   12049 	   15 
  61647 	   16571 	   37 	   15121 	   31 
  60272 	   21575 	   38 	   18582 	   46 
  63015 	   11296 	   16 	   12980 	   14 
  62192 	   10786 	   14 	   10867 	   14 
  61876 	   12084 	   12 	   12672 	   12 
  62692 	   10234 	   16 	   12046 	   15 
  61687 	   11884 	   19 	   11896 	   20 
  62670 	   11823 	   23 	   13179 	   24 
  61434 	   10886 	   15 	   10541 	   16 
  61762 	   12899 	   29 	   12906 	   26 
  61548 	   15358 	   21 	   14478 	   22 
  61300 	   10124 	   14 	    9553 	   14 
  60900 	   10266 	   12 	    9636 	   12 
  62471 	   16202 	   30 	   16622 	   35 
  61237 	   12926 	   11 	   12014 	   11 
  62291 	   12528 	   16 	   13498 	   16 
  61782 	   12968 	   19 	   13371 	   19 
  61483 	   11836 	   15 	   11446 	   15 
  61996 	   11940 	   18 	   12867 	   18 
  61819 	   13120 	   59 	   13289 	   69 
  61850 	   11891 	   16 	   11519 	   16 
  61433 	    9169 	   11 	    9707 	   11 
  59889 	   14120 	   24 	   11508 	   26 
  60445 	   12822 	   15 	   12787 	   15 
  60074 	   15381 	   30 	   12768 	   31 
  59451 	   14968 	   16 	   13573 	   12 
  61165 	   10702 	   14 	   11890 	   15 
  57270 	   21019 	   27 	   16084 	   28 
  59271 	   13635 	   18 	   12037 	   18 
  72275 	   26028 	   46 	   37778 	   49 
  61508 	   12347 	   24 	   11417 	   25 
  62631 	   13238 	   19 	   14731 	   24 
  61531 	   11474 	   11 	   10888 	   11 
  63210 	   15247 	   24 	   15799 	   20 
  62321 	   10501 	   18 	   10783 	   17 
  62211 	   15383 	   24 	   14286 	   20 
  60772 	   13225 	   19 	   10093 	   14 
  61447 	   15286 	   46 	   14780 	   49 
  61214 	   13718 	   15 	   14034 	   14 
  61798 	   14432 	   17 	   15249 	   15 
  61168 	   15036 	   40 	   13995 	   44 
  61248 	   13994 	   23 	   14259 	   21 
  61282 	   14122 	   17 	   14552 	   16 
  63728 	   14894 	   26 	   17720 	   26 
  61574 	   14384 	   19 	   15173 	   19 
  61422 	   11802 	   15 	   11855 	   15 
  60563 	   20112 	   18 	   15727 	   18 
  61923 	   19484 	   26 	   20522 	   27 
  60285 	   12476 	   14 	   12526 	   15 
  60379 	   13340 	   16 	   12545 	   16 
  60873 	   15556 	   15 	   14630 	   15 
  61632 	   16652 	   51 	   16317 	   51 
  62085 	   13250 	   20 	   13549 	   25 
  61745 	   13584 	   22 	   13827 	   21 
  61947 	   10059 	   13 	   10569 	    8 
  61250 	   12882 	   18 	   13150 	   18 
  60881 	   17176 	   24 	   15148 	   25 
  61927 	   10174 	   17 	   10818 	   18 
  62609 	   20343 	   50 	   20583 	   58 
  61007 	   12412 	   15 	   12696 	   15 
  62308 	   15898 	   17 	   14518 	   14 
  60945 	   16637 	   22 	   16597 	   25 
  61662 	   11693 	   18 	   13994 	   19 
  63622 	   15264 	   19 	   19617 	   17 
  59832 	   21913 	   29 	   16928 	   30 
  61930 	   11529 	   14 	   12280 	   11 
  61327 	   13368 	   17 	   14816 	   18 
  60338 	   19086 	   25 	   16750 	   25 
  63803 	   13533 	   21 	   19700 	   20 
  60751 	   14016 	   14 	   15544 	   14 
  57841 	   22830 	   19 	   13305 	   19 
  61549 	   12696 	   12 	   12045 	   13 
  59689 	   28279 	   61 	   18260 	   62 
  61966 	   15921 	   21 	   15747 	   21 
  61860 	   16002 	   20 	   15292 	   19 
  61990 	   17045 	   18 	   17043 	   18 
  62680 	   22260 	   30 	   19391 	   31 
  61836 	   13246 	   16 	   14451 	   16 
  62378 	   17483 	   20 	   18042 	   20 
  64844 	   24464 	   35 	   25556 	   34 
  61174 	   14677 	   17 	   13374 	   17 
  62763 	   12368 	   11 	   15326 	   11 
  66588 	   17513 	   37 	   24564 	   40 
