% num_local_points | num_send_points | num_send_procs | num_recv_points | num_recv_procs 
  60266 	   17271 	   22 	   15898 	   22 
  61114 	   15962 	   14 	   15396 	   16 
  62773 	   12086 	   14 	   13333 	   13 
  59720 	   21046 	   26 	   17492 	   26 
  58636 	   18417 	   18 	   15229 	   18 
  57285 	   20513 	   25 	   18347 	   24 
  57171 	   18929 	   17 	   15310 	   18 
  55710 	   17756 	   13 	   15413 	   15 
  55584 	   23053 	   18 	   21404 	   19 
  54132 	   20648 	   10 	   22496 	    9 
  58895 	   29420 	   25 	   30165 	   25 
  55391 	   19772 	   11 	   21231 	   11 
  59003 	   26178 	   41 	   31324 	   42 
  60556 	   15685 	   21 	   16354 	   20 
  58844 	   12946 	   17 	   13318 	   18 
  59914 	   18436 	   26 	   19137 	   26 
  59236 	   17159 	   16 	   15704 	   16 
  60057 	   17710 	   20 	   17824 	   16 
  60914 	   17827 	   26 	   18518 	   25 
  60083 	   14077 	   21 	   14325 	   21 
  58572 	   15643 	   16 	   15975 	   16 
  59538 	   16095 	   20 	   16531 	   15 
  58606 	   30408 	   36 	   23513 	   37 
  60248 	   13946 	   13 	   16291 	   13 
  60762 	   14531 	   14 	   16282 	   13 
  59442 	   23224 	   23 	   19632 	   22 
  57077 	   17426 	   16 	   16639 	   17 
  61068 	   21736 	   22 	   25783 	   23 
  58104 	   18011 	   15 	   14696 	   15 
  60496 	   13980 	   16 	   16330 	   16 
  60974 	   16987 	   19 	   18073 	   20 
  57624 	   14693 	   13 	   11411 	   14 
  64561 	   19039 	   73 	   23743 	   74 
  60379 	   11087 	   17 	   11364 	   17 
  61724 	   13049 	   21 	   13186 	   22 
  60043 	   15558 	   16 	   14165 	   15 
  61927 	   21069 	   23 	   22017 	   21 
  60355 	   22026 	   25 	   21139 	   23 
  59954 	   13702 	   17 	   13642 	   16 
  59690 	   13971 	   23 	   15394 	   25 
  58689 	   14895 	   15 	   15660 	   17 
  59648 	   14522 	   24 	   13862 	   21 
  59529 	   22678 	   34 	   21426 	   36 
  60758 	   11491 	   14 	   11993 	   14 
  58874 	   18089 	   15 	   15608 	   13 
  61558 	   18885 	   24 	   19968 	   24 
  58636 	   14149 	   15 	   15237 	   16 
  61421 	   15150 	   48 	   15367 	   42 
  59478 	   13415 	   14 	   14088 	   13 
  60454 	   18937 	   18 	   17719 	   17 
  61107 	   16190 	   19 	   17361 	   18 
  60387 	    9768 	   15 	    9488 	   15 
  61398 	    8483 	   18 	    8925 	   16 
  63070 	   12480 	   53 	   13345 	   57 
  61384 	   13924 	   16 	   13727 	   15 
  62070 	   15552 	   35 	   16343 	   28 
  60652 	   11122 	   15 	   10884 	   14 
  61654 	   10813 	   15 	   12826 	   14 
  60294 	   15558 	   37 	   14180 	   38 
  60399 	   11018 	   17 	   11465 	   17 
  60008 	   10602 	   16 	   11359 	   27 
  59319 	   10877 	   33 	   10791 	   11 
  59008 	   14152 	   19 	   13490 	   20 
  55733 	   24467 	   84 	   26590 	   92 
  48865 	   28085 	   21 	   26168 	   24 
  48943 	   23821 	   13 	   27131 	   12 
  48879 	   26986 	   15 	   23295 	   13 
  50202 	   26466 	   20 	   27858 	   22 
  48711 	   29042 	   26 	   29789 	   28 
  47205 	   27460 	   12 	   27932 	   12 
  47353 	   28648 	   23 	   27383 	   24 
  44888 	   25701 	   11 	   29419 	    9 
  44942 	   27716 	   13 	   26257 	   12 
  44630 	   32240 	   24 	   31763 	   28 
  45286 	   30132 	   30 	   30409 	   26 
  44902 	   29914 	   15 	   28753 	   14 
  45948 	   26824 	   17 	   28819 	   26 
  49512 	   27614 	   28 	   25692 	   29 
  49676 	   22497 	   14 	   23759 	   17 
  48283 	   24694 	   16 	   26181 	   15 
  47196 	   28009 	   33 	   26762 	   35 
  46465 	   26921 	   15 	   27676 	   15 
  44776 	   29535 	   22 	   28339 	   23 
  46520 	   28716 	   32 	   31318 	   29 
  48823 	   23241 	   14 	   21438 	   14 
  47735 	   24643 	   19 	   24087 	   12 
  48218 	   25347 	   21 	   25490 	   19 
  49233 	   22975 	   13 	   22983 	   16 
  48419 	   22628 	   13 	   26587 	   27 
  47345 	   29106 	   29 	   27423 	   34 
  47421 	   24379 	   14 	   26095 	   13 
  48202 	   24755 	   18 	   25390 	   16 
  45768 	   30181 	   50 	   27537 	   39 
  46088 	   25477 	   21 	   23392 	   18 
  47447 	   22647 	   16 	   26296 	   11 
  50263 	   23066 	   37 	   23671 	   35 
  52289 	   21271 	   17 	   25914 	   15 
  54576 	   18232 	   43 	   17866 	   42 
  56947 	   16088 	   17 	   19395 	   17 
  58604 	   11883 	   15 	   12928 	   13 
  57167 	   21601 	   34 	   26205 	   42 
  50152 	   19769 	   18 	   23763 	   18 
  48354 	   52627 	   52 	   38970 	   52 
  58235 	   22443 	   25 	   23365 	   24 
  60356 	   13345 	   15 	   13037 	   14 
  58859 	   17359 	   19 	   15837 	   17 
  58843 	   13665 	   13 	   16015 	   19 
  59948 	   18109 	   29 	   19454 	   28 
  59802 	   13840 	   16 	   13962 	   16 
  61900 	   14907 	   20 	   16972 	   18 
  60492 	    9816 	   11 	    9403 	   12 
  61426 	   11628 	   13 	   12456 	   13 
  61372 	   15571 	   27 	   16280 	   31 
  55496 	   26633 	   41 	   22300 	   45 
  58680 	   12869 	   11 	   16504 	   12 
  56290 	   17355 	   14 	   14512 	   15 
  56754 	   18744 	   15 	   21785 	   15 
  58477 	   13507 	   12 	   13691 	   11 
  54527 	   19822 	   19 	   18811 	   19 
  59393 	   16543 	   33 	   18012 	   32 
  61685 	   10850 	   15 	   10960 	   16 
  61807 	   12969 	   23 	   13182 	   24 
  60755 	   14103 	   27 	   13572 	   24 
  59968 	   11531 	   13 	   11811 	   15 
  58805 	   15383 	   17 	   14080 	   13 
  59142 	   15074 	   20 	   15008 	   20 
  60514 	   11100 	   15 	   10362 	   13 
  61174 	    9614 	   12 	    9120 	   12 
  60700 	   15750 	   26 	   16639 	   29 
  58182 	   13262 	   13 	   13444 	   12 
  58481 	   14843 	   16 	   14421 	   13 
  56979 	   18370 	   53 	   18598 	   58 
  56685 	   14138 	   13 	   14122 	   13 
  56603 	   14663 	   16 	   14982 	   17 
  52015 	   20519 	   20 	   18909 	   20 
  52861 	   18761 	   19 	   18067 	   21 
  51247 	   18239 	   15 	   18168 	   52 
  51203 	   19459 	   43 	   16763 	   11 
  51969 	   19437 	   18 	   19724 	   15 
  48512 	   27142 	   22 	   24404 	   22 
  48787 	   23235 	   23 	   23347 	   20 
  59861 	   25987 	   42 	   38328 	   41 
  58585 	   22342 	   34 	   15313 	   30 
  60060 	   15675 	   26 	   17844 	   24 
  56895 	   15442 	   10 	   14687 	   11 
  54514 	   21677 	   25 	   21285 	   28 
  56851 	   14699 	   15 	   17869 	   17 
  54187 	   25820 	   22 	   21589 	   16 
  55730 	   16061 	   13 	   15399 	   13 
  56656 	   23574 	   46 	   22490 	   46 
  60200 	   13010 	   16 	   14158 	   16 
  58908 	   15360 	   16 	   15895 	   16 
  57992 	   21072 	   19 	   21965 	   19 
  54799 	   19876 	   14 	   19731 	   15 
  54679 	   22533 	   18 	   23358 	   23 
  53291 	   23780 	   16 	   20065 	   19 
  58602 	   17427 	   42 	   17087 	   42 
  60580 	   14759 	   23 	   14736 	   22 
  61528 	   15459 	   21 	   15659 	   19 
  58194 	   22645 	   27 	   23416 	   24 
  57840 	   19019 	   24 	   17071 	   21 
  60867 	   14667 	   19 	   15458 	   18 
  58334 	   20272 	   21 	   16821 	   21 
  59700 	   22115 	   63 	   26821 	   65 
  54654 	   19475 	   23 	   19676 	   20 
  54625 	   23835 	   20 	   22828 	   20 
  54913 	   19276 	   12 	   19663 	   10 
  54526 	   18974 	   19 	   19562 	   19 
  53762 	   21915 	   26 	   23762 	   25 
  52292 	   20304 	   14 	   20062 	   15 
  52095 	   22121 	   18 	   23848 	   19 
  51679 	   20318 	   15 	   19374 	   14 
  51857 	   19274 	   11 	   21996 	   14 
  50345 	   27166 	   36 	   25798 	   30 
  50717 	   31121 	   38 	   26953 	   46 
  53660 	   20713 	   13 	   23964 	   14 
  53296 	   19429 	   14 	   19661 	   15 
  51292 	   21662 	   11 	   23763 	   12 
  50976 	   23095 	   17 	   22027 	   14 
  49730 	   23418 	   17 	   25422 	   17 
  50851 	   22646 	   22 	   22782 	   19 
  51413 	   21453 	   16 	   20313 	   15 
  52011 	   24230 	   30 	   24617 	   25 
  51963 	   23683 	   20 	   21978 	   23 
  54786 	   17482 	   14 	   16140 	   13 
  54740 	   16303 	   11 	   16822 	   11 
  53395 	   26542 	   33 	   26579 	   35 
  51042 	   23438 	   14 	   21810 	   12 
  51543 	   21660 	   14 	   23375 	   15 
  52351 	   21107 	   19 	   21802 	   22 
  52818 	   20848 	   15 	   19087 	   16 
  52959 	   20482 	   16 	   22015 	   18 
  51238 	   23797 	   60 	   24550 	   69 
  49248 	   24485 	   15 	   22637 	   16 
  51907 	   17706 	   10 	   20867 	   11 
  48572 	   24623 	   24 	   20918 	   24 
  50413 	   23337 	   17 	   21485 	   15 
  51519 	   22316 	   27 	   21889 	   31 
  53579 	   20533 	   14 	   18854 	   12 
  55537 	   15663 	   14 	   17159 	   15 
  52923 	   22976 	   27 	   20449 	   26 
  57517 	   15628 	   18 	   14257 	   17 
  67449 	   28951 	   46 	   36752 	   44 
  55964 	   18768 	   23 	   18346 	   24 
  56042 	   19964 	   21 	   20583 	   23 
  54450 	   19797 	   17 	   18178 	    9 
  55487 	   21272 	   19 	   22284 	   15 
  58052 	   14908 	   18 	   15941 	   17 
  52948 	   24466 	   22 	   23042 	   21 
  51620 	   27413 	   46 	   19667 	   11 
  49243 	   22590 	   17 	   30160 	   49 
  51457 	   23222 	   13 	   22482 	   15 
  49568 	   25492 	   15 	   27204 	   16 
  53628 	   22567 	   40 	   21731 	   46 
  54191 	   22611 	   23 	   22989 	   23 
  54542 	   19844 	   17 	   22123 	   17 
  55236 	   22270 	   25 	   23081 	   26 
  52596 	   23795 	   17 	   23472 	   18 
  52217 	   19305 	   14 	   19359 	   13 
  48023 	   27946 	   15 	   25472 	   17 
  50990 	   27080 	   26 	   25217 	   26 
  51444 	   19041 	   12 	   21923 	   15 
  50396 	   21769 	   20 	   19244 	   15 
  46973 	   24572 	   17 	   25789 	   15 
  49668 	   29192 	   56 	   26809 	   51 
  51539 	   24327 	   21 	   24560 	   25 
  48210 	   24817 	   17 	   26969 	   20 
  48975 	   27210 	   18 	   25321 	   10 
  46479 	   25515 	   14 	   27655 	   19 
  48930 	   29130 	   21 	   26446 	   25 
  52970 	   20068 	   15 	   19874 	   17 
  52847 	   29705 	   51 	   30036 	   58 
  54260 	   18805 	   16 	   15958 	   14 
  53919 	   18829 	   15 	   21794 	   14 
  50322 	   26981 	   22 	   24498 	   25 
  55203 	   17004 	   19 	   20372 	   19 
  51003 	   27825 	   19 	   29503 	   17 
  49426 	   32703 	   27 	   29074 	   30 
  51154 	   24816 	   17 	   25951 	   11 
  45598 	   27613 	   15 	   29760 	   17 
  48753 	   33097 	   25 	   29003 	   24 
  49590 	   29368 	   21 	   36073 	   20 
  47504 	   28642 	   16 	   27540 	   14 
  45901 	   31305 	   15 	   23693 	   18 
  53548 	   21004 	   12 	   17188 	   12 
  55414 	   31861 	   61 	   22729 	   63 
  60810 	   17357 	   21 	   17014 	   21 
  61425 	   16477 	   20 	   16519 	   18 
  61152 	   17441 	   18 	   17927 	   18 
  60858 	   24132 	   30 	   21460 	   32 
  59827 	   15262 	   15 	   16996 	   16 
  59815 	   20018 	   20 	   21800 	   19 
  60245 	   28671 	   34 	   28052 	   35 
  58490 	   19397 	   16 	   17338 	   15 
  60263 	   14929 	   10 	   19581 	   11 
  62617 	   18966 	   37 	   23980 	   39 
