% num_local_points | num_send_points | num_send_procs | num_recv_points | num_recv_procs 
 121763 	   21616 	   16 	   20864 	   15 
 123058 	   27886 	   20 	   25101 	   19 
 118976 	   29461 	   18 	   24643 	   17 
 117160 	   23686 	   11 	   18627 	   12 
 116208 	   25768 	   12 	   25759 	   13 
 118974 	   36067 	   19 	   38520 	   19 
 120318 	   33679 	   29 	   37960 	   29 
 121314 	   23284 	   21 	   23739 	   21 
 122038 	   22255 	   15 	   21043 	   14 
 122563 	   27149 	   22 	   27810 	   22 
 120242 	   20958 	   18 	   22028 	   16 
 119231 	   37259 	   25 	   32188 	   25 
 120697 	   28817 	   16 	   26977 	   16 
 121809 	   23709 	   16 	   27135 	   17 
 120203 	   21275 	   12 	   20981 	   12 
 118816 	   25976 	   15 	   23637 	   16 
 125234 	   25815 	   50 	   29272 	   50 
 122201 	   22175 	   15 	   21010 	   15 
 123473 	   30698 	   20 	   30478 	   21 
 121298 	   21394 	   18 	   22186 	   18 
 120866 	   20315 	   19 	   20990 	   17 
 121247 	   24890 	   25 	   24314 	   25 
 121034 	   18907 	   17 	   17972 	   17 
 120433 	   18813 	   35 	   19815 	   30 
 120594 	   18162 	   14 	   17222 	   13 
 121773 	   20326 	   16 	   21078 	   16 
 124468 	   18778 	   37 	   19801 	   40 
 123573 	   17300 	   26 	   18633 	   19 
 122477 	   16075 	   15 	   18363 	   15 
 121433 	   19024 	   32 	   17175 	   27 
 120833 	   17665 	   26 	   18808 	   21 
 116723 	   29590 	   63 	   30307 	   67 
 112194 	   30704 	   18 	   30001 	   18 
 111889 	   30652 	   16 	   30435 	   16 
 109972 	   33685 	   18 	   34724 	   19 
 107785 	   30240 	   16 	   31954 	   16 
 107139 	   35805 	   21 	   35997 	   22 
 106890 	   32537 	   24 	   31955 	   17 
 109120 	   37274 	   25 	   35718 	   25 
 110852 	   26598 	   12 	   30385 	   14 
 108388 	   34230 	   29 	   33552 	   28 
 108823 	   33592 	   24 	   33612 	   21 
 108180 	   30822 	   14 	   30308 	   13 
 109795 	   29933 	   17 	   30134 	   14 
 110275 	   30817 	   21 	   31106 	   24 
 109589 	   28284 	   13 	   32385 	   15 
 106960 	   34842 	   39 	   30196 	   27 
 108465 	   30857 	   34 	   35133 	   29 
 112943 	   27524 	   36 	   31901 	   33 
 118198 	   18279 	   13 	   22785 	   13 
 117750 	   24434 	   29 	   33367 	   34 
 112600 	   64381 	   43 	   51406 	   44 
 120770 	   22928 	   18 	   21626 	   17 
 122433 	   22064 	   17 	   24826 	   19 
 123806 	   16762 	   15 	   19054 	   14 
 122462 	   12981 	   10 	   13400 	   11 
 118259 	   29302 	   29 	   25110 	   34 
 117160 	   20092 	   10 	   22162 	   13 
 117501 	   24922 	   14 	   27779 	   14 
 118760 	   21820 	   24 	   22661 	   24 
 123799 	   14830 	   17 	   15879 	   18 
 122320 	   18167 	   21 	   17251 	   18 
 119879 	   21491 	   16 	   20552 	   12 
 122320 	   13312 	   11 	   12390 	   10 
 120622 	   20515 	   19 	   20863 	   22 
 118260 	   22870 	   41 	   23120 	   46 
 116842 	   18532 	   13 	   19230 	   11 
 112406 	   24453 	   16 	   22175 	   16 
 108945 	   30030 	   36 	   27531 	   43 
 108355 	   32290 	   19 	   30151 	   19 
 120112 	   29093 	   28 	   41040 	   29 
 122391 	   25614 	   29 	   19971 	   26 
 117709 	   24033 	   19 	   22773 	   23 
 117139 	   25783 	   16 	   25639 	   17 
 117598 	   26987 	   31 	   24084 	   34 
 120033 	   20965 	   12 	   23508 	   12 
 116277 	   27214 	   13 	   27933 	   12 
 114072 	   27780 	   13 	   24608 	   15 
 120628 	   21069 	   32 	   20948 	   33 
 119997 	   25388 	   24 	   26317 	   22 
 119193 	   25108 	   18 	   24576 	   15 
 120052 	   35486 	   44 	   35266 	   43 
 117194 	   22704 	   18 	   22830 	   18 
 117442 	   20616 	   13 	   21400 	   13 
 115129 	   25757 	   17 	   27465 	   17 
 113834 	   25416 	   14 	   26543 	   12 
 113990 	   30788 	   25 	   31488 	   21 
 111859 	   34042 	   26 	   33013 	   31 
 111883 	   28400 	   10 	   30506 	   11 
 109087 	   28556 	   14 	   29696 	   12 
 112379 	   27821 	   22 	   26883 	   19 
 113896 	   29164 	   23 	   27808 	   18 
 116212 	   19407 	   11 	   18665 	   10 
 114588 	   32119 	   24 	   30727 	   27 
 114090 	   25803 	   16 	   27879 	   17 
 113456 	   23984 	   14 	   24233 	   16 
 111664 	   30563 	   45 	   28871 	   50 
 108067 	   33509 	   18 	   33218 	   18 
 109463 	   31334 	   21 	   29606 	   21 
 114150 	   20579 	   12 	   20507 	   11 
 112046 	   29053 	   20 	   25916 	   20 
 129195 	   36798 	   38 	   42329 	   37 
 117962 	   21162 	   18 	   20815 	   21 
 117721 	   24256 	   17 	   26311 	   17 
 113057 	   34512 	   35 	   25738 	   15 
 111862 	   27677 	   14 	   33756 	   37 
 111398 	   33423 	   34 	   34161 	   38 
 116101 	   24247 	   18 	   27232 	   18 
 113704 	   30816 	   18 	   31405 	   19 
 109550 	   33538 	   13 	   29876 	   13 
 109766 	   30278 	   19 	   31344 	   19 
 109629 	   32510 	   15 	   30694 	   14 
 112862 	   33436 	   43 	   31393 	   45 
 111868 	   29953 	   17 	   29682 	   15 
 110789 	   31220 	   17 	   30620 	   20 
 114909 	   30936 	   37 	   30828 	   44 
 114466 	   27878 	   13 	   28823 	   13 
 111728 	   31189 	   16 	   31447 	   19 
 111648 	   35797 	   21 	   33718 	   18 
 110445 	   33985 	   13 	   38241 	   11 
 109108 	   44888 	   17 	   46680 	   17 
 107947 	   37505 	   14 	   29426 	   15 
 115835 	   36545 	   40 	   23969 	   42 
 122257 	   24101 	   15 	   23769 	   15 
 122966 	   28658 	   20 	   26272 	   21 
 121212 	   25897 	   13 	   30145 	   13 
 120363 	   38584 	   21 	   35988 	   21 
 125143 	   25651 	   23 	   35369 	   25 
