% num_local_points | num_send_points | num_send_procs | num_recv_points | num_recv_procs 
 247461 	   52474 	   53 	   41120 	   53 
 248111 	   35626 	   16 	   31630 	   16 
 251258 	   39109 	   17 	   36857 	   17 
 252028 	   29910 	   19 	   35513 	   17 
 251214 	   48780 	   36 	   43922 	   36 
 249761 	   29542 	   16 	   29005 	   16 
 250616 	   41414 	   18 	   38648 	   16 
 251652 	   29736 	   19 	   34954 	   19 
 251479 	   43352 	   24 	   39864 	   24 
 250895 	   39337 	   19 	   38923 	   19 
 251207 	   35133 	   16 	   37821 	   15 
 251237 	   34473 	   18 	   36989 	   19 
 247477 	   55912 	   58 	   40940 	   58 
 245999 	   37512 	   19 	   32017 	   19 
 243275 	   36098 	   18 	   27363 	   18 
 246602 	   32203 	   16 	   31849 	   15 
 246767 	   63831 	   37 	   57117 	   37 
 241578 	   40366 	   18 	   29695 	   18 
 245050 	   31700 	   13 	   32581 	   13 
 252717 	   37083 	   23 	   48336 	   23 
 241689 	   35673 	   20 	   22681 	   20 
 248098 	   30534 	   16 	   32093 	   16 
 246990 	   52616 	   43 	   45034 	   43 
 246871 	   32697 	   16 	   32162 	   16 
 246131 	   36012 	   18 	   30086 	   18 
 242779 	   42801 	   15 	   31838 	   15 
 252196 	   28374 	   29 	   36622 	   29 
 242754 	   30472 	   29 	   21043 	   28 
 243481 	   29791 	   16 	   24943 	   16 
 245877 	   26386 	   17 	   29083 	   16 
 245458 	   33536 	   20 	   27878 	   20 
 243870 	   36146 	   19 	   30075 	   18 
 247978 	   36836 	   29 	   34061 	   29 
 245444 	   39030 	   16 	   29416 	   17 
 247790 	   28155 	   14 	   29759 	   14 
 246064 	   53410 	   20 	   47462 	   20 
 247712 	   29974 	   15 	   34550 	   15 
 245998 	   34174 	   15 	   29361 	   15 
 250696 	   36064 	   23 	   44329 	   23 
 246455 	   34294 	   15 	   30998 	   15 
 257309 	   40635 	   29 	   59009 	   29 
 250008 	   32734 	   34 	   32800 	   33 
 254698 	   38888 	   27 	   50192 	   26 
 244345 	   50743 	   45 	   45263 	   45 
 250471 	   25211 	   14 	   35238 	   14 
 248405 	   26943 	   14 	   31030 	   14 
 247569 	   38878 	   24 	   38115 	   24 
 245438 	   30491 	   13 	   27032 	   13 
 248213 	   28505 	   14 	   30840 	   14 
 249232 	   25400 	   15 	   25440 	   15 
 262184 	   35603 	   53 	   61735 	   53 
 248012 	   46419 	   60 	   38682 	   59 
 248240 	   43883 	   29 	   41185 	   28 
 247210 	   31617 	   18 	   28812 	   18 
 248386 	   34276 	   16 	   37051 	   15 
 247204 	   48503 	   34 	   47384 	   35 
 244964 	   32034 	   16 	   30390 	   17 
 247382 	   33966 	   19 	   35186 	   18 
 248126 	   45545 	   28 	   44993 	   28 
 247370 	   24662 	   15 	   25399 	   14 
 248525 	   30098 	   18 	   30705 	   18 
 250925 	   46128 	   44 	   46458 	   45 
 249432 	   24570 	   14 	   24396 	   14 
 248342 	   24639 	   12 	   26999 	   12 
 248575 	   29268 	   14 	   29781 	   14 
 247571 	   37213 	   28 	   32945 	   28 
 248908 	   38360 	   17 	   36698 	   17 
 249894 	   36235 	   16 	   37371 	   16 
 250115 	   38718 	   18 	   37073 	   18 
 251886 	   34402 	   20 	   39466 	   17 
 251126 	   35186 	   34 	   37639 	   29 
 248449 	   23231 	   20 	   22606 	   20 
 249272 	   24890 	   14 	   26417 	   13 
 249134 	   31110 	   25 	   33842 	   24 
 251021 	   24663 	   34 	   25229 	   32 
 250061 	   34853 	   32 	   36673 	   32 
 249480 	   42135 	   42 	   43931 	   43 
 247131 	   29220 	   16 	   29672 	   15 
 246204 	   27025 	   17 	   28947 	   15 
 246847 	   28823 	   17 	   28614 	   16 
 249128 	   31188 	   20 	   34560 	   18 
 247135 	   22538 	   15 	   20375 	   15 
 245769 	   21888 	   22 	   21925 	   22 
 246797 	   22450 	   15 	   22082 	   15 
 246218 	   23972 	   12 	   24294 	   12 
 247625 	   38617 	   31 	   38396 	   25 
 248485 	   26116 	   14 	   26486 	   15 
 247216 	   24449 	   13 	   25066 	   14 
 249100 	   26687 	   20 	   24266 	   20 
 246496 	   59301 	   78 	   45114 	   82 
 237353 	   36245 	   15 	   25930 	   15 
 242245 	   32012 	   22 	   25914 	   22 
 244066 	   32312 	   12 	   26648 	   12 
 249871 	   30584 	   17 	   31052 	   17 
 251854 	   48233 	   23 	   52404 	   23 
 246263 	   31733 	   17 	   34225 	   17 
 248143 	   28532 	   14 	   29142 	   14 
 248529 	   37098 	   33 	   41228 	   33 
 246318 	   30977 	   14 	   29516 	   14 
 247515 	   26764 	   14 	   30346 	   14 
 253968 	   47460 	   43 	   59943 	   43 
 238178 	   33764 	   27 	   20886 	   26 
 241858 	   22137 	   15 	   23255 	   15 
 240430 	   35207 	   17 	   24985 	   16 
 237552 	   42407 	   25 	   24791 	   25 
 246352 	   27436 	   15 	   32844 	   15 
 249918 	   25598 	   16 	   36802 	   16 
 248350 	   27721 	   24 	   31728 	   24 
 244631 	   27948 	   14 	   25614 	   14 
 249484 	   24457 	   21 	   28533 	   21 
 258580 	   29651 	   36 	   49912 	   36 
 244018 	   42896 	   45 	   39080 	   45 
 241775 	   22177 	   16 	   22945 	   16 
 241080 	   25356 	   21 	   21557 	   21 
 241228 	   27889 	   18 	   21430 	   18 
 243795 	   27671 	   24 	   24704 	   24 
 245774 	   28743 	   16 	   32053 	   15 
 249309 	   39068 	   31 	   43154 	   31 
 246561 	   27267 	   10 	   29283 	   10 
 246685 	   29531 	   16 	   26902 	   17 
 251792 	   39797 	   30 	   47915 	   32 
 247018 	   28580 	   35 	   32926 	   36 
 241378 	   19192 	   16 	   19413 	   16 
 241798 	   15634 	   12 	   16216 	   12 
 241793 	   21983 	   16 	   18177 	   16 
 239797 	   25430 	   11 	   18390 	   13 
 241313 	   25729 	   20 	   21675 	   20 
 240925 	   25777 	   13 	   20195 	   13 
 237977 	   39827 	   18 	   26945 	   18 
 260284 	   59204 	   50 	   83914 	   49 
 248755 	   22803 	   16 	   31975 	   17 
 247635 	   32738 	  124 	   30955 	  126 
 247762 	   29072 	   18 	   26971 	   19 
 247662 	   44227 	   30 	   38517 	   29 
 247680 	   40935 	   20 	   41060 	   20 
 248706 	   24261 	   35 	   25254 	   13 
 250538 	   25906 	   20 	   29715 	   35 
 250335 	   35310 	   28 	   35039 	   29 
 248929 	   23953 	   18 	   24858 	   19 
 248444 	   24832 	   14 	   27643 	   14 
 247673 	   42540 	   32 	   37915 	   31 
 250735 	   33170 	   19 	   31416 	   20 
 250089 	   25803 	   16 	   25096 	   17 
 249983 	   23876 	   11 	   25737 	   11 
 253912 	   36929 	   34 	   42535 	   29 
 250999 	   25700 	   15 	   27073 	   14 
 250215 	   42299 	   35 	   39505 	   35 
 249217 	   31488 	   11 	   31504 	   12 
 248491 	   36590 	   18 	   38186 	   17 
 248166 	   30029 	   15 	   30479 	   15 
 250149 	   60231 	   56 	   59327 	   53 
 244597 	   27615 	   17 	   25600 	   17 
 246383 	   38067 	   20 	   38714 	   19 
 247771 	   29377 	   27 	   29975 	   28 
 246030 	   29348 	   14 	   27345 	   15 
 248599 	   32328 	   19 	   32867 	   20 
 248881 	   33975 	   41 	   36377 	   42 
 246537 	   24436 	   17 	   26983 	   16 
 245429 	   30819 	   23 	   29073 	   19 
 247347 	   26779 	   29 	   29209 	   29 
 248295 	   25994 	   16 	   29593 	   15 
 248810 	   29550 	   19 	   29581 	   19 
 245765 	   34878 	   25 	   32171 	   24 
 246370 	   31424 	   14 	   32279 	   14 
 245707 	   33099 	   16 	   32666 	   14 
 246796 	   26657 	   14 	   27832 	   13 
 248341 	   30957 	   47 	   28385 	   42 
 247945 	   28480 	   20 	   29256 	   18 
 249132 	   27326 	   15 	   28648 	   15 
 249175 	   43241 	   31 	   41816 	   32 
 243931 	   51445 	   53 	   36723 	   56 
 252662 	   33489 	   21 	   40684 	   19 
 245031 	   24149 	   15 	   22381 	   15 
 249741 	   35225 	   22 	   36396 	   22 
 246818 	   30826 	   22 	   31537 	   22 
 248415 	   23169 	   14 	   27705 	   13 
 238142 	   46376 	   30 	   32760 	   29 
 242017 	   25421 	   22 	   22217 	   23 
 246783 	   21285 	   12 	   21281 	   14 
 246698 	   28796 	   20 	   30183 	   18 
 247193 	   26045 	   22 	   29315 	   21 
 249408 	   61516 	   39 	   59688 	   39 
 245920 	   22809 	   21 	   22727 	   21 
 250088 	   20430 	   12 	   32408 	   11 
 246515 	   24432 	   20 	   23125 	   20 
 249536 	   25681 	   22 	   30162 	   23 
 246331 	   22967 	   20 	   22565 	   20 
 240853 	   19794 	   10 	   17853 	   11 
 242704 	   17834 	   14 	   17323 	   14 
 238281 	   36386 	   18 	   23518 	   18 
 249937 	   43358 	   26 	   48705 	   26 
 249190 	   43650 	   91 	   47608 	   84 
 240941 	   18502 	   13 	   17706 	   12 
 241691 	   22074 	   13 	   21385 	   13 
 243666 	   23844 	   21 	   23281 	   21 
 246725 	   28198 	   22 	   32206 	   19 
 248180 	   36996 	   35 	   40767 	   34 
 241317 	   26666 	   17 	   20326 	   18 
 244808 	   29152 	   22 	   25370 	   22 
 246561 	   27322 	   22 	   26911 	   20 
 248288 	   25034 	   23 	   26166 	   22 
 250882 	   25395 	   25 	   34311 	   21 
 242570 	   22580 	   37 	   25006 	   35 
 241441 	   19465 	   16 	   19385 	   16 
 241942 	   20219 	   13 	   19853 	   13 
 240203 	   27088 	   14 	   20665 	   14 
 248875 	   23553 	   30 	   32209 	   29 
 242767 	   18084 	   22 	   17056 	   23 
 240375 	   25746 	   13 	   20933 	   13 
 238380 	   49543 	   30 	   30341 	   25 
 255843 	   38820 	   33 	   60517 	   30 
 246389 	   17069 	   13 	   19290 	   14 
 251232 	   30086 	   88 	   32380 	   89 
 249143 	   35366 	   18 	   35275 	   17 
 248316 	   30621 	   15 	   32194 	   15 
 249807 	   29941 	   24 	   28590 	   23 
 247360 	   25299 	   19 	   26568 	   18 
 246751 	   30115 	   25 	   29962 	   26 
 247920 	   22685 	   20 	   24031 	   17 
 247533 	   23027 	   24 	   22598 	   21 
 247712 	   31364 	   20 	   38700 	   19 
 246342 	   21354 	   15 	   28121 	   15 
 241672 	   33862 	   22 	   28837 	   17 
 250481 	   51279 	   65 	   49700 	   58 
 245010 	   24487 	   17 	   23764 	   15 
 242464 	   37075 	   23 	   31996 	   26 
 248512 	   18584 	   18 	   21064 	   16 
 246551 	   28551 	   21 	   26539 	   22 
 245915 	   25071 	   20 	   26241 	   21 
 243724 	   18945 	   14 	   22589 	   14 
 243992 	   28204 	   25 	   24458 	   25 
 248271 	   17873 	   15 	   26417 	   15 
 245252 	   36322 	   20 	   34709 	   19 
 247288 	   47302 	   71 	   46114 	   72 
 243538 	   27449 	   20 	   23914 	   20 
 244316 	   21167 	   16 	   19365 	   20 
 242765 	   24119 	   19 	   25219 	   27 
 243661 	   19119 	   13 	   22629 	   16 
 245623 	   31773 	   33 	   27313 	   32 
 246532 	   20706 	   18 	   21082 	   17 
 247868 	   19673 	   17 	   19721 	   16 
 249069 	   27784 	   19 	   34001 	   20 
 246764 	   35874 	   23 	   37395 	   21 
 241481 	   31606 	   59 	   23539 	   53 
 241121 	   14754 	   12 	   15377 	   14 
 241413 	   16372 	   13 	   16352 	   13 
 242809 	   21268 	   23 	   21768 	   23 
 246732 	   20661 	   15 	   27370 	   15 
 241428 	   34824 	   27 	   27376 	   30 
 242659 	   18605 	   12 	   18748 	   12 
 246117 	   17499 	   20 	   19989 	   23 
 248081 	   26592 	   19 	   35021 	   23 
 241299 	   35220 	   22 	   22962 	   25 
 250527 	   27154 	  114 	   33886 	  134 
 253301 	   28622 	   45 	   37095 	   54 
 250254 	   23999 	   36 	   31303 	   40 
 251788 	   27415 	   20 	   38852 	   21 
 246259 	   29764 	   14 	   29410 	   15 
 245009 	   31175 	   22 	   31373 	   22 
 246680 	   29710 	   17 	   29396 	   20 
 244933 	   41536 	   23 	   38813 	   23 
 246609 	   32549 	   16 	   35266 	   15 
 245088 	   33723 	   17 	   33192 	   14 
 245185 	   33701 	   20 	   33583 	   19 
 244510 	   29705 	   14 	   29260 	   14 
 240972 	   39682 	   24 	   29725 	   25 
 247379 	   28704 	   21 	   31507 	   20 
 247590 	   29169 	   15 	   33220 	   15 
 244811 	   28727 	   13 	   27920 	   14 
 243734 	   34029 	   28 	   33324 	   27 
 245196 	   43809 	   37 	   45510 	   43 
 243538 	   33175 	   12 	   33343 	   12 
 242200 	   31864 	   16 	   30761 	   16 
 246837 	   36006 	   45 	   44659 	   53 
 239648 	   37609 	   19 	   37208 	   19 
 240894 	   31365 	   20 	   29788 	   19 
 243277 	   33859 	   20 	   37572 	   18 
 241396 	   37467 	   23 	   39313 	   21 
 239277 	   36947 	   12 	   38660 	   15 
 236293 	   30959 	   13 	   30958 	   19 
 239657 	   39369 	   22 	   35447 	   21 
 239234 	   34389 	   14 	   36472 	   14 
 238320 	   36782 	   46 	   37881 	   51 
 236065 	   30259 	   12 	   30290 	   12 
 236564 	   28018 	   13 	   28832 	   13 
 237548 	   36196 	   21 	   37311 	   21 
 236166 	   34416 	   13 	   35030 	   15 
 236335 	   35096 	   17 	   35836 	   17 
 235919 	   29337 	   10 	   30699 	   11 
 236745 	   33463 	   13 	   33270 	   13 
 237275 	   38238 	   21 	   38476 	   20 
 237193 	   32200 	   11 	   32378 	   10 
 237506 	   38241 	   49 	   36897 	   55 
 240005 	   30752 	   14 	   31519 	   14 
 237584 	   33990 	   12 	   32440 	   12 
 236996 	   46862 	   32 	   40403 	   34 
 241583 	   48683 	   52 	   48547 	   53 
 240224 	   29045 	   14 	   29476 	   12 
 241208 	   36476 	   23 	   39879 	   25 
 238054 	   36233 	   17 	   34030 	   18 
 237573 	   29300 	   13 	   30385 	   13 
 239089 	   33064 	   26 	   30927 	   27 
 239033 	   31990 	   17 	   31296 	   17 
 240824 	   31153 	   22 	   32191 	   25 
 238350 	   36743 	   19 	   33887 	   18 
 238508 	   31747 	   28 	   32038 	   25 
 237639 	   32504 	   17 	   31526 	   17 
 236307 	   37246 	   43 	   37609 	   32 
 239236 	   36608 	   35 	   35617 	   38 
 239089 	   34833 	   41 	   35669 	   48 
 238077 	   33251 	   18 	   32938 	   16 
 237344 	   31139 	   14 	   31168 	   13 
 238063 	   34232 	   20 	   34493 	   28 
 239042 	   36158 	   16 	   36936 	   16 
 239269 	   34029 	   17 	   32431 	   13 
 237837 	   39537 	   31 	   37691 	   34 
 237154 	   30414 	   13 	   28709 	   17 
 236721 	   27901 	   17 	   28831 	   16 
 239670 	   36086 	   25 	   37301 	   24 
 239744 	   36331 	   25 	   37031 	   24 
 237118 	   31223 	   17 	   29398 	   19 
 240861 	   35297 	   58 	   37400 	   65 
 238829 	   33377 	   14 	   32714 	   14 
 239142 	   30327 	   14 	   33511 	   13 
 239913 	   35781 	   18 	   40957 	   18 
 237442 	   37514 	   27 	   36571 	   27 
 236363 	   33793 	   15 	   32794 	   18 
 235228 	   29614 	   11 	   31086 	   12 
 236951 	   36213 	   18 	   35002 	   19 
 237225 	   33120 	   17 	   34457 	   16 
 236919 	   40754 	   40 	   39390 	   46 
 239705 	   32546 	   12 	   35695 	   15 
 237033 	   41106 	   18 	   34581 	   14 
 236638 	   39900 	   38 	   36207 	   49 
 242243 	   36917 	   39 	   39710 	   42 
 239781 	   34762 	   18 	   34394 	   19 
 239321 	   32106 	   14 	   31727 	   13 
 239302 	   37034 	   15 	   34894 	   11 
 240265 	   33925 	   23 	   35285 	   23 
 239685 	   35920 	   24 	   35512 	   21 
 238414 	   37193 	   15 	   38164 	   15 
 236957 	   31758 	   12 	   31277 	   13 
 237826 	   36269 	   24 	   35342 	   25 
 238427 	   37400 	   25 	   37314 	   20 
 237471 	   30975 	   18 	   31874 	   18 
 234935 	   35910 	   37 	   34904 	   35 
 233830 	   34158 	   17 	   33984 	   18 
 234120 	   32451 	   19 	   32884 	   20 
 235341 	   29851 	   15 	   30902 	   14 
 235679 	   32001 	   14 	   34876 	   12 
 234476 	   37654 	   27 	   36637 	   27 
 234481 	   32486 	   19 	   32874 	   14 
 236260 	   29529 	   13 	   33213 	   17 
 234683 	   40549 	   18 	   37244 	   13 
 235410 	   34477 	   16 	   35165 	   14 
 234869 	   48111 	   47 	   48615 	   59 
 237090 	   35985 	   44 	   35077 	   30 
 236188 	   34737 	   37 	   34687 	   43 
 234763 	   34500 	   14 	   34145 	   13 
 235544 	   32585 	   14 	   33382 	   12 
 236003 	   35785 	   24 	   40604 	   26 
 234651 	   34061 	   22 	   27507 	   18 
 235053 	   31917 	   20 	   33791 	   20 
 235809 	   37476 	   23 	   36261 	   25 
 235906 	   35368 	   12 	   35139 	   17 
 237207 	   31601 	   15 	   31123 	   15 
 237194 	   35499 	   27 	   36602 	   28 
 237463 	   41920 	   23 	   43228 	   25 
 234941 	   33425 	   22 	   32634 	   20 
 236149 	   38055 	   82 	   37397 	   80 
 236295 	   34931 	   14 	   32749 	   15 
 237126 	   31891 	   16 	   33019 	   15 
 234638 	   37231 	   25 	   34009 	   27 
 235251 	   32829 	   19 	   32494 	   18 
 233810 	   29595 	   14 	   32020 	   33 
 235854 	   33043 	   28 	   30596 	   15 
 235183 	   34030 	   21 	   33299 	   17 
 234855 	   33815 	   26 	   35002 	   24 
 234110 	   29637 	   15 	   28304 	   14 
 233122 	   28901 	   17 	   28889 	   14 
 232862 	   33632 	   56 	   33437 	   59 
 235682 	   32538 	   19 	   32345 	   17 
 234032 	   32515 	   28 	   32394 	   29 
 236849 	   29356 	   18 	   29941 	   15 
 236958 	   32222 	   19 	   34306 	   18 
 235683 	   34712 	   29 	   31437 	   30 
 233200 	   27913 	   17 	   28039 	   15 
 231932 	   26432 	   15 	   32555 	   11 
 235241 	   31971 	   22 	   33940 	   23 
 234329 	   32705 	   16 	   32594 	   14 
 235445 	   36702 	   64 	   35743 	   66 
 233384 	   28524 	   14 	   27941 	   16 
 235543 	   27860 	   18 	   28253 	   16 
 234080 	   32164 	   22 	   31600 	   24 
 233762 	   30742 	   16 	   35225 	   15 
 234882 	   33928 	   31 	   37758 	   29 
 236395 	   29905 	   17 	   28744 	   13 
 240637 	   33364 	   22 	   35417 	   17 
 235650 	   35008 	   25 	   32697 	   25 
 236463 	   31082 	   18 	   32738 	   19 
 236921 	   31873 	   18 	   33526 	   14 
 235975 	   48990 	   48 	   75978 	   63 
 238851 	   29308 	   15 	   52499 	   10 
 240642 	   24137 	   27 	   26080 	   25 
 240355 	   23357 	   17 	   24332 	   13 
 240270 	   25499 	   29 	   25400 	   28 
 240044 	   21660 	   16 	   23118 	   15 
 241120 	   23129 	   30 	   23452 	   25 
 243810 	   21419 	   15 	   24181 	   13 
 243226 	   29002 	   20 	   31927 	   18 
 231418 	  144466 	  112 	   75691 	  110 
 238650 	   30393 	   18 	   33823 	   16 
 239127 	   36174 	   41 	   34997 	   46 
 242811 	   42799 	   31 	   47190 	   34 
 241565 	   33047 	   15 	   32866 	   13 
 239578 	   35717 	   19 	   34216 	   19 
 240283 	   35061 	   16 	   33872 	   17 
 241137 	   48807 	   27 	   48121 	   25 
 241246 	   35026 	   16 	   37630 	   16 
 240675 	   34344 	   16 	   32858 	   14 
 240805 	   32425 	   19 	   33031 	   18 
 240859 	   34527 	   13 	   34637 	   12 
 239594 	   41376 	   24 	   39626 	   21 
 241258 	   40082 	   27 	   43675 	   27 
 240935 	   39305 	   14 	   37292 	   14 
 239792 	   33796 	   13 	   35015 	   13 
 240238 	   39535 	   20 	   39247 	   21 
 241226 	   47247 	   40 	   47453 	   43 
 240641 	   35674 	   17 	   36948 	   15 
 240415 	   32199 	   17 	   31234 	   17 
 243533 	   37368 	   45 	   43952 	   47 
 240498 	   36609 	   16 	   40000 	   15 
 238950 	   33374 	   19 	   29663 	   19 
 239241 	   34399 	   16 	   37327 	   16 
 236277 	   33865 	   16 	   32177 	   17 
 239065 	   29503 	   13 	   31499 	   13 
 238787 	   47212 	   27 	   45835 	   28 
 244166 	   35557 	   22 	   44913 	   20 
 235335 	   36148 	   13 	   31804 	   13 
 242630 	   32464 	   37 	   42860 	   36 
 234550 	   28198 	   13 	   27247 	   15 
 236012 	   28801 	   17 	   27755 	   14 
 237838 	   32703 	   23 	   31961 	   23 
 237826 	   31082 	   15 	   30482 	   15 
 238816 	   28562 	   22 	   29562 	   21 
 240622 	   36255 	   22 	   41155 	   24 
 235443 	   35827 	   14 	   29546 	   15 
 242572 	   30774 	   19 	   40659 	   19 
 240449 	   28400 	   13 	   28893 	   13 
 243398 	   32682 	   49 	   42892 	   58 
 239674 	   35719 	   29 	   32271 	   16 
 241880 	   30727 	   14 	   32818 	   13 
 236540 	   48960 	   27 	   40635 	   27 
 229991 	   53023 	   62 	   37926 	   67 
 232951 	   40846 	   28 	   31646 	   34 
 239548 	   43684 	   50 	   45545 	   57 
 239741 	   33426 	   19 	   36040 	   18 
 239712 	   28518 	   12 	   32367 	   12 
 237825 	   35647 	   16 	   33261 	   17 
 239927 	   33840 	   24 	   37393 	   23 
 239686 	   30129 	   13 	   29592 	   14 
 239752 	   35422 	   18 	   34801 	   16 
 236209 	   44494 	   23 	   38955 	   24 
 235506 	   47772 	   27 	   43852 	   30 
 241728 	   36684 	   21 	   46273 	   21 
 238040 	   29859 	   11 	   30524 	   13 
 238370 	   33351 	   22 	   36863 	   24 
 237513 	   31756 	   14 	   32576 	   17 
 238920 	   29965 	   15 	   33151 	   15 
 238512 	   33363 	   13 	   34247 	   12 
 239514 	   33131 	   14 	   32845 	   15 
 242128 	   31339 	   13 	   38809 	   15 
 236489 	   45267 	   26 	   38905 	   40 
 236748 	   37440 	   31 	   26978 	   16 
 239810 	   38693 	   29 	   41298 	   29 
 236569 	   31219 	   16 	   30544 	   16 
 243053 	   29147 	   22 	   39770 	   20 
 240565 	   27804 	   17 	   27110 	   11 
 243478 	   34913 	   54 	   39928 	   62 
 241804 	   29959 	   16 	   27762 	   14 
 241026 	   30339 	   18 	   28935 	   17 
 242203 	   31809 	   18 	   31712 	   18 
 241100 	   33307 	   27 	   32648 	   26 
 240046 	   28440 	   16 	   27429 	   14 
 238706 	   26610 	   15 	   26082 	   14 
 241606 	   33045 	   18 	   33250 	   20 
 240413 	   31466 	   18 	   31212 	   16 
 242469 	   35478 	   38 	   35935 	   43 
 243417 	   31146 	   14 	   30039 	   14 
 242042 	   37032 	   18 	   36451 	   17 
 240948 	   33226 	   41 	   33408 	   42 
 242663 	   39583 	   38 	   42349 	   41 
 241464 	   30766 	   14 	   29765 	   13 
 242375 	   26638 	   13 	   26954 	   15 
 242240 	   33246 	   18 	   31799 	   17 
 241999 	   32169 	   22 	   33047 	   24 
 241391 	   34478 	   21 	   35333 	   20 
 240923 	   31486 	   12 	   31797 	   14 
 240320 	   28141 	   16 	   28721 	   15 
 238660 	   34207 	   17 	   32215 	   21 
 240162 	   36423 	   26 	   36906 	   24 
 239607 	   28563 	   17 	   30238 	   17 
 237448 	   32522 	   32 	   31436 	   31 
 236519 	   29332 	   15 	   29391 	   17 
 237078 	   26307 	   14 	   27610 	   14 
 237655 	   30904 	   18 	   29921 	   19 
 237086 	   33969 	   16 	   32805 	   16 
 237697 	   33786 	   27 	   33926 	   24 
 238874 	   27200 	   20 	   28216 	   19 
 239302 	   32258 	   18 	   29690 	   16 
 239759 	   33423 	   16 	   34009 	   17 
 238791 	   31150 	   15 	   29211 	   17 
 238631 	   39732 	   42 	   40064 	   41 
 240813 	   34357 	   42 	   37944 	   48 
 238690 	   34602 	   41 	   34385 	   37 
 238635 	   30781 	   15 	   30419 	   14 
 239005 	   27785 	   15 	   27754 	   12 
 237698 	   33949 	   23 	   32521 	   25 
 238600 	   33670 	   24 	   34175 	   27 
 238221 	   29320 	   18 	   29867 	   17 
 240080 	   31659 	   22 	   33059 	   21 
 239571 	   29951 	   13 	   28243 	   13 
 241302 	   28073 	   15 	   28458 	   13 
 240465 	   31822 	   24 	   31734 	   25 
 241088 	   37242 	   21 	   37180 	   24 
 240984 	   27503 	   17 	   29061 	   18 
 240697 	   36841 	   83 	   36342 	   91 
 239676 	   29880 	   16 	   30368 	   16 
 237932 	   29787 	   12 	   27887 	   11 
 236836 	   39596 	   24 	   37562 	   23 
 238959 	   31214 	   22 	   34611 	   23 
 237785 	   27303 	   13 	   31003 	   14 
 238274 	   35760 	   36 	   32383 	   40 
 237757 	   33601 	   19 	   34499 	   19 
 235367 	   32221 	   23 	   31384 	   23 
 235233 	   26840 	   13 	   27203 	   14 
 234166 	   29439 	   17 	   29066 	   16 
 231483 	   43270 	   44 	   37386 	   44 
 236583 	   30591 	   19 	   34214 	   22 
 235606 	   27933 	   13 	   28870 	   13 
 233125 	   40839 	   20 	   32971 	   20 
 237358 	   41135 	   21 	   41875 	   22 
 239000 	   32782 	   37 	   39211 	   39 
 234800 	   27294 	   14 	   27710 	   13 
 229993 	   32220 	   19 	   28299 	   17 
 232970 	   33538 	   21 	   31209 	   22 
 235863 	   32248 	   20 	   34076 	   21 
 234901 	   37301 	   70 	   35545 	   85 
 235813 	   28624 	   12 	   28824 	   12 
 236425 	   31784 	   18 	   33566 	   14 
 234133 	   33440 	   17 	   32885 	   18 
 230543 	   32424 	   18 	   31091 	   17 
 231578 	   34829 	   33 	   34111 	   32 
 236699 	   29347 	   14 	   30268 	   12 
 238232 	   34270 	   18 	   35238 	   16 
 237205 	   36389 	   22 	   34939 	   25 
 234174 	   31111 	   20 	   31482 	   18 
 236764 	   32418 	   15 	   33253 	   15 
 215201 	   69206 	   39 	   53648 	   41 
 215415 	   54967 	   19 	   45749 	   15 
 229406 	   37108 	   21 	   34641 	   22 
 232109 	   35510 	   22 	   35733 	   19 
 231375 	   35545 	   38 	   34141 	   39 
 231100 	   31070 	   22 	   30906 	   22 
 231991 	   32719 	   17 	   31413 	   16 
 233865 	   37489 	   22 	   39652 	   24 
 236719 	   41309 	   25 	   44218 	   22 
 268504 	   78068 	   85 	  119287 	   86 
 247290 	   50929 	   54 	   41727 	   52 
 240824 	   32111 	   11 	   31936 	   13 
 241226 	   28793 	   13 	   28238 	   13 
 239796 	   41843 	   26 	   36032 	   27 
 243419 	   47598 	   44 	   47913 	   42 
 240833 	   34923 	   16 	   33300 	   13 
 244229 	   33202 	   17 	   33701 	   17 
 245174 	   35376 	   21 	   42037 	   19 
 241926 	   34444 	   15 	   32478 	   13 
 243700 	   29985 	   16 	   31153 	   16 
 242263 	   34595 	   14 	   33407 	   14 
 244675 	   30351 	   16 	   31770 	   16 
 241178 	   38048 	   45 	   33858 	   49 
 245810 	   33391 	   17 	   37261 	   16 
 244040 	   25083 	   26 	   27398 	   20 
 243039 	   32429 	   29 	   30514 	   23 
 242717 	   34813 	   28 	   34500 	   28 
 243004 	   33497 	   16 	   33613 	   13 
 243470 	   36728 	   20 	   36201 	   20 
 242802 	   33545 	   20 	   35060 	   19 
 243654 	   33361 	   27 	   31625 	   26 
 243017 	   32858 	   16 	   31523 	   16 
 241886 	   36354 	   37 	   32883 	   33 
 243840 	   34019 	   27 	   33711 	   27 
 242283 	   34609 	   15 	   33941 	   15 
 244299 	   35697 	   24 	   37777 	   23 
 240497 	   35199 	   16 	   31008 	   16 
 243893 	   28133 	   17 	   28055 	   17 
 240638 	   43666 	   29 	   34284 	   32 
 243287 	   46614 	   85 	   42971 	   90 
 245265 	   27436 	   19 	   28755 	   17 
 243910 	   26432 	   16 	   26200 	   14 
 245297 	   30934 	   22 	   33354 	   20 
 245898 	   27842 	   13 	   29135 	   13 
 245222 	   35615 	   18 	   35279 	   17 
 243338 	   40394 	   34 	   38380 	   32 
 243721 	   27810 	   15 	   30439 	   15 
 241504 	   29283 	   18 	   28447 	   16 
 244546 	   37424 	   23 	   39577 	   20 
 243598 	   30407 	   22 	   29847 	   19 
 242068 	   32766 	   17 	   32028 	   16 
 243847 	   30811 	   42 	   36883 	   39 
 246148 	   35425 	   32 	   41403 	   30 
 243308 	   32067 	   13 	   32693 	   14 
 245428 	   41435 	   18 	   42656 	   18 
 242065 	   36328 	   20 	   35120 	   20 
 240085 	   36197 	   20 	   29938 	   19 
 244497 	   27914 	   15 	   32762 	   13 
 241130 	   56720 	   37 	   50663 	   37 
 242844 	   30342 	   22 	   30708 	   22 
 245678 	   38250 	   24 	   41818 	   23 
 238559 	   36442 	   21 	   34516 	   20 
 240720 	   30057 	   17 	   33437 	   18 
 238524 	   44217 	   25 	   36150 	   24 
 241318 	   40216 	   30 	   35250 	   30 
 245490 	   27392 	   21 	   28159 	   23 
 244930 	   31342 	   21 	   28371 	   19 
 243234 	   37677 	   71 	   36656 	   74 
 241963 	   25587 	   17 	   25051 	   16 
 241728 	   31364 	   15 	   29198 	   22 
 243846 	   35068 	   26 	   37028 	   24 
 243265 	   29026 	   24 	   28923 	   22 
 244023 	   22750 	   16 	   23445 	   14 
 244275 	   35206 	   36 	   33554 	   40 
 243737 	   30078 	   22 	   29362 	   16 
 245208 	   27249 	   21 	   30987 	   20 
 245549 	   34544 	   26 	   32567 	   23 
 244577 	   37060 	   21 	   35633 	   22 
 244648 	   33361 	   18 	   33481 	   17 
 248145 	   37402 	   55 	   43524 	   52 
 243955 	   26880 	   18 	   29217 	   22 
 243826 	   33723 	   27 	   40734 	   26 
 239293 	   47409 	   23 	   43803 	   21 
 238184 	   38884 	   20 	   34463 	   21 
 239902 	   30321 	   19 	   27004 	   19 
 243422 	   40252 	   41 	   40756 	   39 
 244943 	   39659 	   19 	   40069 	   21 
 246197 	   39322 	   25 	   40884 	   23 
 240328 	   35988 	   20 	   33889 	   14 
 244527 	   28426 	   19 	   32215 	   19 
 241606 	   42174 	   24 	   37806 	   24 
 244280 	   44769 	   34 	   42304 	   34 
 242818 	   39151 	   22 	   39241 	   19 
 243012 	   29534 	   16 	   30152 	   16 
 245204 	   26739 	   25 	   27462 	   27 
 244648 	   31886 	   19 	   31676 	   19 
 248428 	   35468 	  110 	   39938 	  118 
 248181 	   30530 	   40 	   31628 	   42 
 248260 	   39082 	   31 	   39599 	   34 
 247887 	   23475 	   15 	   25041 	   14 
 248156 	   31050 	   16 	   30031 	   17 
 247417 	   25698 	   24 	   25654 	   22 
 245697 	   36717 	   21 	   31862 	   22 
 247233 	   27423 	   22 	   27511 	   17 
 246745 	   30029 	   17 	   29220 	   16 
 248794 	   36118 	   32 	   39932 	   33 
 248683 	   29067 	   16 	   31568 	   16 
 248105 	   29080 	   18 	   28740 	   18 
 247590 	   30484 	   20 	   30101 	   21 
 247781 	   30284 	   14 	   30065 	   14 
 248605 	   26162 	   16 	   27699 	   16 
 247409 	   32221 	   23 	   30148 	   23 
 249025 	   35665 	   34 	   36965 	   38 
 247870 	   23399 	   14 	   24760 	   15 
 247380 	   21923 	   13 	   21873 	   13 
 252510 	   33762 	   45 	   40441 	   47 
 245043 	   30223 	   18 	   28728 	   18 
 248909 	   31905 	   17 	   33927 	   18 
 245470 	   33082 	   16 	   31176 	   16 
 243916 	   24954 	   16 	   24240 	   17 
 246684 	   23875 	   20 	   27201 	   21 
 247100 	   40276 	   26 	   41431 	   30 
 250083 	   30784 	   21 	   36733 	   21 
 244836 	   26219 	   13 	   23734 	   13 
 250090 	   26612 	   37 	   34733 	   35 
 242821 	   19189 	   14 	   18630 	   15 
 246595 	   22089 	   19 	   26414 	   21 
 241766 	   28642 	   20 	   23475 	   21 
 245678 	   21311 	   19 	   21534 	   20 
 249321 	   17052 	   11 	   27791 	   15 
 244277 	   40863 	   25 	   34609 	   28 
 243767 	   26066 	   15 	   22175 	   16 
 247362 	   18816 	   13 	   25153 	   13 
 246768 	   22676 	   18 	   24654 	   18 
 247460 	   24974 	   17 	   29017 	   14 
 249540 	   37013 	   60 	   36036 	   56 
 249362 	   21716 	   14 	   25223 	   14 
 243989 	   37888 	   27 	   30667 	   28 
 240446 	   35039 	   67 	   25114 	   71 
 237008 	   43173 	   30 	   26569 	   32 
 249016 	   35043 	   55 	   40883 	   55 
 246612 	   23288 	   14 	   23806 	   13 
 249063 	   27551 	   22 	   32769 	   21 
 244078 	   27469 	   15 	   23889 	   15 
 249108 	   19700 	   13 	   26912 	   16 
 247505 	   25849 	   24 	   25513 	   25 
 246855 	   25462 	   12 	   24301 	   11 
 243978 	   31884 	   24 	   25837 	   26 
 242561 	   26147 	   12 	   22973 	   13 
 251074 	   34301 	   26 	   42786 	   29 
 245561 	   24489 	   15 	   26029 	   14 
 245005 	   25816 	   24 	   27892 	   24 
 246784 	   20654 	   14 	   24798 	   14 
 243539 	   27763 	   18 	   26179 	   19 
 248239 	   26601 	   17 	   31556 	   13 
 248567 	   21791 	   14 	   25704 	   15 
 244613 	   30409 	   16 	   24478 	   17 
 247597 	   33046 	   27 	   35600 	   29 
 240227 	   36576 	   28 	   23859 	   30 
 246591 	   30066 	   27 	   30812 	   29 
 246796 	   23034 	   14 	   29047 	   14 
 245299 	   24467 	   17 	   23746 	   17 
 249930 	   18029 	   14 	   23757 	   13 
 249834 	   27021 	   33 	   29608 	   34 
 248208 	   25864 	   17 	   26111 	   17 
 249539 	   27037 	   18 	   26263 	   17 
 248152 	   24400 	   23 	   23758 	   22 
 246628 	   18000 	   14 	   18575 	   13 
 247166 	   21829 	   19 	   21494 	   18 
 247475 	   27907 	   24 	   27242 	   24 
 248455 	   22537 	   22 	   22159 	   25 
 247356 	   20876 	   16 	   20264 	   15 
 248230 	   30279 	   51 	   29342 	   49 
 250795 	   22202 	   18 	   22536 	   17 
 249358 	   26295 	   14 	   25713 	   14 
 248892 	   23314 	   31 	   24322 	   32 
 245603 	   28107 	   40 	   27630 	   39 
 243740 	   21809 	   19 	   21820 	   16 
 244554 	   19506 	   15 	   20208 	   16 
 245329 	   25262 	   24 	   24160 	   24 
 245469 	   25844 	   17 	   26302 	   18 
 245795 	   23947 	   24 	   23356 	   24 
 244790 	   21087 	   17 	   21201 	   16 
 245187 	   24085 	   16 	   25191 	   16 
 244923 	   28159 	   21 	   25030 	   19 
 246740 	   21974 	   15 	   22028 	   14 
 245396 	   37061 	   48 	   35258 	   54 
 248520 	   27164 	   33 	   31321 	   30 
 249550 	   32076 	   47 	   31657 	   50 
 249053 	   18801 	   16 	   19483 	   16 
 249865 	   23499 	   20 	   23447 	   20 
 248101 	   24133 	   14 	   22345 	   13 
 247402 	   26603 	   17 	   25531 	   17 
 246967 	   22105 	   10 	   21521 	   10 
 246605 	   27544 	   17 	   27481 	   17 
 247173 	   24733 	   20 	   25239 	   21 
 246207 	   28907 	   26 	   27472 	   29 
 249053 	   24393 	   23 	   28625 	   23 
 247438 	   24881 	   17 	   25731 	   15 
 246674 	   27173 	   38 	   28457 	   41 
 245869 	   23233 	   14 	   23113 	   12 
 246278 	   25090 	   19 	   25537 	   18 
 245632 	   25351 	   22 	   24337 	   23 
 246376 	   26945 	   20 	   25724 	   18 
 247896 	   24705 	   15 	   24087 	   14 
 247673 	   24943 	   15 	   25304 	   15 
 247411 	   26748 	   22 	   26152 	   23 
 247260 	   29613 	   25 	   29316 	   24 
 245868 	   24373 	   17 	   25090 	   17 
 247123 	   22960 	   25 	   24052 	   26 
 247727 	   20978 	   16 	   21418 	   15 
 248767 	   28065 	   97 	   29456 	  108 
 247380 	   20955 	   14 	   21164 	   13 
 247569 	   23368 	   14 	   23200 	   14 
 246427 	   25199 	   19 	   26351 	   18 
 245540 	   22876 	   19 	   22824 	   19 
 244737 	   22290 	   13 	   21982 	   13 
 243449 	   31262 	   23 	   27806 	   24 
 245024 	   30167 	   18 	   30530 	   18 
 245498 	   23034 	   14 	   26346 	   14 
 243774 	   27167 	   19 	   26646 	   19 
 242132 	   23445 	   13 	   22830 	   13 
 237558 	   38769 	   45 	   29695 	   49 
 245565 	   20162 	   14 	   27791 	   13 
 241223 	   23990 	   13 	   23115 	   13 
 242881 	   36352 	   18 	   32170 	   19 
 244800 	   32304 	   21 	   30933 	   22 
 245471 	   21014 	   12 	   25399 	   12 
 242381 	   24701 	   24 	   23782 	   23 
 238575 	   23041 	   13 	   22509 	   13 
 240253 	   26060 	   25 	   24253 	   25 
 242538 	   23582 	   16 	   22976 	   16 
 243002 	   21378 	   17 	   22717 	   17 
 241991 	   31726 	   47 	   29021 	   51 
 244290 	   25829 	   14 	   29322 	   15 
 241933 	   25421 	   22 	   24410 	   22 
 238731 	   23774 	   17 	   24734 	   17 
 239834 	   21810 	   12 	   20004 	   11 
 243400 	   31311 	   25 	   27637 	   25 
 244734 	   33844 	   18 	   32033 	   18 
 246808 	   33095 	   25 	   35535 	   25 
 242360 	   23847 	   14 	   24718 	   14 
 243250 	   32198 	   18 	   30669 	   18 
 226904 	   58114 	   46 	   49470 	   50 
 221191 	   53664 	   16 	   41718 	   16 
 235826 	   28693 	   24 	   27322 	   26 
 238449 	   26813 	   20 	   23816 	   20 
 240401 	   25501 	   32 	   27029 	   33 
 237770 	   26617 	   12 	   23335 	   12 
 239666 	   34524 	   20 	   32915 	   19 
 240982 	   35980 	   29 	   36128 	   29 
 239884 	   38554 	   20 	   36903 	   18 
 259811 	   47413 	   79 	   71813 	   86 
 273181 	   65583 	   51 	   82956 	   54 
 249067 	   23049 	   18 	   23763 	   17 
 248701 	   20867 	   15 	   20853 	   15 
 246393 	   35678 	   31 	   28623 	   31 
 250027 	   40337 	   45 	   40218 	   44 
 250212 	   22179 	   15 	   23592 	   14 
 249170 	   20268 	   11 	   18528 	   11 
 253482 	   25878 	   39 	   31619 	   44 
 250474 	   22131 	   15 	   24669 	   15 
 246875 	   23189 	   13 	   17705 	   13 
 253441 	   24480 	   17 	   29866 	   17 
 250054 	   21661 	   12 	   20309 	   15 
 248572 	   28264 	   15 	   24966 	   15 
 252496 	   30275 	   33 	   33542 	   29 
 250881 	   22350 	   18 	   22724 	   17 
 249364 	   28301 	   26 	   26989 	   23 
 249977 	   27111 	   24 	   26264 	   23 
 249523 	   19398 	   17 	   19380 	   16 
 250324 	   23066 	   13 	   22332 	   13 
 250832 	   22926 	   22 	   22804 	   18 
 250483 	   29091 	   31 	   29297 	   29 
 250383 	   22298 	   20 	   21989 	   18 
 249660 	   28499 	   42 	   25837 	   37 
 250138 	   28239 	   23 	   26579 	   23 
 250473 	   27216 	   18 	   28547 	   18 
 248572 	   25159 	   15 	   22286 	   15 
 249658 	   21941 	   15 	   20982 	   15 
 249746 	   19868 	   13 	   17129 	   13 
 249546 	   26486 	   18 	   24215 	   16 
 246504 	   51743 	   85 	   41379 	   88 
 246690 	   22455 	   17 	   21969 	   16 
 249278 	   31884 	   22 	   33395 	   19 
 247075 	   32660 	   28 	   32832 	   27 
 246844 	   24151 	   18 	   26428 	   16 
 245995 	   24043 	   18 	   22278 	   16 
 249747 	   31130 	   21 	   33835 	   21 
 249337 	   28028 	   16 	   27759 	   16 
 250738 	   23284 	   16 	   24884 	   15 
 249265 	   32717 	   21 	   32383 	   20 
 249028 	   21036 	   23 	   21212 	   20 
 247588 	   24615 	   18 	   24715 	   18 
 248282 	   21265 	   14 	   23751 	   15 
 245541 	   28437 	   62 	   28033 	   73 
 245361 	   27469 	   19 	   26313 	   17 
 246616 	   28579 	   29 	   26920 	   38 
 245187 	   30044 	   18 	   28349 	   16 
 249457 	   27363 	   21 	   31544 	   19 
 248130 	   30991 	   34 	   29047 	   33 
 246633 	   24024 	   16 	   24990 	   15 
 246476 	   24969 	   21 	   23124 	   21 
 248399 	   43033 	   29 	   42125 	   27 
 248485 	   28157 	   24 	   27313 	   23 
 248840 	   23738 	   19 	   25673 	   19 
 249567 	   21220 	   15 	   25936 	   14 
 257176 	   38595 	   50 	   49189 	   49 
 250980 	   31244 	   14 	   33888 	   14 
 247923 	   26401 	   13 	   23856 	   13 
 249924 	   27484 	   29 	   28172 	   29 
 249033 	   23727 	   16 	   24161 	   14 
 248389 	   25720 	   21 	   30149 	   21 
 245813 	   31238 	   14 	   24017 	   14 
 250413 	   24996 	   13 	   31988 	   13 
 246779 	   49815 	   25 	   43928 	   24 
 247033 	   22305 	   21 	   26140 	   22 
 243387 	   25737 	   20 	   20030 	   16 
 244767 	   36869 	   23 	   28361 	   23 
 245956 	   30984 	   25 	   25946 	   25 
 248394 	   24530 	   20 	   23650 	   20 
 248506 	   31546 	   15 	   33014 	   14 
 246795 	   41790 	   43 	   39077 	   38 
 246421 	   26341 	   15 	   26052 	   14 
 249209 	   35800 	   34 	   38006 	   34 
 248812 	   35617 	   16 	   37652 	   15 
 250212 	   35286 	   33 	   39317 	   33 
 245381 	   22680 	   20 	   24078 	   20 
 243751 	   23451 	   17 	   18909 	   17 
 246120 	   27450 	   20 	   24396 	   20 
 247590 	   38682 	   25 	   38681 	   25 
 248368 	   38159 	   22 	   41062 	   21 
 246052 	   28453 	   16 	   27054 	   16 
 245394 	   44674 	   25 	   39674 	   25 
 247060 	   45886 	   30 	   42223 	   31 
 246255 	   31584 	   16 	   32765 	   15 
 246429 	   33772 	   20 	   33571 	   19 
 246560 	   29772 	   20 	   29541 	   20 
 247827 	   30963 	   20 	   30868 	   20 
 248973 	   40324 	  102 	   41051 	  101 
 247707 	   24586 	   18 	   24194 	   16 
 247857 	   22017 	   19 	   22527 	   12 
 248743 	   32481 	   30 	   33658 	   30 
 249079 	   37795 	   40 	   38618 	   47 
 248339 	   23387 	   14 	   23298 	   14 
 248554 	   20469 	   11 	   21094 	   10 
 249665 	   30055 	   30 	   30449 	   30 
 248499 	   23840 	   13 	   24084 	   13 
 248514 	   21385 	   12 	   22022 	   12 
 249255 	   25028 	   26 	   25616 	   23 
 249246 	   21947 	   12 	   22491 	   15 
 248562 	   28995 	   16 	   27391 	   17 
 249985 	   33984 	   27 	   34843 	   21 
 248243 	   23338 	   15 	   23944 	   13 
 248347 	   29703 	   30 	   30701 	   31 
 247814 	   30390 	   22 	   29441 	   22 
 246972 	   22076 	   13 	   21918 	   13 
 248875 	   29058 	   17 	   31238 	   14 
 246223 	   24156 	   20 	   20958 	   11 
 245309 	   35011 	   30 	   31037 	   33 
 248313 	   23502 	   18 	   23403 	   17 
 247582 	   31925 	   41 	   27953 	   40 
 249531 	   27583 	   23 	   28853 	   23 
 248976 	   28715 	   18 	   29598 	   15 
 247851 	   24980 	   14 	   25654 	   16 
 246977 	   20539 	   11 	   20233 	   11 
 248420 	   27305 	   21 	   26112 	   20 
 247210 	   31551 	   18 	   27223 	   17 
 250697 	   47576 	  103 	   50310 	  110 
 248049 	   23713 	   14 	   25140 	   14 
 245463 	   36744 	   20 	   31875 	   21 
 247984 	   35062 	   26 	   36929 	   25 
 244313 	   27026 	   18 	   23481 	   18 
 248486 	   20926 	   16 	   26584 	   14 
 245754 	   39723 	   25 	   33467 	   25 
 249616 	   28166 	   15 	   30607 	   15 
 249190 	   23257 	   13 	   25708 	   13 
 248743 	   38172 	   26 	   38960 	   24 
 246626 	   21839 	   12 	   26149 	   17 
 244403 	   33742 	   23 	   30987 	   24 
 243838 	   26162 	   14 	   22267 	   14 
 242955 	   33488 	   48 	   31269 	   48 
 247027 	   36838 	   21 	   40586 	   20 
 244015 	   45338 	   29 	   44414 	   29 
 243179 	   27530 	   16 	   29082 	   16 
 244726 	   36660 	   22 	   36194 	   24 
 244761 	   38260 	   36 	   37189 	   34 
 246878 	   25707 	   18 	   32080 	   18 
 252135 	   36838 	   29 	   50469 	   27 
 245734 	   29489 	   17 	   33872 	   18 
 241804 	   37332 	   23 	   31629 	   22 
 240761 	   38770 	   18 	   32670 	   20 
 242075 	   29646 	   13 	   25274 	   14 
 248704 	   52166 	   56 	   50398 	   54 
 247964 	   35745 	   15 	   39438 	   15 
 245557 	   30001 	   10 	   29099 	   10 
 245478 	   34889 	   22 	   33627 	   21 
 245613 	   27381 	   17 	   26889 	   16 
 245490 	   30686 	   22 	   37285 	   22 
 242990 	   30674 	   13 	   30807 	   13 
 243208 	   34231 	   13 	   34228 	   13 
 245032 	   45919 	   25 	   47984 	   25 
 242091 	   33046 	   20 	   35165 	   18 
 240236 	   30219 	   15 	   30380 	   15 
 237580 	   52383 	   24 	   36384 	   24 
 244702 	   41405 	   47 	   39516 	   47 
 245266 	   33050 	   14 	   42886 	   14 
 252573 	   47065 	   27 	   59762 	   25 
 244213 	   32907 	   15 	   37885 	   14 
 242266 	   45105 	   31 	   44902 	   33 
 239920 	   32490 	   21 	   37187 	   22 
 232993 	   54151 	   29 	   30659 	   19 
 247906 	   32503 	   17 	   52472 	   25 
 243734 	   32080 	   19 	   39197 	   19 
 235569 	   55319 	   26 	   41780 	   26 
 240296 	   37339 	   13 	   39681 	   12 
 237452 	   54621 	   19 	   46233 	   21 
 236860 	   55623 	   30 	   32250 	   27 
 247564 	   25968 	   17 	   26893 	   18 
 248678 	   28372 	   16 	   36478 	   16 
 241258 	   57266 	   23 	   43347 	   26 
 247049 	   23312 	   17 	   26097 	   13 
 241391 	   34858 	   19 	   28007 	   19 
 248898 	   35006 	   18 	   36586 	   18 
 245917 	   27880 	   18 	   21240 	   17 
 242674 	   79860 	  121 	   55882 	  124 
 249763 	   37221 	   19 	   35101 	   19 
 248741 	   38790 	   18 	   34011 	   18 
 254423 	   44901 	   37 	   49328 	   41 
 249021 	   27008 	   20 	   27844 	   21 
 248654 	   23505 	   22 	   22386 	   18 
 249054 	   30003 	   29 	   28419 	   28 
 249796 	   31464 	   19 	   30677 	   18 
 250097 	   39389 	   16 	   38643 	   16 
 249617 	   34074 	   13 	   35215 	   13 
 251444 	   41159 	   33 	   40105 	   35 
 249461 	   32127 	   16 	   31774 	   16 
 249878 	   32624 	   19 	   32847 	   18 
 250073 	   27228 	   17 	   27905 	   17 
 250873 	   31372 	   25 	   29200 	   26 
 249522 	   53361 	   44 	   46548 	   47 
 248410 	   38393 	   22 	   34324 	   22 
 248923 	   25803 	   12 	   28523 	   13 
 248901 	   36543 	   14 	   34799 	   17 
 251263 	   35320 	   24 	   35354 	   25 
 246929 	   25516 	   18 	   27440 	   18 
 250419 	   31010 	   24 	   34907 	   24 
 248813 	   55510 	   31 	   51334 	   31 
 252207 	   27946 	   16 	   32961 	   12 
 246628 	   30504 	   17 	   25297 	   17 
 253282 	   38346 	   21 	   46419 	   21 
 251873 	   28307 	   15 	   34534 	   14 
 255946 	   42272 	   62 	   49498 	   66 
 246741 	   38436 	   31 	   31595 	   32 
 247922 	   39089 	   18 	   36781 	   18 
 249044 	   38502 	   16 	   35506 	   16 
 250170 	   40767 	   16 	   42791 	   16 
 248356 	   53268 	   25 	   47630 	   24 
 250311 	   33381 	   18 	   30085 	   18 
 246824 	   31338 	   16 	   31909 	   16 
 254579 	   40007 	   20 	   48384 	   20 
 252136 	   30251 	   18 	   34003 	   17 
 250817 	   32733 	   30 	   39092 	   31 
 247963 	   30850 	   16 	   30931 	   17 
 257858 	   41825 	   37 	   56232 	   38 
 256193 	   31389 	   61 	   41710 	   73 
