% num_local_points | num_send_points | num_send_procs | num_recv_points | num_recv_procs 
 247492 	   52435 	   53 	   41084 	   52 
 248061 	   35686 	   16 	   31562 	   16 
 251258 	   39120 	   17 	   36880 	   17 
 251961 	   29895 	   19 	   35385 	   17 
 251271 	   48850 	   36 	   43623 	   36 
 249733 	   29472 	   16 	   29038 	   16 
 250670 	   41416 	   18 	   38675 	   16 
 251677 	   29809 	   20 	   34534 	   19 
 251716 	   43226 	   24 	   39732 	   24 
 251094 	   39671 	   19 	   39337 	   18 
 251501 	   35450 	   16 	   37981 	   15 
 251406 	   34574 	   18 	   37002 	   18 
 247706 	   55569 	   58 	   40799 	   58 
 246155 	   37468 	   19 	   31871 	   19 
 243433 	   35586 	   18 	   26492 	   18 
 246852 	   31194 	   16 	   31102 	   16 
 246846 	   63237 	   37 	   55723 	   37 
 241827 	   39647 	   18 	   28435 	   18 
 246530 	   31702 	   13 	   31853 	   13 
 253922 	   35936 	   23 	   48386 	   23 
 242159 	   34125 	   20 	   19556 	   20 
 249443 	   28179 	   16 	   30086 	   16 
 248483 	   50987 	   43 	   44901 	   43 
 247359 	   31886 	   16 	   30878 	   16 
 247147 	   35615 	   18 	   29689 	   18 
 243325 	   42584 	   15 	   31576 	   15 
 253064 	   27236 	   29 	   35889 	   29 
 243395 	   29450 	   29 	   19318 	   28 
 244412 	   28035 	   16 	   22994 	   16 
 247128 	   25422 	   17 	   27747 	   16 
 246436 	   32225 	   20 	   25157 	   20 
 245520 	   32582 	   19 	   26944 	   18 
 250062 	   34418 	   29 	   32721 	   29 
 246618 	   38023 	   16 	   28950 	   17 
 249108 	   28053 	   14 	   28998 	   14 
 247216 	   52676 	   20 	   46639 	   20 
 249466 	   29865 	   15 	   33562 	   15 
 247826 	   34046 	   15 	   29449 	   15 
 252556 	   36279 	   23 	   42863 	   23 
 248085 	   31636 	   15 	   30991 	   15 
 259092 	   40091 	   30 	   58019 	   29 
 251373 	   31656 	   34 	   30877 	   33 
 256540 	   36874 	   27 	   49700 	   26 
 245850 	   50601 	   45 	   44702 	   45 
 252215 	   25081 	   14 	   35287 	   14 
 249793 	   25727 	   14 	   30263 	   14 
 248568 	   37439 	   24 	   37062 	   24 
 245913 	   29857 	   13 	   24981 	   13 
 249366 	   25986 	   14 	   29378 	   14 
 250035 	   23856 	   15 	   23745 	   15 
 263982 	   33645 	   53 	   61632 	   53 
 248421 	   45332 	   60 	   38811 	   59 
 248403 	   43813 	   29 	   41274 	   28 
 247588 	   31511 	   18 	   28921 	   18 
 248487 	   34127 	   16 	   36806 	   15 
 247558 	   48586 	   34 	   47884 	   35 
 245809 	   32191 	   16 	   30618 	   17 
 247923 	   32924 	   19 	   34620 	   18 
 248622 	   44821 	   28 	   44003 	   27 
 248061 	   24117 	   15 	   24956 	   14 
 249252 	   29575 	   18 	   30300 	   18 
 251038 	   46377 	   44 	   46347 	   44 
 249948 	   24605 	   14 	   24457 	   14 
 248789 	   24490 	   12 	   26912 	   12 
 248834 	   29324 	   14 	   29534 	   14 
 247933 	   36895 	   28 	   32848 	   28 
 249133 	   37754 	   17 	   36549 	   17 
 250187 	   36231 	   16 	   36877 	   16 
 250446 	   38169 	   18 	   36770 	   18 
 252118 	   34047 	   20 	   38984 	   17 
 251448 	   35126 	   34 	   37892 	   29 
 249026 	   23129 	   20 	   22258 	   20 
 249605 	   24325 	   14 	   25796 	   13 
 249374 	   30196 	   25 	   33297 	   24 
 251504 	   24559 	   34 	   24806 	   32 
 250712 	   34597 	   32 	   36762 	   32 
 250367 	   40946 	   42 	   43510 	   43 
 247869 	   28024 	   16 	   28387 	   15 
 246888 	   26126 	   17 	   27818 	   15 
 247805 	   28723 	   17 	   28868 	   16 
 250388 	   31020 	   20 	   34238 	   18 
 248130 	   21876 	   15 	   20266 	   15 
 247142 	   22491 	   22 	   22765 	   22 
 248366 	   23029 	   15 	   21977 	   15 
 247435 	   22742 	   12 	   23481 	   12 
 248470 	   37555 	   31 	   36982 	   25 
 249553 	   24749 	   14 	   25359 	   14 
 248238 	   23540 	   13 	   24009 	   13 
 250336 	   24828 	   20 	   23395 	   20 
 246858 	   59620 	   78 	   43086 	   81 
 237758 	   35955 	   15 	   25772 	   15 
 242816 	   32297 	   22 	   26621 	   22 
 245203 	   32581 	   12 	   26487 	   12 
 250191 	   29917 	   17 	   30424 	   17 
 252005 	   47920 	   23 	   51738 	   23 
 246506 	   31433 	   17 	   33961 	   17 
 248419 	   28273 	   14 	   28892 	   14 
 248851 	   36976 	   33 	   41055 	   33 
 246818 	   30924 	   14 	   29623 	   14 
 247703 	   26719 	   14 	   30030 	   14 
 253933 	   47403 	   43 	   59621 	   43 
 237989 	   33905 	   27 	   20704 	   26 
 241950 	   22082 	   15 	   23406 	   15 
 240113 	   35540 	   17 	   24173 	   16 
 237501 	   41949 	   25 	   24416 	   24 
 246432 	   27176 	   15 	   31798 	   15 
 250462 	   24925 	   16 	   36719 	   16 
 248541 	   27409 	   24 	   30882 	   24 
 244893 	   27402 	   14 	   25005 	   14 
 250003 	   24191 	   21 	   28698 	   21 
 259561 	   28847 	   36 	   50402 	   36 
 244717 	   42376 	   45 	   39276 	   45 
 242302 	   21775 	   16 	   22677 	   16 
 241695 	   24531 	   21 	   21099 	   21 
 241813 	   27048 	   18 	   20612 	   18 
 244443 	   26843 	   24 	   23880 	   24 
 246269 	   27662 	   16 	   31372 	   15 
 249755 	   38697 	   31 	   42063 	   31 
 246731 	   27215 	   10 	   28851 	   10 
 247350 	   29127 	   16 	   26927 	   16 
 251737 	   39666 	   30 	   47090 	   31 
 246728 	   28790 	   35 	   32336 	   35 
 241413 	   19196 	   16 	   19455 	   16 
 241837 	   15585 	   12 	   16312 	   12 
 241584 	   22159 	   16 	   17700 	   16 
 239812 	   25405 	   11 	   18102 	   13 
 241496 	   25556 	   20 	   21394 	   20 
 241219 	   25240 	   13 	   20105 	   13 
 238145 	   39669 	   18 	   26964 	   18 
 260577 	   58867 	   50 	   83868 	   49 
 248829 	   22735 	   16 	   32051 	   16 
 247787 	   32637 	  124 	   30948 	  126 
 247905 	   28928 	   18 	   26884 	   19 
 248070 	   43937 	   30 	   38631 	   30 
 248034 	   40929 	   20 	   41410 	   21 
 249101 	   22402 	   16 	   25437 	   14 
 250670 	   27341 	   35 	   28283 	   35 
 250460 	   35008 	   28 	   35004 	   28 
 248917 	   23934 	   18 	   24602 	   18 
 248451 	   24877 	   14 	   27695 	   14 
 247690 	   42502 	   32 	   37884 	   30 
 250767 	   33141 	   19 	   31330 	   20 
 250114 	   25774 	   16 	   25105 	   16 
 250099 	   23775 	   11 	   25718 	   11 
 253858 	   36956 	   34 	   42407 	   29 
 251205 	   25435 	   15 	   27106 	   13 
 250576 	   41746 	   35 	   39174 	   34 
 249459 	   31189 	   11 	   30986 	   11 
 248824 	   36105 	   18 	   37893 	   17 
 248394 	   29530 	   15 	   30504 	   15 
 250805 	   60035 	   56 	   59084 	   53 
 245360 	   27129 	   17 	   25260 	   18 
 247049 	   37751 	   20 	   38610 	   20 
 248530 	   29181 	   27 	   29735 	   28 
 247034 	   28411 	   14 	   26768 	   15 
 249603 	   31650 	   19 	   32194 	   20 
 249889 	   33678 	   41 	   36097 	   42 
 247585 	   23867 	   17 	   26427 	   16 
 246449 	   29227 	   23 	   28281 	   19 
 248061 	   25600 	   29 	   27325 	   29 
 249407 	   24577 	   16 	   28439 	   15 
 250077 	   28593 	   19 	   28438 	   19 
 247259 	   33258 	   25 	   31627 	   24 
 247976 	   30537 	   14 	   31218 	   14 
 247253 	   32003 	   16 	   32062 	   14 
 247632 	   26325 	   14 	   25981 	   13 
 249705 	   27708 	   47 	   27273 	   43 
 248759 	   26322 	   20 	   26027 	   18 
 250283 	   25762 	   15 	   26617 	   15 
 249839 	   41972 	   31 	   39918 	   32 
 244421 	   50147 	   53 	   35202 	   56 
 252983 	   32118 	   21 	   39267 	   19 
 245542 	   23860 	   15 	   21521 	   15 
 250194 	   35152 	   22 	   36186 	   22 
 247462 	   30574 	   22 	   31307 	   22 
 248755 	   22719 	   14 	   27306 	   13 
 238679 	   45704 	   30 	   32411 	   29 
 242316 	   24807 	   22 	   21268 	   23 
 247317 	   20076 	   12 	   20904 	   14 
 247174 	   28162 	   20 	   28992 	   19 
 247486 	   25678 	   22 	   28907 	   22 
 249441 	   61821 	   39 	   59114 	   39 
 245878 	   22992 	   21 	   22650 	   21 
 250257 	   20308 	   12 	   32467 	   11 
 246430 	   24527 	   20 	   23002 	   20 
 249914 	   25080 	   22 	   30258 	   23 
 246658 	   22838 	   20 	   22546 	   20 
 241118 	   19634 	   10 	   17678 	   11 
 242942 	   17588 	   14 	   17108 	   14 
 238050 	   36729 	   18 	   22956 	   18 
 250367 	   42937 	   26 	   48906 	   26 
 250078 	   42638 	   91 	   47503 	   84 
 241740 	   17529 	   13 	   17029 	   12 
 242244 	   21602 	   13 	   20417 	   13 
 244309 	   23190 	   21 	   22614 	   21 
 247257 	   27973 	   22 	   31788 	   20 
 248539 	   36759 	   35 	   40427 	   34 
 241976 	   25769 	   17 	   20133 	   18 
 245282 	   29288 	   22 	   24775 	   22 
 247113 	   26229 	   22 	   26407 	   20 
 248640 	   24371 	   23 	   25125 	   22 
 250833 	   25386 	   25 	   33664 	   21 
 242729 	   22832 	   37 	   24884 	   35 
 241530 	   19345 	   16 	   19365 	   16 
 242071 	   20066 	   13 	   19827 	   13 
 239892 	   27506 	   14 	   20176 	   14 
 249247 	   23223 	   30 	   32409 	   29 
 242874 	   17965 	   22 	   17150 	   22 
 240632 	   25401 	   13 	   20919 	   13 
 238614 	   48903 	   30 	   30346 	   25 
 256069 	   38950 	   33 	   59766 	   30 
 246583 	   16805 	   13 	   19271 	   13 
 251248 	   30064 	   88 	   31934 	   89 
 249166 	   35099 	   18 	   34988 	   16 
 248322 	   30602 	   15 	   32051 	   15 
 249817 	   29862 	   24 	   28546 	   23 
 247300 	   25298 	   19 	   26387 	   18 
 246734 	   30108 	   25 	   29877 	   25 
 247869 	   22840 	   20 	   24007 	   17 
 247593 	   23097 	   24 	   22767 	   21 
 247667 	   31621 	   20 	   38565 	   19 
 246321 	   21282 	   15 	   28179 	   15 
 241818 	   33841 	   22 	   28768 	   17 
 250611 	   51005 	   65 	   49803 	   58 
 245016 	   24517 	   17 	   23818 	   15 
 242466 	   37175 	   23 	   32034 	   26 
 248643 	   18480 	   18 	   21199 	   16 
 246344 	   28735 	   21 	   26228 	   22 
 245962 	   24866 	   20 	   26264 	   21 
 243772 	   18922 	   14 	   22621 	   14 
 243937 	   28295 	   25 	   24324 	   25 
 248426 	   17665 	   15 	   26475 	   15 
 245289 	   36246 	   20 	   34752 	   19 
 247085 	   47479 	   71 	   45844 	   72 
 243626 	   27308 	   20 	   23853 	   20 
 244406 	   21182 	   16 	   19309 	   20 
 242834 	   24098 	   19 	   25134 	   27 
 243724 	   18977 	   13 	   22601 	   16 
 245676 	   32052 	   33 	   27071 	   32 
 246861 	   20944 	   18 	   21249 	   17 
 248111 	   19694 	   17 	   19744 	   16 
 249238 	   27304 	   19 	   33849 	   20 
 247015 	   35563 	   23 	   37527 	   21 
 241347 	   31979 	   59 	   23298 	   53 
 241414 	   14834 	   12 	   15247 	   14 
 241628 	   16020 	   13 	   16176 	   13 
 243049 	   20963 	   23 	   21532 	   23 
 246926 	   20357 	   15 	   26932 	   15 
 241479 	   34354 	   27 	   27072 	   30 
 242860 	   18314 	   12 	   18594 	   12 
 246243 	   17385 	   20 	   19818 	   23 
 248294 	   26390 	   19 	   35084 	   23 
 241369 	   35157 	   22 	   23056 	   25 
 250837 	   27948 	  114 	   32878 	  135 
 253953 	   28229 	   46 	   35902 	   56 
 253239 	   24931 	   37 	   30043 	   41 
 253960 	   25315 	   20 	   35403 	   21 
 250549 	   25302 	   14 	   24081 	   14 
 249955 	   26470 	   22 	   26850 	   22 
 251367 	   24641 	   17 	   24311 	   20 
 250347 	   36967 	   23 	   33762 	   24 
 251629 	   28446 	   16 	   30030 	   15 
 251279 	   28900 	   16 	   28117 	   14 
 251329 	   27827 	   20 	   28439 	   19 
 250052 	   24017 	   14 	   22442 	   14 
 247250 	   32764 	   24 	   25470 	   25 
 251908 	   24316 	   21 	   25354 	   20 
 252723 	   23232 	   15 	   25527 	   15 
 251133 	   20819 	   13 	   20660 	   13 
 250724 	   27223 	   28 	   25263 	   26 
 252449 	   36262 	   37 	   37086 	   43 
 251439 	   25545 	   12 	   25648 	   12 
 250738 	   23475 	   15 	   23008 	   16 
 253009 	   27662 	   45 	   35358 	   53 
 249173 	   30118 	   20 	   28734 	   20 
 248590 	   22764 	   20 	   20347 	   20 
 251183 	   24100 	   20 	   26937 	   19 
 249386 	   26706 	   23 	   28628 	   21 
 248996 	   26987 	   15 	   30951 	   15 
 246072 	   25523 	   18 	   22705 	   19 
 249237 	   27385 	   23 	   25833 	   21 
 248079 	   25010 	   14 	   25666 	   14 
 247937 	   25770 	   46 	   27816 	   52 
 245964 	   20702 	   12 	   20250 	   12 
 246268 	   17729 	   13 	   17462 	   13 
 247824 	   24089 	   21 	   26789 	   21 
 246829 	   25271 	   13 	   24129 	   14 
 248073 	   24842 	   17 	   24974 	   17 
 247294 	   17573 	   10 	   18250 	   10 
 248560 	   20695 	   13 	   21274 	   13 
 249045 	   26523 	   21 	   26614 	   20 
 248954 	   20763 	   10 	   20676 	    9 
 249098 	   27010 	   49 	   25766 	   55 
 251125 	   18701 	   14 	   18304 	   14 
 249335 	   20304 	   12 	   19989 	   12 
 248627 	   34010 	   32 	   29543 	   34 
 250784 	   37958 	   52 	   37772 	   53 
 249807 	   19080 	   14 	   19129 	   12 
 250577 	   25817 	   23 	   27292 	   24 
 249007 	   23354 	   17 	   22598 	   18 
 248484 	   18095 	   13 	   18201 	   13 
 250752 	   21389 	   26 	   20456 	   28 
 249916 	   21946 	   16 	   21082 	   17 
 250623 	   21258 	   23 	   21383 	   24 
 248831 	   24783 	   19 	   23679 	   18 
 248879 	   20996 	   28 	   20976 	   25 
 248024 	   21432 	   17 	   21068 	   17 
 247403 	   28804 	   43 	   27766 	   32 
 249186 	   24867 	   36 	   25205 	   38 
 248810 	   26311 	   41 	   26789 	   48 
 247690 	   23534 	   16 	   23178 	   16 
 247384 	   20865 	   14 	   20644 	   13 
 248512 	   25068 	   25 	   24115 	   28 
 249056 	   25247 	   16 	   24631 	   16 
 249733 	   19971 	   16 	   20618 	   13 
 248287 	   28211 	   31 	   28327 	   34 
 246466 	   20934 	   13 	   19124 	   17 
 246528 	   18062 	   17 	   18057 	   15 
 250062 	   26168 	   25 	   27775 	   23 
 249306 	   27507 	   25 	   27741 	   25 
 247585 	   20892 	   17 	   19965 	   19 
 249781 	   25368 	   58 	   25670 	   65 
 249773 	   22743 	   14 	   22963 	   14 
 250310 	   20603 	   14 	   22914 	   13 
 250935 	   25622 	   18 	   27797 	   18 
 248708 	   22633 	   27 	   23089 	   29 
 248382 	   21476 	   15 	   21965 	   18 
 246645 	   19055 	   11 	   19240 	   11 
 249097 	   23708 	   20 	   22701 	   19 
 249130 	   20399 	   17 	   21873 	   16 
 249034 	   28549 	   40 	   26905 	   46 
 250862 	   21002 	   15 	   21151 	   15 
 249289 	   24742 	   16 	   22759 	   14 
 248088 	   29807 	   38 	   26631 	   48 
 251650 	   25694 	   39 	   28117 	   41 
 250405 	   24962 	   18 	   24262 	   20 
 250705 	   22427 	   14 	   22097 	   14 
 249843 	   25624 	   14 	   24708 	   11 
 250059 	   24035 	   23 	   24009 	   24 
 249699 	   24327 	   24 	   24054 	   22 
 249412 	   26333 	   15 	   26478 	   15 
 248507 	   19026 	   12 	   18832 	   12 
 249209 	   24762 	   24 	   24801 	   25 
 249032 	   27103 	   25 	   27194 	   22 
 247525 	   20974 	   18 	   20219 	   19 
 246496 	   23819 	   37 	   23866 	   36 
 245560 	   22774 	   17 	   22307 	   17 
 247301 	   22540 	   20 	   23102 	   21 
 246973 	   19024 	   14 	   18820 	   14 
 247663 	   20778 	   15 	   21353 	   12 
 247595 	   23355 	   27 	   24073 	   27 
 247812 	   20065 	   19 	   20425 	   14 
 249087 	   18298 	   18 	   19298 	   17 
 248390 	   25228 	   15 	   24778 	   13 
 249122 	   22308 	   16 	   22695 	   14 
 248658 	   34678 	   54 	   35032 	   59 
 249586 	   21416 	   32 	   22122 	   31 
 248225 	   22496 	   37 	   22640 	   42 
 247343 	   23200 	   13 	   22476 	   12 
 247899 	   20116 	   14 	   20111 	   12 
 248693 	   23862 	   26 	   25928 	   27 
 246267 	   16855 	   14 	   16101 	   18 
 246533 	   21197 	   19 	   20739 	   20 
 248545 	   24307 	   23 	   23027 	   25 
 248664 	   24516 	   17 	   23201 	   17 
 249830 	   17984 	   15 	   18185 	   15 
 250370 	   22004 	   27 	   24612 	   27 
 249010 	   30514 	   24 	   29672 	   24 
 247682 	   20710 	   22 	   18707 	   20 
 249672 	   22415 	   82 	   22463 	   79 
 249219 	   21758 	   14 	   20862 	   15 
 249075 	   19058 	   16 	   19840 	   14 
 247430 	   24063 	   25 	   22828 	   27 
 247113 	   21009 	   19 	   20561 	   18 
 246514 	   19851 	   30 	   19387 	   32 
 247915 	   17919 	   16 	   17915 	   15 
 247085 	   21612 	   21 	   21308 	   17 
 246753 	   22906 	   26 	   22738 	   24 
 244880 	   16800 	   14 	   16544 	   14 
 244669 	   16316 	   17 	   16549 	   15 
 245751 	   23488 	   56 	   24839 	   59 
 245391 	   22818 	   19 	   21929 	   16 
 245583 	   22103 	   28 	   22312 	   28 
 247722 	   19420 	   17 	   19074 	   15 
 247837 	   21435 	   20 	   21353 	   18 
 246139 	   21133 	   29 	   20581 	   29 
 243954 	   17221 	   17 	   17437 	   15 
 242968 	   15355 	   15 	   20902 	   11 
 245856 	   21015 	   22 	   21665 	   23 
 245383 	   20203 	   16 	   20724 	   14 
 246187 	   24141 	   64 	   25145 	   67 
 244746 	   21016 	   15 	   19694 	   16 
 245642 	   17622 	   18 	   17644 	   16 
 244341 	   21177 	   22 	   20939 	   24 
 243521 	   20355 	   16 	   23908 	   15 
 245521 	   22822 	   31 	   26947 	   29 
 246090 	   18806 	   17 	   18046 	   14 
 249813 	   23321 	   22 	   24678 	   17 
 245505 	   24479 	   25 	   22807 	   25 
 246011 	   20939 	   18 	   22936 	   19 
 246029 	   21516 	   18 	   21747 	   14 
 245782 	   36431 	   48 	   68765 	   63 
 244808 	   21757 	   15 	   47101 	   10 
 243732 	   19206 	   27 	   20429 	   25 
 244014 	   17860 	   17 	   19659 	   13 
 244113 	   20897 	   29 	   21237 	   28 
 243856 	   17468 	   16 	   19925 	   15 
 245093 	   21049 	   30 	   20869 	   25 
 246497 	   18081 	   15 	   20681 	   13 
 246574 	   25387 	   20 	   28020 	   18 
 238095 	  144572 	  112 	   62807 	  111 
 250793 	   18509 	   16 	   22701 	   16 
 250520 	   21378 	   41 	   22532 	   46 
 252036 	   31443 	   31 	   34303 	   34 
 251454 	   21197 	   13 	   21168 	   13 
 249194 	   23797 	   19 	   23014 	   19 
 251333 	   25377 	   16 	   24485 	   16 
 251543 	   38636 	   27 	   38616 	   25 
 252613 	   25164 	   16 	   28292 	   16 
 251108 	   25675 	   16 	   25261 	   15 
 250414 	   23716 	   19 	   23038 	   18 
 250751 	   23222 	   13 	   23444 	   12 
 250253 	   30382 	   24 	   28796 	   21 
 251926 	   30641 	   27 	   31153 	   28 
 251946 	   27226 	   14 	   28062 	   14 
 250912 	   22459 	   13 	   22824 	   13 
 251078 	   28427 	   19 	   26442 	   21 
 253314 	   34489 	   40 	   37415 	   43 
 251360 	   25429 	   17 	   26197 	   15 
 251041 	   22651 	   17 	   22218 	   17 
 253110 	   27656 	   45 	   34329 	   47 
 250029 	   27710 	   16 	   31610 	   15 
 248977 	   22965 	   19 	   20337 	   19 
 249372 	   26267 	   16 	   27000 	   16 
 245399 	   25073 	   17 	   21589 	   17 
 249631 	   17883 	   13 	   23307 	   13 
 249021 	   37097 	   27 	   34853 	   28 
 255003 	   25465 	   22 	   35953 	   21 
 245017 	   27069 	   13 	   21715 	   13 
 253070 	   22592 	   37 	   32513 	   36 
 244683 	   19552 	   15 	   18889 	   15 
 245754 	   18275 	   14 	   17674 	   14 
 246749 	   21641 	   23 	   20410 	   23 
 247865 	   20737 	   15 	   20976 	   15 
 248703 	   18934 	   22 	   19137 	   22 
 249880 	   25222 	   22 	   30606 	   24 
 244323 	   26461 	   14 	   20033 	   14 
 252372 	   22391 	   19 	   31540 	   19 
 249208 	   19360 	   14 	   19826 	   14 
 254233 	   23445 	   55 	   34387 	   58 
 249535 	   25561 	   16 	   22272 	   16 
 251243 	   20173 	   14 	   22627 	   13 
 246213 	   39450 	   27 	   30440 	   27 
 240277 	   43125 	   63 	   26325 	   66 
 244549 	   28780 	   28 	   18743 	   32 
 252647 	   31356 	   50 	   34775 	   56 
 252527 	   22841 	   19 	   26219 	   18 
 250294 	   17827 	   12 	   22160 	   12 
 248070 	   24382 	   16 	   20892 	   16 
 251376 	   22328 	   24 	   26366 	   24 
 250183 	   20823 	   13 	   20125 	   14 
 250006 	   24796 	   18 	   24666 	   16 
 247313 	   33815 	   23 	   27677 	   24 
 247666 	   36918 	   27 	   32134 	   30 
 253854 	   24865 	   21 	   35484 	   20 
 248464 	   18764 	   12 	   18564 	   12 
 249534 	   21553 	   24 	   25774 	   24 
 247887 	   21879 	   16 	   22054 	   16 
 249674 	   19122 	   15 	   22899 	   15 
 249007 	   23374 	   13 	   24339 	   13 
 249514 	   22913 	   14 	   23540 	   15 
 251710 	   21195 	   16 	   26491 	   15 
 244850 	   37985 	   35 	   29078 	   40 
 246098 	   24514 	   13 	   18582 	   16 
 250099 	   28808 	   29 	   31687 	   30 
 246254 	   21604 	   16 	   22384 	   16 
 253097 	   22488 	   24 	   31865 	   22 
 249091 	   18098 	   13 	   20494 	   12 
 250005 	   28172 	   55 	   30180 	   62 
 249736 	   18795 	   16 	   19142 	   14 
 248550 	   21032 	   18 	   19679 	   17 
 250181 	   23261 	   18 	   23915 	   18 
 248310 	   26922 	   27 	   25517 	   26 
 247940 	   22278 	   16 	   22445 	   14 
 246417 	   19377 	   15 	   18765 	   14 
 249128 	   25374 	   18 	   24596 	   20 
 248042 	   23949 	   18 	   23624 	   16 
 249291 	   28173 	   38 	   27781 	   42 
 250954 	   22070 	   14 	   22440 	   14 
 249726 	   29266 	   18 	   27483 	   17 
 249771 	   24503 	   41 	   24055 	   41 
 251909 	   30756 	   38 	   33645 	   41 
 250299 	   22667 	   14 	   22220 	   13 
 250105 	   19271 	   13 	   18717 	   15 
 250217 	   25012 	   18 	   24056 	   16 
 250368 	   23962 	   22 	   24365 	   24 
 250527 	   25252 	   21 	   26618 	   20 
 249606 	   23035 	   12 	   23316 	   14 
 248783 	   19908 	   16 	   20463 	   15 
 248087 	   26305 	   21 	   23802 	   21 
 249210 	   26911 	   22 	   27727 	   24 
 249015 	   19095 	   17 	   20733 	   17 
 246149 	   22630 	   32 	   21504 	   31 
 245921 	   19891 	   15 	   19985 	   17 
 246250 	   17587 	   14 	   17567 	   14 
 247220 	   21111 	   18 	   20540 	   19 
 246600 	   24298 	   16 	   23632 	   15 
 246821 	   26398 	   27 	   24273 	   24 
 247440 	   18694 	   20 	   18762 	   19 
 247880 	   22000 	   17 	   20841 	   16 
 249445 	   24600 	   16 	   26073 	   17 
 248266 	   21542 	   15 	   20038 	   17 
 248585 	   30897 	   42 	   30058 	   41 
 250888 	   23447 	   42 	   27837 	   48 
 248297 	   24238 	   41 	   24246 	   36 
 247612 	   21469 	   15 	   21062 	   14 
 248009 	   19424 	   15 	   19565 	   12 
 247017 	   24612 	   23 	   23537 	   25 
 247301 	   24489 	   24 	   24412 	   27 
 247701 	   19955 	   17 	   21661 	   17 
 248280 	   23759 	   22 	   23109 	   21 
 248951 	   20990 	   13 	   20644 	   13 
 249990 	   18922 	   15 	   19274 	   13 
 249096 	   23849 	   24 	   23375 	   24 
 249503 	   29187 	   22 	   29245 	   22 
 249118 	   18284 	   17 	   19563 	   17 
 249685 	   24995 	   83 	   25018 	   90 
 249066 	   21460 	   16 	   21550 	   16 
 247521 	   20498 	   12 	   18175 	   12 
 247404 	   30179 	   24 	   27772 	   23 
 249714 	   20400 	   22 	   24774 	   23 
 245638 	   20060 	   13 	   17750 	   14 
 249036 	   21681 	   36 	   24022 	   39 
 247118 	   23855 	   19 	   23434 	   20 
 246526 	   21713 	   23 	   21725 	   23 
 245943 	   16118 	   13 	   16375 	   14 
 244624 	   18286 	   17 	   18037 	   16 
 241399 	   34173 	   44 	   25632 	   45 
 247720 	   19728 	   19 	   25257 	   22 
 246150 	   16659 	   13 	   18301 	   13 
 242689 	   30195 	   20 	   18771 	   21 
 249008 	   30329 	   21 	   32709 	   22 
 250281 	   24127 	   37 	   31659 	   39 
 243473 	   17490 	   14 	   15542 	   13 
 240352 	   19396 	   19 	   19125 	   17 
 242865 	   24855 	   21 	   21680 	   22 
 246242 	   24656 	   21 	   24341 	   21 
 245104 	   25171 	   70 	   25324 	   86 
 245783 	   17384 	   12 	   17761 	   12 
 245868 	   20854 	   18 	   21538 	   15 
 244790 	   21580 	   17 	   22141 	   18 
 241043 	   21381 	   18 	   20444 	   17 
 242700 	   26265 	   33 	   24195 	   32 
 247338 	   19900 	   12 	   21363 	   12 
 248007 	   26137 	   18 	   25213 	   16 
 247303 	   27911 	   22 	   28230 	   25 
 244837 	   22833 	   20 	   23735 	   18 
 246069 	   24598 	   15 	   23515 	   15 
 223757 	   62540 	   39 	   45563 	   41 
 226434 	   42510 	   19 	   33380 	   15 
 241693 	   25185 	   21 	   22367 	   22 
 243069 	   22172 	   21 	   22214 	   19 
 243943 	   21941 	   38 	   21495 	   39 
 243027 	   20116 	   22 	   19203 	   22 
 244024 	   21330 	   17 	   21047 	   16 
 244829 	   25255 	   23 	   24945 	   24 
 246009 	   24227 	   25 	   25386 	   22 
 287237 	   66765 	   84 	  104764 	   85 
 255591 	   30807 	   54 	   33325 	   53 
 249584 	   24303 	   13 	   24771 	   13 
 249574 	   20042 	   12 	   20114 	   11 
 247687 	   33504 	   26 	   26753 	   26 
 250689 	   40278 	   44 	   38825 	   43 
 249766 	   25900 	   15 	   26028 	   15 
 252430 	   24096 	   17 	   25219 	   17 
 253428 	   28839 	   22 	   34703 	   20 
 250186 	   26540 	   14 	   25043 	   13 
 251295 	   22502 	   16 	   23439 	   16 
 250500 	   26063 	   14 	   25084 	   14 
 252079 	   22246 	   16 	   22991 	   16 
 249823 	   30281 	   45 	   27067 	   49 
 253706 	   25312 	   17 	   29745 	   16 
 251470 	   18855 	   26 	   18874 	   20 
 250339 	   22939 	   26 	   22869 	   25 
 250592 	   28153 	   28 	   27317 	   29 
 250962 	   25063 	   15 	   25427 	   13 
 250758 	   28045 	   20 	   27965 	   20 
 250375 	   26220 	   20 	   26561 	   19 
 251027 	   22435 	   27 	   21381 	   25 
 250580 	   24000 	   16 	   23609 	   15 
 249581 	   28810 	   37 	   24832 	   32 
 250828 	   26546 	   27 	   25950 	   26 
 250280 	   26908 	   15 	   26259 	   14 
 251882 	   28434 	   24 	   31174 	   24 
 249054 	   28336 	   16 	   24830 	   16 
 250854 	   20795 	   18 	   20905 	   16 
 248171 	   36109 	   31 	   28418 	   33 
 249548 	   42256 	   85 	   39252 	   89 
 249433 	   22801 	   19 	   23515 	   17 
 249184 	   20960 	   16 	   21899 	   14 
 250441 	   26734 	   22 	   27214 	   19 
 251024 	   22732 	   13 	   23868 	   13 
 250381 	   29066 	   16 	   29339 	   17 
 249648 	   37388 	   34 	   34774 	   33 
 248462 	   22804 	   15 	   25769 	   15 
 247319 	   22682 	   18 	   22705 	   16 
 248883 	   32075 	   23 	   31455 	   20 
 248907 	   22206 	   22 	   22485 	   19 
 248396 	   25356 	   17 	   25898 	   16 
 251111 	   26294 	   42 	   30529 	   39 
 252888 	   28864 	   32 	   33946 	   30 
 249563 	   23472 	   14 	   22301 	   14 
 251899 	   32001 	   18 	   33953 	   19 
 249420 	   27572 	   20 	   28089 	   20 
 247432 	   28563 	   20 	   23676 	   19 
 250049 	   22429 	   15 	   25352 	   14 
 248177 	   49919 	   37 	   45210 	   37 
 248973 	   22179 	   22 	   22786 	   22 
 251535 	   29671 	   24 	   33206 	   23 
 246118 	   30258 	   21 	   28889 	   20 
 247281 	   25710 	   17 	   27606 	   17 
 246020 	   37682 	   25 	   31880 	   24 
 247614 	   34375 	   30 	   30924 	   30 
 249091 	   22652 	   21 	   21811 	   23 
 249796 	   25410 	   21 	   24409 	   19 
 247402 	   33965 	   71 	   33504 	   74 
 245347 	   21298 	   17 	   21102 	   16 
 245713 	   29062 	   15 	   26935 	   22 
 247521 	   33115 	   26 	   34946 	   24 
 247320 	   27087 	   24 	   25259 	   22 
 247402 	   18516 	   16 	   20508 	   14 
 247737 	   31276 	   36 	   29945 	   40 
 247331 	   26621 	   22 	   26471 	   16 
 248600 	   24188 	   21 	   27557 	   20 
 248770 	   29815 	   26 	   27397 	   23 
 247941 	   32755 	   21 	   30375 	   22 
 248813 	   30585 	   18 	   30353 	   17 
 251904 	   33760 	   55 	   39622 	   51 
 247869 	   21590 	   19 	   22883 	   22 
 248016 	   28596 	   27 	   33222 	   26 
 245644 	   40486 	   23 	   40237 	   21 
 244939 	   35225 	   20 	   30420 	   20 
 246423 	   26644 	   19 	   24064 	   19 
 247969 	   37761 	   41 	   37198 	   39 
 249006 	   33868 	   19 	   34739 	   21 
 250587 	   33773 	   25 	   34651 	   23 
 246323 	   31102 	   20 	   28516 	   14 
 248569 	   21877 	   19 	   26113 	   19 
 246716 	   35598 	   24 	   32550 	   24 
 248743 	   40094 	   34 	   37078 	   34 
 247305 	   32628 	   22 	   32725 	   19 
 247992 	   24440 	   16 	   24738 	   16 
 249204 	   22210 	   25 	   22430 	   27 
 249170 	   24731 	   18 	   25669 	   19 
 253305 	   30126 	  110 	   35337 	  120 
 251556 	   25507 	   39 	   27938 	   42 
 252036 	   35106 	   31 	   37717 	   34 
 250347 	   20843 	   15 	   21021 	   14 
 251198 	   27229 	   16 	   26728 	   16 
 250452 	   23228 	   24 	   23291 	   22 
 248402 	   33615 	   21 	   27538 	   22 
 250782 	   22833 	   22 	   22663 	   17 
 250375 	   26376 	   17 	   25397 	   16 
 252409 	   32295 	   32 	   35285 	   33 
 252589 	   24704 	   16 	   27161 	   16 
 251600 	   25068 	   18 	   25398 	   18 
 251257 	   26556 	   20 	   26549 	   21 
 251886 	   26390 	   14 	   27181 	   14 
 251727 	   23868 	   16 	   24250 	   16 
 250551 	   28462 	   23 	   26861 	   23 
 252920 	   31827 	   34 	   33095 	   37 
 252117 	   19627 	   14 	   21854 	   15 
 250678 	   18612 	   13 	   18964 	   12 
 255645 	   31150 	   45 	   38302 	   47 
 247259 	   28099 	   18 	   26994 	   18 
 251440 	   30065 	   17 	   31797 	   18 
 247833 	   30979 	   16 	   28891 	   16 
 246220 	   22774 	   16 	   21737 	   17 
 249545 	   21387 	   20 	   24950 	   21 
 249844 	   38175 	   26 	   38844 	   30 
 252569 	   27783 	   21 	   34345 	   21 
 246939 	   23546 	   13 	   21051 	   13 
 252631 	   24351 	   37 	   32655 	   35 
 244760 	   17081 	   14 	   16494 	   15 
 248299 	   19952 	   19 	   23131 	   21 
 244414 	   25306 	   20 	   21009 	   21 
 248167 	   18847 	   19 	   19098 	   20 
 252179 	   15464 	   14 	   24437 	   14 
 246403 	   36823 	   25 	   33110 	   28 
 245347 	   24440 	   15 	   19803 	   16 
 249809 	   16295 	   13 	   22243 	   13 
 249636 	   19445 	   18 	   22098 	   18 
 250049 	   22811 	   16 	   26073 	   15 
 252306 	   33750 	   60 	   33537 	   56 
 251885 	   19954 	   14 	   23456 	   14 
 245925 	   37688 	   27 	   27526 	   28 
 243657 	   31248 	   67 	   21644 	   72 
 240727 	   38537 	   30 	   21691 	   33 
 253516 	   30716 	   55 	   36746 	   55 
 250601 	   19166 	   14 	   20237 	   13 
 252525 	   23382 	   22 	   29738 	   21 
 246931 	   24425 	   15 	   20171 	   15 
 252646 	   15872 	   13 	   22947 	   15 
 250747 	   22125 	   24 	   21140 	   24 
 249730 	   20930 	   11 	   20763 	   11 
 247056 	   28951 	   24 	   22272 	   26 
 246635 	   22273 	   12 	   18165 	   12 
 255412 	   29006 	   26 	   39220 	   28 
 248718 	   21463 	   15 	   22314 	   14 
 248806 	   22198 	   24 	   24682 	   24 
 250135 	   17035 	   14 	   22401 	   14 
 246197 	   25557 	   18 	   21873 	   19 
 251751 	   22023 	   13 	   29231 	   13 
 251072 	   19345 	   14 	   23426 	   15 
 246510 	   28295 	   16 	   22320 	   17 
 250258 	   30469 	   27 	   33639 	   29 
 241647 	   35447 	   28 	   19570 	   30 
 250049 	   25507 	   27 	   28270 	   29 
 249577 	   20175 	   15 	   26368 	   14 
 247711 	   21796 	   17 	   22603 	   17 
 251696 	   16873 	   14 	   23570 	   13 
 250827 	   26229 	   33 	   29353 	   34 
 248775 	   25450 	   17 	   25556 	   17 
 250112 	   26598 	   18 	   25933 	   17 
 248681 	   23835 	   23 	   23356 	   22 
 247019 	   17480 	   14 	   17372 	   13 
 248039 	   20660 	   19 	   20187 	   18 
 248652 	   27115 	   24 	   26524 	   24 
 249480 	   22070 	   22 	   22013 	   24 
 247833 	   20197 	   16 	   19797 	   15 
 248866 	   29425 	   51 	   29085 	   48 
 250982 	   21884 	   18 	   21380 	   17 
 250004 	   25353 	   14 	   24422 	   14 
 249824 	   22326 	   31 	   22445 	   32 
 246861 	   26796 	   40 	   25313 	   39 
 245864 	   19612 	   19 	   19924 	   16 
 246347 	   17409 	   15 	   17612 	   16 
 247411 	   22778 	   24 	   21695 	   24 
 247574 	   23524 	   17 	   23883 	   18 
 248824 	   22317 	   24 	   21608 	   24 
 247063 	   18921 	   17 	   19227 	   16 
 247018 	   23156 	   17 	   22216 	   16 
 247391 	   23632 	   18 	   22654 	   19 
 249043 	   19526 	   15 	   19705 	   14 
 247773 	   34625 	   48 	   32429 	   54 
 250844 	   24907 	   33 	   29011 	   30 
 251830 	   29797 	   47 	   30695 	   49 
 250455 	   17374 	   16 	   18632 	   16 
 250998 	   22366 	   20 	   21695 	   20 
 249381 	   22328 	   13 	   21006 	   13 
 248823 	   25913 	   17 	   23427 	   17 
 249255 	   19904 	   10 	   19598 	   10 
 249149 	   25428 	   17 	   25674 	   17 
 249137 	   22800 	   20 	   23292 	   21 
 248487 	   27752 	   26 	   25470 	   29 
 251265 	   22624 	   23 	   26801 	   23 
 249154 	   22995 	   17 	   24641 	   15 
 248385 	   25821 	   38 	   27123 	   41 
 247671 	   21736 	   14 	   21303 	   13 
 247943 	   23340 	   19 	   23812 	   18 
 247250 	   23615 	   22 	   22904 	   23 
 248186 	   25832 	   20 	   24382 	   18 
 249615 	   22813 	   15 	   22872 	   14 
 249164 	   23382 	   15 	   23384 	   15 
 249208 	   24759 	   22 	   24713 	   23 
 248799 	   28160 	   25 	   28161 	   24 
 247115 	   23241 	   17 	   24191 	   17 
 248221 	   21943 	   25 	   23114 	   26 
 248774 	   19806 	   16 	   20293 	   15 
 249860 	   27141 	   97 	   27419 	  108 
 248715 	   20048 	   14 	   19216 	   13 
 249321 	   21453 	   14 	   21944 	   14 
 248493 	   23461 	   19 	   23997 	   18 
 247444 	   20433 	   19 	   18895 	   19 
 247033 	   17903 	   13 	   19312 	   13 
 245722 	   28755 	   23 	   24358 	   24 
 247890 	   26974 	   18 	   27441 	   18 
 247969 	   19845 	   14 	   21746 	   14 
 246318 	   22619 	   19 	   23178 	   19 
 244948 	   19859 	   13 	   20236 	   13 
 240175 	   35865 	   45 	   25633 	   49 
 249486 	   17044 	   14 	   25002 	   14 
 243759 	   22935 	   13 	   18382 	   13 
 245539 	   31473 	   19 	   27965 	   19 
 248104 	   27883 	   21 	   28839 	   22 
 248877 	   18980 	   12 	   24316 	   12 
 244778 	   24231 	   24 	   22493 	   24 
 240932 	   21560 	   13 	   21591 	   13 
 242670 	   23314 	   25 	   22239 	   25 
 244979 	   22704 	   16 	   20789 	   16 
 245847 	   18405 	   17 	   19783 	   17 
 244686 	   27260 	   47 	   25507 	   51 
 246789 	   22899 	   14 	   25567 	   14 
 245154 	   21282 	   22 	   21403 	   22 
 240849 	   21022 	   17 	   19658 	   17 
 242628 	   18096 	   11 	   17537 	   11 
 246363 	   28243 	   25 	   26086 	   25 
 247171 	   32114 	   18 	   30152 	   18 
 249057 	   31488 	   25 	   33973 	   25 
 244684 	   22399 	   14 	   22833 	   14 
 245687 	   29774 	   18 	   29093 	   18 
 229208 	   57413 	   46 	   46284 	   49 
 224077 	   51195 	   16 	   38070 	   16 
 239526 	   23935 	   24 	   21498 	   26 
 242825 	   22288 	   20 	   20669 	   20 
 244394 	   24360 	   32 	   24350 	   33 
 242196 	   22273 	   12 	   20529 	   12 
 243492 	   29754 	   20 	   28328 	   20 
 245165 	   32732 	   29 	   32012 	   29 
 244213 	   34399 	   20 	   33117 	   19 
 266743 	   45344 	   79 	   66599 	   87 
 277603 	   57349 	   51 	   83331 	   54 
 250020 	   22508 	   18 	   23337 	   17 
 249443 	   20215 	   15 	   19921 	   15 
 247232 	   34622 	   31 	   27926 	   30 
 251132 	   39755 	   45 	   39796 	   46 
 250799 	   21885 	   15 	   22726 	   15 
 249946 	   19197 	   11 	   18066 	   11 
 254126 	   24882 	   39 	   30638 	   44 
 251518 	   21847 	   15 	   23486 	   15 
 247985 	   21906 	   13 	   17672 	   13 
 253734 	   24573 	   17 	   28329 	   17 
 251042 	   20142 	   12 	   19741 	   15 
 249623 	   27150 	   15 	   24174 	   15 
 253206 	   29428 	   33 	   32079 	   29 
 252107 	   20997 	   18 	   21563 	   17 
 250162 	   27260 	   26 	   26645 	   25 
 250652 	   26679 	   24 	   25783 	   24 
 250293 	   19403 	   17 	   19200 	   17 
 250764 	   21968 	   13 	   22323 	   13 
 250986 	   22712 	   22 	   22411 	   18 
 250880 	   29036 	   31 	   28411 	   29 
 250905 	   22127 	   20 	   21381 	   18 
 250110 	   27502 	   42 	   25724 	   37 
 250809 	   27602 	   23 	   25971 	   23 
 251077 	   26655 	   18 	   27878 	   18 
 249475 	   24427 	   15 	   22341 	   15 
 249957 	   21715 	   15 	   20983 	   15 
 250316 	   19349 	   13 	   17744 	   13 
 250005 	   26206 	   18 	   24430 	   16 
 248356 	   49292 	   85 	   42028 	   88 
 248652 	   20775 	   17 	   19908 	   16 
 250382 	   30326 	   22 	   31375 	   19 
 248280 	   31414 	   28 	   31467 	   27 
 247653 	   23420 	   18 	   24788 	   16 
 247276 	   22220 	   18 	   21634 	   16 
 250745 	   30247 	   21 	   32138 	   21 
 250144 	   26756 	   16 	   26705 	   16 
 251427 	   22853 	   16 	   23620 	   15 
 250157 	   32153 	   21 	   31839 	   20 
 249615 	   20217 	   23 	   20336 	   20 
 247888 	   23869 	   18 	   23659 	   18 
 248557 	   20870 	   14 	   23022 	   15 
 245956 	   28205 	   62 	   27683 	   73 
 246098 	   27298 	   19 	   26527 	   17 
 247302 	   28380 	   29 	   26486 	   38 
 245764 	   29349 	   18 	   27727 	   16 
 249992 	   26976 	   21 	   31044 	   19 
 248285 	   30095 	   34 	   28539 	   33 
 246616 	   24103 	   16 	   24329 	   15 
 247079 	   25061 	   21 	   23308 	   21 
 248670 	   42456 	   29 	   41651 	   27 
 248533 	   27618 	   24 	   26415 	   23 
 248714 	   23843 	   19 	   25209 	   19 
 249613 	   21223 	   15 	   25971 	   14 
 256391 	   39178 	   50 	   47412 	   49 
 251749 	   30128 	   14 	   31912 	   14 
 249479 	   24837 	   13 	   22920 	   13 
 250978 	   26565 	   29 	   27172 	   29 
 249963 	   22752 	   16 	   23391 	   14 
 248961 	   24788 	   21 	   27739 	   21 
 247495 	   28667 	   14 	   23712 	   14 
 250509 	   24760 	   13 	   29711 	   13 
 248656 	   47908 	   25 	   43255 	   25 
 248362 	   22168 	   22 	   24211 	   22 
 244785 	   22979 	   18 	   20295 	   16 
 246078 	   35546 	   23 	   29039 	   23 
 247244 	   29152 	   25 	   25474 	   25 
 249756 	   22818 	   20 	   22385 	   20 
 249144 	   31074 	   15 	   31803 	   14 
 248997 	   40387 	   43 	   38524 	   38 
 247791 	   23020 	   15 	   24023 	   14 
 249377 	   33854 	   34 	   34184 	   34 
 248768 	   35297 	   16 	   36010 	   15 
 250001 	   35629 	   33 	   38578 	   33 
 245245 	   22961 	   20 	   24054 	   20 
 244360 	   22890 	   17 	   19185 	   16 
 246652 	   26930 	   20 	   24343 	   19 
 248229 	   38346 	   25 	   38538 	   25 
 248923 	   38473 	   22 	   41305 	   21 
 246986 	   28417 	   16 	   27492 	   16 
 246200 	   44128 	   25 	   38825 	   25 
 248149 	   44035 	   30 	   41529 	   31 
 247288 	   30197 	   16 	   31123 	   15 
 247821 	   32266 	   20 	   32296 	   19 
 248046 	   28932 	   20 	   28795 	   20 
 249684 	   28654 	   20 	   29718 	   20 
 250971 	   37536 	  102 	   39070 	  101 
 249841 	   21881 	   18 	   21814 	   16 
 250053 	   19795 	   19 	   20337 	   13 
 250326 	   30160 	   30 	   30613 	   30 
 251199 	   35534 	   40 	   36686 	   47 
 250856 	   21053 	   14 	   21334 	   14 
 250701 	   18402 	   12 	   19130 	   10 
 251757 	   28017 	   30 	   28567 	   30 
 250885 	   20783 	   13 	   21376 	   13 
 250863 	   18870 	   12 	   19304 	   12 
 251504 	   22662 	   26 	   23140 	   23 
 251470 	   19980 	   12 	   20317 	   15 
 250381 	   27236 	   16 	   25038 	   17 
 253344 	   30634 	   27 	   32977 	   21 
 250876 	   21022 	   15 	   20915 	   13 
 251689 	   26361 	   30 	   28342 	   30 
 250867 	   27205 	   22 	   25929 	   22 
 250033 	   18245 	   13 	   18584 	   13 
 252676 	   24449 	   17 	   27771 	   14 
 249600 	   18347 	   10 	   17123 	   11 
 248316 	   34398 	   33 	   27558 	   33 
 250732 	   21126 	   18 	   20371 	   17 
 249316 	   29434 	   41 	   25813 	   40 
 251540 	   26485 	   23 	   26508 	   23 
 251286 	   25740 	   18 	   27026 	   15 
 250488 	   22153 	   14 	   23205 	   16 
 249513 	   18636 	   11 	   17948 	   11 
 251544 	   25129 	   21 	   24393 	   20 
 248628 	   30102 	   18 	   25301 	   17 
 252304 	   46903 	  103 	   48955 	  110 
 250472 	   21588 	   14 	   24358 	   14 
 246522 	   36546 	   20 	   30162 	   21 
 249650 	   33437 	   26 	   35825 	   25 
 244835 	   25508 	   18 	   20796 	   18 
 250464 	   18623 	   16 	   25788 	   14 
 247055 	   38407 	   25 	   31584 	   25 
 252406 	   25660 	   15 	   29682 	   15 
 252497 	   19359 	   13 	   24000 	   13 
 251732 	   33417 	   24 	   34375 	   23 
 249509 	   18980 	   16 	   21523 	   16 
 247492 	   32492 	   23 	   29579 	   22 
 245995 	   25908 	   14 	   21036 	   14 
 245005 	   31360 	   48 	   28926 	   48 
 250410 	   31181 	   21 	   37206 	   19 
 246551 	   40576 	   29 	   39140 	   29 
 246342 	   24271 	   16 	   26565 	   16 
 247793 	   34890 	   22 	   32799 	   23 
 248238 	   35585 	   36 	   34112 	   34 
 250946 	   20994 	   18 	   30187 	   18 
 256732 	   30038 	   29 	   47154 	   27 
 249858 	   25468 	   18 	   26959 	   18 
 245793 	   30692 	   21 	   25371 	   21 
 243147 	   34530 	   18 	   25266 	   20 
 244325 	   27526 	   13 	   21611 	   13 
 253511 	   48035 	   56 	   48763 	   54 
 252660 	   31537 	   15 	   35981 	   15 
 250609 	   24921 	   10 	   24625 	   10 
 249453 	   31135 	   22 	   28605 	   21 
 250533 	   20330 	   17 	   22838 	   16 
 250662 	   23995 	   22 	   29701 	   22 
 249486 	   23823 	   13 	   24876 	   13 
 249009 	   28513 	   13 	   27430 	   13 
 250269 	   39215 	   25 	   41958 	   25 
 247916 	   26839 	   20 	   28936 	   18 
 245917 	   25670 	   15 	   24478 	   15 
 241410 	   47645 	   24 	   31100 	   25 
 249181 	   36465 	   47 	   34753 	   47 
 250957 	   26389 	   14 	   37126 	   14 
 257737 	   37865 	   27 	   54522 	   25 
 249225 	   28621 	   14 	   31397 	   14 
 249580 	   39392 	   33 	   40922 	   33 
 246629 	   23647 	   22 	   27833 	   22 
 238870 	   36869 	   18 	   22488 	   19 
 256490 	   25256 	   26 	   39315 	   25 
 249374 	   24705 	   19 	   28508 	   19 
 241936 	   49695 	   26 	   35022 	   26 
 246794 	   30538 	   13 	   32236 	   13 
 241946 	   50605 	   19 	   39878 	   21 
 239734 	   50880 	   28 	   27862 	   26 
 250157 	   23736 	   17 	   22120 	   18 
 252451 	   25630 	   16 	   34724 	   16 
 242416 	   56997 	   23 	   39573 	   26 
 249810 	   18494 	   15 	   26520 	   14 
 241561 	   36241 	   19 	   23168 	   19 
 249780 	   33924 	   18 	   35450 	   18 
 246714 	   26876 	   18 	   20330 	   18 
 241610 	   80348 	  121 	   53802 	  124 
 249931 	   37099 	   19 	   35322 	   19 
 249280 	   38440 	   18 	   34270 	   18 
 254447 	   44527 	   37 	   49003 	   41 
 249209 	   26849 	   20 	   27664 	   21 
 248878 	   23415 	   22 	   22347 	   18 
 249566 	   29681 	   29 	   28224 	   28 
 249685 	   31333 	   19 	   30000 	   18 
 250131 	   39512 	   16 	   38575 	   16 
 250075 	   33914 	   13 	   35616 	   13 
 251935 	   40628 	   33 	   39893 	   35 
 249866 	   31132 	   16 	   31456 	   16 
 250281 	   32409 	   19 	   31919 	   18 
 250534 	   26711 	   17 	   27694 	   17 
 251686 	   30745 	   25 	   28992 	   26 
 250727 	   51830 	   44 	   45583 	   47 
 248821 	   37101 	   22 	   32643 	   22 
 249801 	   24627 	   12 	   27367 	   13 
 249655 	   36093 	   14 	   34196 	   17 
 252751 	   33287 	   24 	   34663 	   25 
 247622 	   24265 	   18 	   25456 	   18 
 251752 	   30212 	   24 	   34434 	   24 
 250406 	   53702 	   31 	   49989 	   31 
 252793 	   23818 	   12 	   31965 	   12 
 248386 	   30026 	   17 	   22819 	   17 
 253405 	   37899 	   21 	   42881 	   21 
 252551 	   27590 	   15 	   34069 	   14 
 256326 	   41437 	   62 	   48784 	   65 
 247194 	   37937 	   31 	   30833 	   31 
 248326 	   39124 	   18 	   36542 	   18 
 249551 	   38455 	   16 	   35561 	   16 
 251170 	   40071 	   16 	   42591 	   16 
 249681 	   51228 	   25 	   46770 	   25 
 251068 	   31362 	   18 	   27998 	   18 
 247711 	   30240 	   16 	   31225 	   16 
 255552 	   40942 	   20 	   47374 	   20 
 252580 	   29014 	   18 	   33592 	   17 
 250922 	   32405 	   30 	   38013 	   30 
 248503 	   31090 	   16 	   31124 	   16 
 257724 	   42376 	   37 	   55815 	   37 
 256093 	   31504 	   61 	   41641 	   71 
