% num_local_points | num_send_points | num_send_procs | num_recv_points | num_recv_procs 
 111507 	  177768 	   43 	  173568 	   48 
 148510 	  125216 	   10 	  147272 	   14 
 124348 	  156545 	   12 	  166926 	   16 
 155106 	  120462 	   14 	  145820 	   12 
  95795 	  191794 	   33 	  198683 	   28 
 145986 	  126007 	   10 	  140808 	   12 
 101552 	  180592 	   17 	  190212 	   15 
 123616 	  147761 	   11 	  169794 	   10 
  83911 	  195273 	   19 	  204722 	   18 
 112003 	  154646 	   11 	  169821 	   14 
 123490 	  149536 	   14 	  168248 	   11 
 103637 	  164460 	   16 	  175432 	   15 
  52033 	  238439 	   56 	  229443 	   53 
  75829 	  193603 	   11 	  204613 	   19 
  28234 	  251205 	   19 	  251352 	   13 
  26872 	  237224 	    9 	  253736 	    9 
  30523 	  232916 	   10 	  263201 	   36 
   3980 	  289582 	   34 	  265494 	   16 
   4458 	  261520 	   15 	  275611 	   10 
  22724 	  240960 	   13 	  284444 	   19 
    172 	  280479 	   22 	  279751 	   21 
  11461 	  261147 	   16 	  270494 	   12 
   1796 	  263817 	   10 	  281898 	   41 
    379 	  272921 	   38 	  278584 	    9 
   8445 	  259071 	   16 	  267215 	   16 
   3260 	  272659 	   14 	  265549 	   15 
  23868 	  237000 	    7 	  269281 	   27 
      5 	  269877 	   15 	  273835 	   29 
   4861 	  282172 	   34 	  265582 	   17 
   8222 	  247462 	   12 	  272290 	   13 
    363 	  261105 	   15 	  277774 	   16 
      4 	  261858 	   14 	  273743 	   15 
     28 	  261508 	   16 	  282659 	   25 
      0 	  265186 	   15 	  282399 	   16 
      0 	  261257 	   13 	  278117 	    7 
  23847 	  257196 	   21 	  267855 	   20 
      0 	  267836 	   12 	  283803 	   15 
   6382 	  280183 	   21 	  278156 	   15 
   9999 	  253929 	   11 	  283639 	   19 
      0 	  276583 	   13 	  282771 	    8 
      0 	  263716 	   11 	  315524 	   24 
     62 	  279329 	   18 	  291540 	   29 
      0 	  273601 	   17 	  309819 	   25 
     86 	  293216 	   35 	  288194 	   43 
      0 	  264804 	   10 	  283844 	   13 
    824 	  290675 	   38 	  282052 	   14 
   5737 	  258617 	   16 	  289160 	   19 
      0 	  268781 	   15 	  284652 	   13 
      1 	  260719 	   12 	  280353 	   13 
    932 	  280200 	   24 	  278983 	   15 
   6927 	  257116 	   10 	  307299 	   48 
      0 	  266496 	   11 	  286726 	   59 
      0 	  257823 	   12 	  280060 	   27 
    316 	  290679 	   71 	  271339 	   13 
   5500 	  253621 	   13 	  277733 	   10 
  30624 	  245900 	   24 	  254266 	   33 
  13060 	  254383 	   13 	  260331 	   16 
  16298 	  246513 	   13 	  262376 	   15 
  26320 	  252800 	   32 	  255846 	   26 
      0 	  258154 	   12 	  265975 	   11 
      9 	  256734 	   15 	  279159 	   12 
    247 	  274364 	   27 	  285630 	   36 
      0 	  263509 	   17 	  274611 	   17 
   7316 	  258840 	   39 	  277769 	   12 
   4545 	  259333 	   12 	  268508 	   15 
     56 	  266742 	   12 	  273802 	   28 
      0 	  259607 	    9 	  288225 	   14 
      0 	  262726 	   15 	  289418 	   14 
   9257 	  257321 	   24 	  284857 	   15 
      0 	  273835 	   13 	  294249 	   15 
     30 	  274133 	   13 	  294159 	   29 
   1513 	  273576 	   14 	  284641 	   20 
      0 	  276653 	   18 	  288316 	   12 
  16370 	  263875 	   29 	  264010 	   23 
     23 	  267396 	   14 	  291679 	   31 
   6161 	  262864 	   15 	  281633 	   31 
   9537 	  257286 	   13 	  286927 	   48 
      0 	  279579 	   33 	  272201 	   16 
      0 	  268693 	   15 	  265789 	   15 
   1601 	  292702 	   53 	  275601 	   16 
     52 	  255386 	    8 	  267181 	   17 
      5 	  260369 	   12 	  269165 	   13 
      0 	  259296 	   19 	  288746 	   21 
      0 	  256102 	   13 	  283261 	   17 
      0 	  258110 	   18 	  276431 	   14 
      9 	  270557 	   21 	  278986 	   23 
     26 	  268292 	   12 	  274630 	   14 
    117 	  263378 	   13 	  268516 	   10 
     36 	  260004 	   12 	  276419 	   19 
   1739 	  274399 	   29 	  282811 	   75 
      0 	  261685 	   16 	  254661 	   11 
      0 	  255764 	   12 	  268359 	   25 
      0 	  260560 	   18 	  279263 	   13 
      0 	  274110 	   46 	  291927 	   17 
     76 	  276380 	   52 	  303418 	   20 
      0 	  252000 	   13 	  268369 	   14 
      5 	  279773 	   19 	  280035 	    9 
   6033 	  265632 	   10 	  276037 	   23 
      0 	  278132 	   15 	  280377 	   15 
      0 	  272906 	   20 	  280665 	   10 
      5 	  262699 	   14 	  311085 	   42 
      0 	  261057 	   11 	  269847 	   25 
      0 	  272062 	   25 	  263185 	   13 
      0 	  269468 	   13 	  267586 	   18 
      0 	  264771 	   13 	  262536 	   22 
    134 	  286816 	   39 	  276017 	   12 
  10228 	  252431 	   25 	  279624 	   11 
      0 	  254682 	   14 	  282557 	   22 
      0 	  258106 	   13 	  279992 	   13 
     52 	  254097 	   12 	  275055 	   21 
   2755 	  260269 	   21 	  301918 	   36 
      0 	  259457 	   14 	  289477 	   44 
      0 	  268883 	   23 	  262482 	   16 
      0 	  260980 	   16 	  267887 	   24 
      0 	  260155 	   10 	  267564 	   20 
      0 	  271134 	   33 	  274060 	   24 
  11196 	  270258 	   42 	  274174 	   13 
   2071 	  248125 	   15 	  284609 	   32 
    300 	  251670 	   11 	  265862 	    9 
    227 	  258747 	   22 	  269650 	   14 
   1751 	  263577 	   24 	  277786 	   24 
      0 	  265811 	   14 	  279810 	   38 
      0 	  259879 	   11 	  260398 	   17 
      6 	  273071 	   27 	  258880 	   12 
      0 	  258288 	   14 	  263419 	   19 
      0 	  258155 	   22 	  264378 	   13 
      7 	  267662 	   26 	  266787 	   20 
     13 	  263216 	   35 	  264563 	   10 
      0 	  249249 	   16 	  269864 	   18 
    253 	  245430 	   12 	  342375 	   46 
      0 	  252114 	   16 	  282511 	   16 
      0 	  252496 	   10 	  275331 	  124 
      0 	  258720 	   18 	  285376 	   20 
      0 	  250764 	   15 	  280492 	   30 
      0 	  266101 	   18 	  285337 	   19 
      0 	  305698 	   45 	  276509 	   12 
      0 	  271732 	   28 	  289074 	   35 
     38 	  261453 	  120 	  280994 	   29 
      0 	  269193 	   17 	  275330 	   18 
      0 	  282914 	   29 	  284394 	   14 
      0 	  262262 	   16 	  279762 	   29 
      0 	  262413 	   16 	  284654 	   20 
     19 	  274224 	   31 	  278454 	   18 
      0 	  265871 	   16 	  286799 	   14 
      0 	  274329 	   28 	  292180 	   32 
      0 	  263171 	   15 	  275021 	   14 
      0 	  264841 	   14 	  282768 	   32 
      0 	  275158 	   32 	  277416 	   14 
   4372 	  266954 	   14 	  280884 	   16 
      0 	  263373 	   16 	  283746 	   14 
      0 	  261725 	   10 	  299007 	   54 
      0 	  274452 	   19 	  279352 	   16 
      0 	  261255 	   27 	  281370 	   20 
      0 	  272387 	   31 	  269561 	   28 
      0 	  262479 	   11 	  276928 	   15 
      0 	  274864 	   16 	  275228 	   22 
      4 	  262112 	   11 	  284438 	   38 
      0 	  271622 	   32 	  263341 	   16 
     18 	  286774 	   52 	  275239 	   17 
      0 	  266429 	   18 	  278981 	   29 
      0 	  258404 	   15 	  270692 	   14 
      0 	  269694 	   26 	  273168 	   18 
      0 	  263911 	   18 	  268492 	   20 
      0 	  257943 	   16 	  272990 	   12 
     29 	  266093 	   38 	  273477 	   12 
      0 	  258460 	   20 	  268188 	    9 
     70 	  259340 	   12 	  278520 	   40 
    121 	  267072 	   31 	  273599 	   14 
      5 	  257238 	   18 	  276858 	   14 
      5 	  255551 	   17 	  282726 	   28 
      8 	  263809 	   21 	  278749 	   52 
      0 	  261854 	   12 	  285436 	   15 
      0 	  260338 	   15 	  280554 	   13 
      0 	  267963 	   43 	  281835 	   20 
      0 	  257458 	   13 	  282819 	   18 
      0 	  264167 	   16 	  267881 	   11 
      0 	  263948 	   17 	  270288 	   28 
      0 	  271137 	   24 	  263371 	   21 
     44 	  288382 	   55 	  275695 	   14 
      0 	  262101 	   12 	  274477 	   19 
      0 	  279686 	   21 	  279746 	   19 
      4 	  264855 	   17 	  319623 	   40 
      0 	  264204 	   22 	  270017 	   18 
      0 	  267289 	   19 	  285268 	    8 
      4 	  267757 	   27 	  273368 	   18 
      0 	  260945 	   13 	  275795 	   22 
      1 	  257817 	   19 	  273976 	   23 
      0 	  258777 	   12 	  263291 	   13 
      0 	  265958 	   19 	  266034 	   13 
      0 	  257979 	   21 	  263129 	   19 
   2296 	  301265 	   33 	  288199 	   25 
      0 	  255034 	   14 	  300091 	   87 
      0 	  257578 	   20 	  267300 	   13 
      0 	  263534 	   19 	  263730 	    7 
      0 	  258246 	   16 	  269103 	   19 
      0 	  254258 	   12 	  276143 	   19 
      0 	  252601 	   19 	  279720 	   33 
      0 	  249896 	   15 	  268989 	   17 
      0 	  259029 	   13 	  275657 	   18 
      0 	  256939 	   15 	  273300 	   19 
      0 	  275961 	   30 	  278650 	   20 
      0 	  272575 	   88 	  278827 	   17 
     24 	  256327 	   15 	  270220 	   31 
     41 	  256085 	   20 	  262901 	   17 
      0 	  255594 	   12 	  261795 	   16 
      0 	  253861 	   18 	  262526 	   17 
     39 	  277617 	   32 	  293354 	   32 
     69 	  265916 	   24 	  265275 	   23 
      0 	  258720 	   12 	  263697 	   11 
      0 	  266188 	   20 	  272259 	   25 
      0 	  272218 	   19 	  309160 	   28 
      0 	  260810 	   25 	  265563 	   14 
     41 	  252739 	   37 	  294711 	   88 
      0 	  249220 	   17 	  273851 	   16 
      0 	  251836 	   14 	  276305 	   18 
      0 	  251853 	   13 	  285155 	   22 
      0 	  251142 	    9 	  270648 	   19 
      0 	  269651 	   33 	  273809 	   26 
      0 	  255916 	   16 	  275289 	   17 
      0 	  260077 	   15 	  265335 	   20 
      0 	  287267 	   36 	  287063 	   18 
      0 	  257384 	   22 	  274603 	   17 
      7 	  266351 	   85 	  270049 	   18 
     52 	  267051 	   13 	  296148 	   57 
      0 	  265857 	   21 	  271179 	   17 
      2 	  266444 	   20 	  270468 	   25 
      0 	  258640 	   18 	  266391 	   15 
      0 	  259335 	   19 	  275159 	   21 
    709 	  264222 	   24 	  270453 	   22 
      0 	  257245 	   20 	  267832 	   13 
      0 	  254871 	   24 	  269504 	   27 
      0 	  267110 	   20 	  276529 	   18 
      0 	  253692 	   14 	  278611 	   20 
      3 	  260221 	   22 	  285253 	   70 
     36 	  289793 	   63 	  264556 	   18 
      0 	  256166 	   18 	  268573 	   18 
      0 	  262690 	   22 	  266281 	   27 
      0 	  254597 	   16 	  267089 	   17 
      0 	  265262 	   19 	  272186 	   34 
      0 	  256413 	   21 	  266731 	   16 
      0 	  249284 	    9 	  266451 	   17 
      0 	  249664 	   16 	  281894 	   20 
      0 	  269940 	   27 	  284879 	   22 
      0 	  265972 	   17 	  264920 	   55 
      6 	  254487 	   21 	  260289 	   13 
      0 	  274666 	   68 	  260990 	   14 
      0 	  260236 	   21 	  264368 	   24 
      0 	  256164 	   19 	  271016 	   14 
      0 	  246412 	   13 	  276473 	   29 
      0 	  250851 	   11 	  261134 	   14 
     31 	  266701 	   32 	  272999 	   24 
      0 	  253369 	   18 	  271250 	   23 
      0 	  253995 	   17 	  269696 	   26 
      0 	  264750 	   17 	  272229 	  129 
      0 	  265430 	   18 	  278927 	   45 
      0 	  261179 	   25 	  272428 	   27 
      0 	  251799 	   59 	  272133 	   13 
      0 	  249318 	   16 	  229458 	   11 
      0 	  251271 	   22 	  242800 	   16 
      0 	  252691 	   14 	  232256 	   18 
      0 	  264485 	   22 	  217911 	   20 
      0 	  260124 	   24 	  166447 	   10 
      0 	  254245 	   14 	  147473 	   10 
      0 	  260047 	   21 	  160824 	   14 
      0 	  259295 	   22 	  237815 	    8 
      0 	  258368 	   19 	  219933 	   19 
      0 	  266233 	  114 	  170338 	   14 
      0 	  262030 	   19 	  174364 	    9 
      0 	  269398 	   41 	  128005 	    9 
      0 	  268807 	   36 	  104242 	   20 
      0 	  269829 	   20 	  102384 	   26 
      0 	  271674 	   18 	   87676 	    5 
      0 	  275617 	   24 	   91766 	    7 
      0 	  266256 	   16 	  209430 	   44 
     18 	  278165 	   26 	  286086 	   14 
      0 	  279687 	   20 	  252322 	   18 
      0 	  272899 	   25 	  263233 	   19 
      0 	  264020 	   20 	  267595 	   16 
      0 	  278043 	   23 	  271940 	   10 
      0 	  275216 	   15 	  272803 	   22 
      0 	  286827 	   45 	  258836 	   21 
      0 	  279078 	   54 	  259918 	   11 
      0 	  257600 	   17 	  263339 	   50 
      0 	  272266 	   19 	  270165 	   12 
      0 	  262364 	   19 	  270351 	   12 
      0 	  268026 	   21 	  279711 	   20 
      0 	  266603 	   22 	  280810 	   13 
      0 	  261324 	   13 	  281027 	   15 
      0 	  253171 	   13 	  270338 	   11 
      0 	  265898 	   22 	  269931 	   15 
      0 	  266019 	   16 	  282742 	   21 
      0 	  268114 	   47 	  277089 	   12 
      0 	  251107 	   11 	  258650 	   51 
      0 	  254830 	   15 	  165966 	   11 
      0 	  259689 	   22 	  178986 	    9 
      6 	  263367 	   16 	  170048 	   30 
      6 	  260326 	   13 	  169695 	   38 
      0 	  259786 	   15 	  119833 	    7 
      0 	  255694 	   11 	  181780 	   15 
      0 	  254714 	   13 	  151178 	   12 
      0 	  264082 	   22 	  170780 	   11 
      0 	  259450 	   10 	   98625 	   20 
      0 	  264624 	   48 	  100440 	    9 
      0 	  270686 	   17 	   98207 	   13 
      1 	  282953 	   54 	  117853 	   14 
      6 	  278796 	   20 	  149007 	   18 
      0 	  268467 	   18 	  143128 	   11 
      8 	  275511 	   27 	  197124 	   37 
      0 	  271386 	   25 	  285639 	   38 
      8 	  267812 	   24 	  268658 	   43 
      8 	  282428 	   52 	  239149 	   12 
      6 	  265060 	   42 	  239189 	    9 
     16 	  258773 	   15 	  267686 	   23 
      6 	  266412 	   15 	  277579 	   15 
      0 	  266037 	   21 	  279958 	   14 
     17 	  258966 	   13 	  237341 	   30 
      0 	  261756 	   12 	  204643 	   11 
     15 	  269249 	   32 	  215201 	   14 
     16 	  260020 	   12 	  271702 	   23 
      9 	  257600 	   17 	  284846 	   23 
      3 	  261582 	   22 	  276120 	   16 
     65 	  263658 	   24 	  278732 	   62 
      0 	  258820 	   16 	  257417 	   10 
    215 	  264506 	   57 	  270571 	   14 
     44 	  260188 	   14 	  255091 	   15 
    742 	  255796 	   14 	  266759 	   26 
    147 	  266444 	   20 	  275004 	   17 
    166 	  269008 	   26 	  271769 	   11 
      8 	  255481 	   10 	  253822 	   22 
      3 	  258901 	   17 	  259857 	   15 
     39 	  262419 	   18 	  217887 	   39 
      0 	  267323 	   16 	  151957 	   11 
      0 	  256251 	   10 	  172569 	    9 
    462 	  273436 	   39 	  215052 	   41 
  20835 	  261414 	   46 	  103884 	   26 
  77771 	  198868 	   23 	   37403 	   10 
  74256 	  197776 	   30 	   20138 	    8 
     12 	  269583 	   13 	   94136 	    7 
      0 	  263229 	   12 	  109044 	   14 
   9178 	  260695 	   27 	  135857 	   10 
      2 	  270813 	   38 	  170101 	    9 
      0 	  251342 	   17 	  171955 	   11 
      0 	  251399 	   10 	  138944 	   20 
      0 	  258365 	   20 	  147890 	   17 
      0 	  257543 	   12 	  146953 	   13 
     63 	  255401 	   14 	  241010 	   34 
      3 	  257776 	   23 	  263620 	   18 
  12294 	  247133 	   19 	  266324 	   19 
      0 	  256691 	   19 	  268361 	   15 
  19261 	  242397 	   14 	  258683 	   12 
  22435 	  237426 	   14 	  252807 	   26 
     37 	  277491 	   54 	  274419 	   14 
      0 	  263060 	   38 	  276006 	   18 
      0 	  259302 	   14 	  276461 	   15 
      0 	  261821 	   12 	  274826 	   14 
    193 	  264269 	   23 	  277343 	   57 
      2 	  263400 	   22 	  278863 	   32 
      0 	  259657 	   21 	  256003 	   38 
      0 	  263842 	   23 	  219137 	    6 
  15701 	  244868 	   10 	  242350 	    9 
      0 	  258549 	   14 	  249852 	   23 
      1 	  262633 	   27 	  180944 	   13 
  50415 	  215652 	   20 	  181244 	   14 
  36073 	  225074 	   22 	  239317 	   18 
      0 	  270158 	   82 	  275534 	   13 
      0 	  271391 	   33 	  275247 	   15 
      0 	  262492 	   20 	  283294 	   27 
      0 	  265922 	   31 	  274244 	   24 
      0 	  261150 	   31 	  280025 	   20 
      6 	  256135 	   16 	  144339 	   64 
      0 	  269189 	   59 	  119243 	   12 
      0 	  258842 	   20 	  127226 	    9 
      0 	  260486 	   24 	  151333 	   19 
      0 	  257080 	   18 	  168665 	   14 
      0 	  254692 	   14 	  184715 	   22 
      0 	  261301 	   24 	  152075 	   11 
      0 	  270595 	   29 	  166774 	   12 
      0 	  254188 	   17 	  185661 	   17 
      0 	  252525 	   15 	  205478 	   10 
     13 	  258352 	   57 	  222863 	   11 
      0 	  255881 	   19 	  224067 	   59 
      0 	  261646 	   23 	  229036 	   17 
      0 	  270275 	   34 	  246788 	   26 
      0 	  261118 	   13 	  269700 	   16 
      0 	  256330 	   18 	  269963 	   19 
      0 	  258630 	   26 	  260718 	   29 
      0 	  256981 	   19 	  261626 	   17 
   1072 	  280193 	   51 	  262321 	   11 
     16 	  256773 	   20 	  277442 	   27 
      0 	  251419 	   16 	  272007 	   15 
     16 	  266233 	   27 	  247734 	   67 
      0 	  250136 	   17 	  213423 	   17 
      0 	  255184 	   25 	  238127 	   14 
      0 	  256199 	   17 	  246293 	   20 
      0 	  254248 	   21 	  252454 	   13 
      0 	  292820 	   51 	  284908 	   31 
      2 	  278579 	   30 	  265805 	   12 
     60 	  276365 	   28 	  281505 	   16 
      0 	  252232 	    7 	  275446 	   22 
      0 	  272870 	   16 	  276736 	   16 
     41 	  282394 	   48 	  276220 	   14 
      0 	  265257 	   40 	  236899 	   64 
      0 	  269418 	   30 	  289112 	   11 
      0 	  260432 	   15 	  281646 	   27 
      0 	  257771 	   17 	  278637 	   14 
      0 	  262706 	   15 	  285790 	   30 
      0 	  271140 	   27 	  271579 	   18 
      0 	  268156 	   20 	  277065 	   24 
      0 	  264220 	   13 	  270343 	   17 
      0 	  262953 	   20 	  275059 	   20 
      0 	  261690 	   13 	  302949 	  106 
      0 	  268632 	   22 	  273496 	   18 
    146 	  264805 	   26 	  275185 	   48 
     55 	  267451 	   13 	  277592 	   35 
      0 	  261747 	   14 	  273016 	   13 
      0 	  267864 	   17 	  263636 	   15 
      0 	  258411 	   12 	  272989 	   14 
     17 	  272367 	   38 	  286181 	   26 
      0 	  263307 	   16 	  273690 	   15 
      0 	  261383 	   45 	  284139 	   17 
      0 	  262393 	   16 	  269468 	   15 
      0 	  261814 	   16 	  274317 	   15 
      0 	  262250 	   10 	  281047 	   17 
      0 	  263437 	   17 	  280235 	   30 
      0 	  257608 	   14 	  276082 	   18 
      0 	  260828 	   20 	  273928 	   13 
      0 	  275024 	   28 	  277154 	   21 
      0 	  253485 	    9 	  279991 	   46 
      0 	  258517 	   13 	  274629 	   11 
      0 	  257060 	   34 	  273629 	   15 
     21 	  257010 	   15 	  279149 	   42 
      0 	  251719 	   10 	  273161 	   16 
      0 	  261241 	   26 	  272741 	   18 
      0 	  258781 	   13 	  274051 	   17 
      0 	  256568 	   22 	  265980 	   17 
      2 	  258767 	   23 	  279617 	   11 
      0 	  257370 	   12 	  279097 	   28 
      0 	  263196 	   19 	  283608 	   24 
      0 	  257187 	   15 	  267826 	   14 
     43 	  271310 	   54 	  280997 	   35 
      0 	  262666 	   14 	  263451 	   15 
      0 	  256924 	   14 	  270161 	   11 
      6 	  268582 	   27 	  258717 	   22 
      0 	  257706 	   13 	  273440 	   15 
     54 	  263496 	   63 	  268955 	   21 
     12 	  262891 	   25 	  272551 	   23 
      0 	  268487 	   48 	  267274 	   15 
      0 	  255487 	   10 	  286721 	   20 
      0 	  260255 	   24 	  268719 	   13 
      0 	  256584 	   14 	  286512 	   61 
      0 	  266442 	   23 	  272686 	   18 
      0 	  259841 	   13 	  269694 	   10 
      0 	  262431 	   14 	  270441 	   27 
      0 	  258449 	   10 	  256735 	   71 
      6 	  260881 	   18 	  263071 	   33 
      8 	  271964 	   27 	  279111 	   55 
      0 	  261293 	   20 	  274924 	   19 
      0 	  260250 	   21 	  275743 	   12 
      5 	  257132 	   13 	  273322 	   17 
      2 	  257792 	   11 	  275754 	   24 
      0 	  262937 	   14 	  268311 	   16 
      0 	  261703 	   15 	  270550 	   16 
      0 	  260010 	   14 	  266388 	   23 
      2 	  262386 	   25 	  260812 	   26 
      0 	  269420 	   25 	  283334 	   15 
      0 	  270488 	   25 	  275560 	   10 
      0 	  258315 	   16 	  269637 	   18 
      0 	  263005 	   20 	  267404 	   17 
      0 	  272716 	   53 	  262670 	   16 
      0 	  261262 	   16 	  268017 	   12 
      0 	  258887 	   20 	  268851 	   14 
      0 	  258731 	   18 	  262881 	   11 
      0 	  262388 	   27 	  246037 	   36 
      0 	  255894 	   16 	  231511 	    8 
      0 	  254261 	   15 	  253741 	   27 
      0 	  260853 	   19 	  245967 	   14 
      0 	  258452 	   18 	  234113 	   17 
      0 	  265981 	   38 	  217216 	    9 
      0 	  257837 	   13 	  261076 	   54 
      0 	  264939 	   17 	  271806 	   12 
      0 	  256006 	   15 	  269078 	   15 
     11 	  262261 	   41 	  267594 	   19 
     17 	  269756 	   37 	  274836 	   26 
      0 	  264236 	   13 	  267170 	   16 
      0 	  259687 	   13 	  264246 	   18 
      0 	  265895 	   16 	  271131 	   23 
      0 	  258158 	   13 	  271633 	   18 
      0 	  266461 	   26 	  275565 	   39 
      0 	  261276 	   10 	  271950 	   16 
      0 	  256627 	   16 	  272738 	   16 
     11 	  259381 	   14 	  272872 	   45 
     35 	  263251 	   25 	  277494 	   42 
      0 	  258909 	   15 	  277227 	   16 
      0 	  258916 	   33 	  268415 	   16 
      0 	  251018 	   15 	  275213 	   16 
      0 	  253958 	   17 	  270919 	   23 
      0 	  258859 	   19 	  275511 	   22 
      0 	  259415 	   17 	  273947 	   15 
      0 	  252784 	   13 	  268914 	   14 
      0 	  257352 	   26 	  273501 	   22 
      0 	  259032 	   17 	  273864 	   22 
      0 	  254798 	   16 	  271577 	   15 
     10 	  257020 	   16 	  270041 	   31 
      0 	  260725 	   16 	  261041 	   17 
      4 	  270194 	   48 	  264705 	   13 
      0 	  257674 	   23 	  272159 	   18 
     17 	  259481 	   42 	  269338 	   12 
      4 	  258191 	   13 	  263577 	   24 
      0 	  255342 	   16 	  267314 	   15 
      0 	  259547 	   24 	  269620 	   17 
      0 	  260261 	   25 	  264109 	   19 
      0 	  255007 	   16 	  269645 	   19 
      0 	  259381 	   21 	  282166 	   45 
     44 	  254296 	   10 	  276176 	   49 
    412 	  258231 	   17 	  273873 	   40 
      0 	  262157 	   25 	  268078 	   12 
      7 	  262597 	   21 	  269529 	   13 
      0 	  256435 	   17 	  272371 	   23 
      1 	  258884 	   69 	  270120 	   24 
      0 	  258717 	   31 	  268039 	   21 
      0 	  260386 	   16 	  273365 	   21 
      0 	  255552 	   17 	  264628 	   13 
      0 	  254229 	   13 	  268634 	   14 
      0 	  259420 	   20 	  270158 	   23 
      0 	  256253 	   32 	  279687 	   23 
      0 	  254983 	   14 	  263985 	   19 
      0 	  257697 	   15 	  282769 	   88 
      0 	  255747 	   20 	  268443 	   15 
      0 	  250667 	   12 	  273489 	   12 
      0 	  251693 	   17 	  262373 	   16 
      1 	  263452 	   40 	  263080 	   17 
      0 	  259298 	   18 	  268987 	    9 
      0 	  262865 	   12 	  267335 	   40 
      0 	  260826 	   18 	  269905 	   17 
      0 	  260259 	   16 	  270054 	   22 
      0 	  257939 	   35 	  263768 	   10 
      5 	  251341 	   18 	  263202 	   17 
     11 	  266265 	   21 	  250096 	   38 
      1 	  261728 	   19 	  245321 	   18 
      0 	  258432 	   73 	  245705 	    9 
      0 	  251577 	   16 	  201333 	   12 
      0 	  253515 	   18 	  206966 	   12 
      6 	  254830 	   19 	  225237 	   36 
      0 	  248368 	   18 	  257041 	   10 
      0 	  246257 	   10 	  255746 	   18 
      0 	  255638 	   33 	  243677 	   19 
      0 	  257860 	   15 	  242819 	   19 
      3 	  257171 	   17 	  258806 	   78 
      0 	  254470 	   18 	  264040 	   11 
      1 	  257658 	   19 	  262155 	   17 
      5 	  256756 	   42 	  270849 	   19 
      3 	  245150 	   14 	  257647 	   20 
      6 	  245525 	   19 	  265103 	   37 
      0 	  258830 	   22 	  263882 	   13 
      0 	  256424 	   23 	  272561 	   16 
      5 	  254793 	   38 	  264259 	   23 
     13 	  249150 	   14 	  264331 	   20 
     60 	  251336 	   21 	  268042 	   12 
      7 	  256789 	   23 	  246772 	   41 
      1 	  255468 	   25 	  248885 	   17 
      0 	  252594 	   20 	  261472 	   21 
    294 	  279602 	  106 	  265918 	   17 
      0 	  260730 	   10 	  263688 	   37 
      0 	  257707 	   13 	  257176 	   23 
      0 	  269599 	   24 	  264072 	   16 
      0 	  278255 	   46 	  264207 	   22 
      0 	  261840 	   11 	  273141 	   22 
      0 	  262022 	   22 	  304455 	   78 
      0 	  268043 	   23 	  281608 	   48 
      0 	  258975 	   14 	  274228 	   13 
      0 	  261659 	   12 	  273477 	   12 
      0 	  262553 	   14 	  278680 	   27 
     65 	  264550 	   16 	  293535 	   43 
      0 	  260837 	   11 	  275460 	   12 
     38 	  271107 	   44 	  273722 	   17 
      0 	  264734 	   12 	  290050 	   19 
      0 	  258987 	   23 	  270041 	   11 
      0 	  263235 	   23 	  271175 	   15 
      0 	  267046 	   27 	  273956 	   13 
      0 	  265953 	   12 	  278646 	   16 
     29 	  266165 	   14 	  273893 	   50 
      0 	  258200 	   25 	  288642 	   12 
      0 	  265660 	   20 	  272587 	   16 
      0 	  259300 	   16 	  280210 	   20 
     22 	  272431 	   31 	  284136 	   27 
      0 	  263860 	   25 	  285178 	   11 
      0 	  262215 	   11 	  276687 	   19 
      0 	  268531 	   18 	  277645 	   19 
      0 	  267638 	   17 	  282858 	   24 
     31 	  259839 	   17 	  271085 	   12 
   5490 	  279172 	   81 	  264502 	   29 
      0 	  259444 	   24 	  271832 	   27 
      0 	  263199 	   20 	  253762 	   11 
      0 	  262438 	   21 	  229947 	   20 
      0 	  260256 	   12 	  237911 	   11 
      0 	  260295 	   13 	  271147 	   15 
      0 	  264579 	   12 	  254150 	   24 
     69 	  275141 	   34 	  279045 	   88 
      0 	  259073 	   14 	  281233 	   17 
     42 	  258300 	   16 	  280638 	   15 
      9 	  259486 	   20 	  279193 	   18 
      0 	  254982 	   11 	  282959 	   13 
      0 	  259536 	   20 	  274122 	   15 
     75 	  257225 	   15 	  281128 	   33 
      0 	  276828 	   34 	  284604 	   11 
      0 	  271154 	   27 	  272665 	   18 
      0 	  263448 	   12 	  273674 	   23 
      0 	  268149 	   11 	  273147 	   20 
      0 	  272583 	   16 	  279294 	   11 
     23 	  263148 	   16 	  275946 	   33 
     92 	  281021 	   34 	  266448 	   20 
      0 	  268249 	   17 	  246598 	    9 
      0 	  265295 	   20 	  265922 	   12 
      0 	  266135 	   17 	  244910 	   15 
      0 	  264172 	   18 	  197889 	   17 
      0 	  265641 	   20 	  200338 	   13 
      5 	  262462 	   27 	  244662 	   32 
      0 	  260422 	   13 	  263423 	   13 
      0 	  269568 	   70 	  241719 	   17 
      0 	  256391 	   18 	  212951 	   19 
      0 	  260448 	   19 	  235119 	   16 
      0 	  261853 	   26 	  239554 	   19 
      0 	  258986 	   21 	  255931 	   23 
      0 	  257569 	   16 	  276851 	   22 
      0 	  264691 	   38 	  277643 	   15 
      5 	  261326 	   15 	  279913 	   74 
      0 	  271018 	   25 	  269198 	   16 
      1 	  268633 	   26 	  275413 	   22 
      0 	  258261 	   21 	  278045 	   27 
      0 	  262867 	   20 	  276446 	   26 
      0 	  260504 	   18 	  275661 	   15 
     61 	  271798 	   55 	  273008 	   38 
      0 	  259917 	   17 	  285723 	   16 
      0 	  263868 	   24 	  287748 	   21 
      0 	  264448 	   23 	  268461 	   25 
      0 	  255526 	   10 	  274830 	   20 
      0 	  258732 	   18 	  275935 	   18 
     22 	  274057 	   41 	  287816 	   48 
      0 	  275233 	   20 	  276322 	   22 
      0 	  271685 	   25 	  269678 	   23 
     38 	  256648 	   10 	  270820 	   20 
    101 	  273475 	   24 	  258084 	   20 
      0 	  273101 	   22 	  258342 	   16 
  12776 	  259515 	   30 	  268831 	   37 
      0 	  259326 	   15 	  278198 	   21 
      0 	  253422 	   15 	  283172 	   24 
      0 	  264551 	   24 	  268607 	   16 
      0 	  274733 	   21 	  279096 	   19 
     49 	  269961 	  103 	  286616 	   23 
      0 	  268121 	   43 	  274772 	   33 
      0 	  260455 	   16 	  279546 	   15 
      0 	  264771 	   17 	  263922 	   16 
      0 	  263979 	   19 	  276218 	   27 
      0 	  263039 	   12 	  280061 	   19 
      0 	  272805 	   19 	  287854 	  123 
   1320 	  261626 	   20 	  275876 	   41 
    104 	  260877 	   13 	  283258 	   34 
     23 	  270978 	   33 	  272114 	   17 
      0 	  265372 	   13 	  281036 	   16 
      0 	  263718 	   18 	  271008 	   20 
      0 	  265355 	   20 	  269707 	   23 
      0 	  264548 	   14 	  276857 	   19 
      0 	  261496 	   18 	  278690 	   13 
     32 	  266396 	   20 	  289667 	   32 
      0 	  262372 	   17 	  276655 	   14 
     10 	  268806 	   29 	  273660 	   18 
      0 	  261581 	   13 	  275543 	   16 
      0 	  268165 	   43 	  274707 	   12 
      0 	  262998 	   15 	  271381 	   17 
      0 	  268210 	   16 	  280211 	   21 
      0 	  256509 	    8 	  278465 	   39 
      0 	  257940 	   18 	  272086 	    9 
      0 	  261587 	   21 	  268875 	   14 
     31 	  260060 	   15 	  283805 	   45 
      0 	  272497 	   23 	  273828 	   17 
      0 	  258750 	   11 	  281085 	   20 
      0 	  262502 	   36 	  267108 	   17 
    149 	  250139 	   12 	  268447 	   14 
     43 	  254788 	   17 	  277619 	   19 
     32 	  256754 	   18 	  276123 	   31 
      0 	  253275 	   15 	  284017 	   25 
      0 	  258212 	   19 	  272814 	   13 
     77 	  271182 	   22 	  283742 	   36 
      0 	  254913 	   14 	  261238 	   16 
      0 	  256992 	   14 	  269808 	   18 
      6 	  260379 	   18 	  263900 	   21 
      0 	  255983 	   12 	  266771 	   19 
      0 	  272638 	   58 	  272892 	   16 
      0 	  261975 	   18 	  280124 	   29 
      0 	  259555 	   13 	  262201 	   13 
     39 	  267894 	   24 	  276206 	   10 
      0 	  256854 	   13 	  277236 	   17 
   6241 	  268953 	   68 	  264519 	   12 
   4350 	  253463 	   13 	  285330 	   54 
      6 	  271864 	   54 	  269420 	   12 
      1 	  262768 	   16 	  272409 	   23 
     23 	  259202 	   13 	  264523 	   72 
     15 	  258758 	   14 	  261025 	   30 
   3679 	  260602 	   14 	  276261 	   52 
   2400 	  259695 	   16 	  271297 	   11 
     36 	  263511 	    8 	  286858 	   15 
    100 	  262359 	   20 	  266356 	   11 
  20259 	  237045 	   10 	  256318 	   15 
     57 	  272719 	   26 	  274617 	   20 
      0 	  257740 	   11 	  267198 	    9 
      0 	  259410 	   21 	  270546 	   21 
      0 	  258536 	   17 	  265027 	    9 
      2 	  256454 	   11 	  277844 	   28 
      0 	  264793 	   17 	  271000 	   10 
      0 	  258989 	   12 	  269124 	   17 
      0 	  268488 	   24 	  265415 	    9 
      7 	  266585 	   24 	  267036 	   16 
      0 	  261687 	   11 	  267957 	   15 
      0 	  276933 	   25 	  270418 	   12 
      0 	  256332 	   10 	  256359 	   12 
     24 	  261468 	   16 	  266412 	   19 
      0 	  267734 	   34 	  228124 	   26 
      0 	  256896 	   17 	  244790 	   25 
      0 	  261547 	   15 	  256200 	   13 
      0 	  260395 	   23 	  225518 	   16 
      0 	  253571 	   15 	  227337 	   11 
      8 	  257377 	   19 	  241283 	   27 
      0 	  263522 	   24 	  263298 	   18 
      0 	  258380 	   22 	  267629 	   15 
      4 	  253145 	   14 	  280937 	   22 
      4 	  269379 	   51 	  265061 	   14 
      1 	  260368 	   15 	  269094 	   19 
      0 	  261691 	   12 	  269017 	   23 
    131 	  259955 	   30 	  272007 	   25 
      0 	  256845 	   15 	  265662 	   13 
     65 	  255616 	   38 	  275665 	   46 
      0 	  255181 	   18 	  273632 	   16 
      0 	  251993 	   16 	  275823 	   15 
      0 	  256663 	   24 	  270506 	   32 
     10 	  258220 	   16 	  270071 	   39 
     12 	  254681 	   16 	  267836 	   17 
     60 	  255877 	   23 	  263678 	   16 
     31 	  257781 	   15 	  264226 	   22 
     21 	  262571 	   21 	  271434 	   20 
    724 	  255189 	   15 	  265851 	   25 
     37 	  265594 	   48 	  269914 	   16 
     74 	  264917 	   32 	  268533 	   12 
      0 	  263409 	   47 	  269577 	   22 
      0 	  255804 	   18 	  268691 	   16 
      0 	  264125 	   20 	  276930 	   58 
      0 	  255397 	   12 	  278999 	   36 
      0 	  261067 	   10 	  271586 	   52 
  33716 	  231031 	   16 	  234179 	   19 
   7932 	  253367 	   13 	  261539 	   21 
      0 	  259406 	   17 	  264241 	    8 
  47565 	  213185 	   18 	  224514 	   15 
      0 	  271965 	   22 	  275389 	   11 
      5 	  258846 	   21 	  272827 	   18 
     11 	  257696 	   35 	  273955 	   22 
     34 	  254316 	   11 	  275006 	   22 
     24 	  258599 	   16 	  281252 	   27 
     50 	  254993 	   12 	  275136 	    8 
     53 	  259014 	   23 	  268387 	   39 
  17431 	  236243 	   11 	  248875 	   14 
    100 	  257714 	   17 	  266030 	   16 
  30292 	  227633 	   21 	  243379 	   20 
  15858 	  242299 	   11 	  249160 	   17 
      0 	  263208 	   26 	  263362 	   13 
      0 	  260245 	   16 	  266410 	   15 
     90 	  260633 	   22 	  272234 	   23 
    277 	  258200 	   13 	  277283 	   24 
      0 	  268259 	   94 	  273120 	    7 
      0 	  256821 	   11 	  271391 	   26 
      0 	  257187 	    8 	  272802 	   15 
     42 	  259328 	   16 	  277808 	  108 
      0 	  254069 	   11 	  273619 	   13 
      2 	  257747 	   16 	  271020 	   12 
  21592 	  235101 	   14 	  253237 	   16 
     67 	  261682 	   15 	  268528 	   16 
  22491 	  236841 	   11 	  236846 	    9 
  22233 	  233961 	   17 	  247861 	   16 
      0 	  250558 	   10 	  276382 	   15 
      0 	  250021 	    9 	  273753 	   11 
      6 	  265783 	   42 	  268628 	   19 
      0 	  259731 	   15 	  264628 	   13 
     55 	  261811 	   15 	  247537 	   46 
      0 	  270494 	   18 	  250683 	   10 
  10809 	  259467 	   27 	  238930 	    9 
  12154 	  239311 	   10 	  204008 	   11 
      0 	  251038 	   12 	  204085 	   10 
   9437 	  255778 	   24 	  208236 	    6 
    238 	  259618 	   15 	  256985 	   21 
      0 	  264762 	   54 	  256770 	   13 
      0 	  261714 	   14 	  246497 	   20 
      0 	  259136 	   12 	  233689 	   11 
      0 	  254716 	   19 	  252028 	   11 
      3 	  252842 	   14 	  277357 	   45 
      0 	  249326 	   11 	  274931 	   10 
    136 	  263211 	   20 	  269131 	   21 
    118 	  257224 	   15 	  265952 	   17 
  20140 	  247280 	   23 	  246588 	   12 
  13245 	  239312 	   13 	  249375 	   22 
     16 	  259118 	   15 	  272055 	   15 
     10 	  252850 	   43 	  281703 	   27 
      1 	  247405 	   17 	  272076 	   11 
      0 	  245376 	    9 	  266650 	   18 
     21 	  260532 	   25 	  258700 	   47 
      2 	  259636 	   17 	  248467 	   15 
   8949 	  245561 	   28 	  243906 	   22 
    130 	  251551 	   15 	  263795 	   11 
     49 	  255033 	   13 	  263977 	   25 
      9 	  262600 	   28 	  259572 	   12 
     81 	  268061 	   16 	  270891 	   19 
    531 	  283159 	   95 	  269077 	   27 
      0 	  256696 	   17 	  280366 	   18 
      0 	  261204 	   16 	  297732 	   81 
     17 	  257805 	   12 	  297886 	   51 
    342 	  269043 	   30 	  274746 	   18 
    684 	  281235 	   43 	  271553 	   10 
   1368 	  262283 	   18 	  276087 	   28 
    280 	  261434 	   13 	  292540 	   44 
    486 	  266009 	   37 	  280435 	   12 
   6753 	  249868 	   10 	  264421 	   11 
   3498 	  258664 	   13 	  284693 	   42 
   1304 	  257805 	    8 	  273710 	   13 
      1 	  261477 	   12 	  259524 	   14 
      4 	  264854 	   15 	  281798 	   16 
   7513 	  266027 	   31 	  270241 	   14 
     60 	  261625 	    9 	  268574 	   13 
   2325 	  258201 	   14 	  289961 	   27 
      0 	  256768 	   17 	  280618 	   12 
   7474 	  262770 	   21 	  266900 	   17 
  46768 	  218945 	   18 	  241474 	   23 
  61420 	  199456 	   12 	  216466 	   13 
  19452 	  244112 	   17 	  256228 	   10 
  36207 	  232186 	   31 	  246254 	   16 
  31896 	  226518 	   17 	  248510 	   28 
  61129 	  203361 	   34 	  208534 	   16 
   5834 	  261234 	   20 	  267868 	   35 
  12247 	  255227 	   14 	  258245 	   25 
  19993 	  242779 	    9 	  243274 	   14 
     53 	  264965 	   13 	  231450 	   13 
      0 	  258998 	   13 	  229042 	   14 
    236 	  288520 	   78 	  266973 	   12 
      0 	  259216 	   16 	  257218 	   12 
     61 	  267172 	   17 	  273308 	   92 
  22542 	  242034 	   24 	  256627 	   15 
    113 	  254465 	   16 	  276712 	   13 
  32514 	  226301 	   15 	  248590 	   26 
  59323 	  204536 	   23 	  220521 	   17 
     95 	  263654 	   14 	  276375 	   15 
  33167 	  230666 	    9 	  245619 	   20 
  60800 	  205990 	   10 	  221343 	   11 
     33 	  282992 	   27 	  293684 	   14 
  13621 	  243249 	   11 	  268638 	   22 
    623 	  262054 	   13 	  276562 	   20 
  26223 	  233351 	   13 	  260202 	   11 
  23703 	  236927 	   61 	  255231 	   15 
  59960 	  203767 	   18 	  220404 	   70 
  57005 	  199567 	   14 	  216332 	   14 
  48918 	  217454 	   26 	  226646 	   38 
  73438 	  198308 	   19 	  206178 	   20 
  64006 	  202921 	   16 	  233225 	   22 
  65988 	  199607 	   33 	  209899 	   30 
  95153 	  164234 	   19 	  176982 	   11 
 137080 	  119038 	   13 	  147348 	   19 
 108944 	  171888 	   28 	  170401 	   24 
 153565 	  111390 	   20 	  122415 	   17 
 164563 	   99519 	   18 	  115683 	   14 
 187444 	   89680 	   39 	   91158 	   14 
 101616 	  177493 	   17 	  179005 	   39 
  72519 	  189827 	   12 	  204352 	    9 
  69753 	  194707 	   10 	  169509 	   12 
 160256 	  101921 	   11 	   97002 	   21 
 148556 	  124151 	   28 	  114300 	   11 
  61782 	  208160 	   14 	  188211 	   14 
  86882 	  179849 	   16 	  113652 	   15 
 133119 	  133081 	   11 	   69631 	   11 
  93352 	  183624 	   17 	  126444 	   24 
 137163 	  130068 	   16 	   82877 	   15 
  54756 	  218338 	   16 	  167695 	   14 
     83 	  268019 	   20 	  236939 	   20 
     65 	  260953 	   14 	  252659 	   21 
     67 	  261082 	   12 	  282565 	   18 
   6271 	  271551 	   42 	  278223 	   12 
    263 	  263064 	   11 	  272831 	   35 
   6822 	  273993 	   35 	  277112 	   10 
  34490 	  240382 	   15 	  260847 	   34 
  42640 	  228464 	   26 	  241042 	   10 
  51308 	  209548 	   19 	  229724 	   25 
  75978 	  182257 	   11 	  198428 	   15 
  41965 	  228278 	   16 	  226572 	   17 
   7618 	  266805 	   21 	  253230 	   17 
  16085 	  253469 	   20 	  258404 	   22 
  46281 	  213860 	   16 	  233362 	   20 
  26104 	  243324 	   22 	  244149 	   15 
   8661 	  265007 	   26 	  270124 	   24 
  10312 	  259287 	   12 	  269388 	   27 
  54202 	  217080 	   14 	  234485 	   11 
      6 	  257659 	   14 	  278607 	   18 
  14919 	  255016 	   93 	  254515 	   18 
      0 	  256233 	   16 	  274946 	   18 
   5025 	  254967 	   14 	  271401 	  103 
  18035 	  239408 	   15 	  255833 	   17 
   6375 	  261575 	   29 	  260452 	   13 
  19355 	  257542 	   38 	  260810 	   33 
  17477 	  243750 	   13 	  273049 	   51 
  40674 	  217864 	   13 	  229671 	   13 
  28151 	  242275 	   31 	  242934 	    9 
  10945 	  250622 	   12 	  269199 	   31 
  24360 	  236216 	   14 	  253669 	   12 
  29989 	  235619 	   26 	  240015 	   12 
    292 	  261048 	   11 	  276696 	   25 
  59202 	  206592 	   12 	  213293 	   13 
  90655 	  177817 	   25 	  185853 	   16 
  74412 	  184015 	   18 	  200035 	   22 
   8150 	  254088 	   26 	  238070 	   14 
  17623 	  248095 	   21 	  244018 	   33 
  23579 	  233067 	   12 	  252359 	   22 
  65400 	  196393 	   17 	  204991 	    8 
  43887 	  217849 	   17 	  226196 	   11 
   1675 	  265667 	   29 	  267488 	   12 
 108357 	  157900 	   12 	  154645 	   33 
 134219 	  140070 	   14 	  111487 	   16 
 125734 	  142616 	   36 	  124248 	   37 
 172767 	   93140 	   24 	  107298 	   25 
 160822 	  104455 	   17 	  116803 	   13 
 163498 	  100871 	   15 	  111523 	   12 
 155951 	  107773 	   17 	  107797 	   10 
 155216 	  104233 	   10 	   98318 	   22 
 130830 	  138106 	   15 	  100849 	   16 
  63055 	  205839 	   27 	  216115 	  108 
  71954 	  208462 	   98 	  198489 	   10 
  41666 	  217253 	   16 	  222996 	   16 
  13444 	  245136 	    8 	  251825 	   20 
  35746 	  225823 	   22 	  236747 	   16 
  23537 	  238493 	   19 	  240896 	   12 
  22697 	  242969 	   16 	  222903 	   25 
  23996 	  245024 	   21 	  205926 	   10 
  88556 	  182751 	   16 	  107615 	    9 
 131469 	  137186 	   21 	   80276 	   19 
  99717 	  174700 	   18 	  102848 	    9 
  61756 	  200398 	   18 	  150438 	   18 
 128899 	  145527 	   44 	   97026 	   10 
 133262 	  120573 	   15 	  125900 	   43 
  96065 	  167149 	   20 	  183885 	   19 
 100252 	  173859 	   23 	  184050 	   28 
 141885 	  124082 	   20 	  127922 	   15 
 133954 	  129956 	   14 	  148486 	   24 
  98159 	  184690 	   31 	  180234 	   31 
  77756 	  195181 	   23 	  164020 	    8 
  56448 	  203755 	   17 	  231499 	   23 
      0 	  260328 	   12 	  270703 	   12 
  65618 	  206169 	   17 	  187333 	   16 
  69000 	  193479 	    7 	  187161 	   15 
  88979 	  199604 	   47 	  191442 	   11 
  73667 	  196691 	   14 	  176960 	   50 
  66421 	  203645 	    8 	  145980 	   11 
  20034 	  249334 	   21 	  211260 	    7 
      0 	  260334 	   16 	  209495 	   17 
      0 	  262340 	   14 	  198778 	   13 
      1 	  263387 	   14 	  224395 	   16 
   7785 	  263603 	   20 	  267444 	   11 
    918 	  258427 	   15 	  255743 	   10 
  21998 	  250881 	   21 	  249357 	   24 
    592 	  262924 	   13 	  266620 	   13 
      0 	  266338 	   13 	  265015 	   10 
    965 	  285652 	   45 	  230376 	   19 
    252 	  269485 	   11 	  231834 	   43 
      0 	  275207 	   26 	  241147 	   10 
      0 	  259061 	   19 	  298334 	   26 
      0 	  271570 	   18 	  287375 	   14 
  25700 	  259845 	   25 	  264863 	   35 
    218 	  261921 	   19 	  272802 	   18 
  11920 	  245035 	   16 	  271094 	   14 
  18676 	  256337 	   21 	  291925 	   26 
      0 	  258840 	   12 	  272833 	   19 
   2989 	  274267 	   16 	  265340 	   22 
  14858 	  255856 	   13 	  241596 	    9 
   4758 	  272317 	   24 	  256987 	   14 
      0 	  279510 	   18 	  249054 	   20 
   6917 	  278652 	   22 	  154854 	   15 
   6270 	  261611 	   16 	  161477 	    9 
  24826 	  258379 	   18 	  146585 	   22 
  38716 	  231308 	   11 	  168255 	   10 
  33584 	  248271 	   15 	  145139 	    9 
  18325 	  291812 	  119 	  249133 	   12 
      0 	  274735 	   13 	  283278 	   16 
    843 	  270597 	   16 	  279382 	  124 
     39 	  281168 	   34 	  285861 	   17 
      0 	  263789 	   23 	  280727 	   15 
    474 	  261559 	   19 	  305248 	   36 
    894 	  262004 	   19 	  278486 	   21 
     76 	  267980 	   23 	  276997 	   20 
     60 	  261299 	   18 	  287270 	   30 
      9 	  261488 	   11 	  270578 	   18 
     86 	  269996 	   27 	  269645 	   18 
      0 	  266526 	   15 	  278433 	   14 
     66 	  271754 	   20 	  289826 	   31 
    278 	  272844 	   16 	  273167 	   14 
     96 	  279416 	   22 	  282457 	   17 
      1 	  269691 	   16 	  288255 	   13 
     51 	  274722 	   44 	  294703 	   23 
   1953 	  266257 	   14 	  286709 	   45 
   3580 	  274441 	   15 	  277783 	   21 
      3 	  266868 	    9 	  275489 	   12 
    170 	  276280 	   22 	  286605 	   15 
    320 	  261511 	   13 	  293989 	   21 
   1652 	  260865 	   23 	  279713 	   15 
   1729 	  274614 	   26 	  268978 	   21 
  48567 	  223510 	   15 	  245839 	   28 
      0 	  261969 	   11 	  282485 	    8 
  12701 	  265270 	   14 	  272691 	   12 
  28278 	  242025 	   13 	  261526 	   15 
    124 	  276201 	   39 	  291925 	   13 
   9812 	  271372 	   47 	  290690 	   61 
  10723 	  267044 	   14 	  264081 	   28 
  63415 	  213336 	   15 	  225517 	   16 
  62930 	  210779 	   12 	  222850 	   13 
  46236 	  240703 	   22 	  243936 	   11 
  77375 	  188293 	   16 	  217042 	   18 
   9148 	  255272 	   12 	  270227 	   14 
  59819 	  210145 	    9 	  216070 	    9 
  57917 	  223249 	   18 	  248026 	   14 
  66488 	  225027 	   28 	  224641 	   12 
 128567 	  140404 	   12 	  164887 	   27 
 119070 	  153508 	   14 	  173223 	   15 
 124323 	  162774 	   36 	  179336 	   34 
 144462 	  124103 	   59 	  150482 	   72 
