% num_local_points | num_send_points | num_send_procs | num_recv_points | num_recv_procs 
 116148 	  184500 	   43 	  170686 	   48 
 162869 	  119958 	   10 	  130635 	   13 
 137238 	  154120 	   12 	  149455 	   15 
 158187 	  127302 	   16 	  135007 	   12 
 113599 	  183315 	   32 	  174979 	   27 
 178020 	   99005 	   11 	  111269 	   13 
 146215 	  145479 	   16 	  141792 	   15 
 141316 	  140045 	   16 	  147322 	   11 
 127802 	  168360 	   23 	  162052 	   20 
 137730 	  152848 	   17 	  149915 	   15 
 157833 	  127473 	   15 	  135922 	   12 
 155507 	  131227 	   16 	  130032 	   15 
 129532 	  174416 	   54 	  145119 	   53 
 155064 	  129519 	   16 	  137604 	   18 
 139633 	  141826 	   13 	  134771 	   12 
 138569 	  141796 	    9 	  138391 	    9 
 144026 	  160532 	   35 	  147062 	   36 
 127683 	  150294 	   15 	  139109 	   15 
  87210 	  188902 	   13 	  196738 	   10 
 118184 	  176148 	   22 	  184083 	   19 
  88165 	  197199 	   16 	  192748 	   18 
  44617 	  237006 	   10 	  246934 	   12 
  82527 	  209459 	   38 	  196355 	   41 
 134229 	  143485 	   17 	  138850 	    7 
 109258 	  169828 	   14 	  159392 	   15 
 102811 	  176163 	   13 	  167019 	   15 
 124955 	  147909 	   11 	  167396 	   24 
 111584 	  177400 	   31 	  156297 	   28 
  63103 	  206486 	   10 	  217216 	   15 
 103597 	  174496 	   15 	  184800 	   12 
  60276 	  228199 	   17 	  215416 	   16 
  46618 	  232522 	   13 	  224584 	   17 
  28825 	  245965 	   14 	  261785 	   25 
  66080 	  220841 	   22 	  197567 	   15 
 104155 	  177747 	   13 	  172335 	    6 
  52240 	  235795 	   20 	  234436 	   19 
  66899 	  211940 	   12 	  212672 	   13 
  60297 	  224282 	    9 	  223758 	   16 
  66226 	  211357 	   11 	  224866 	   17 
  93080 	  199020 	   18 	  188729 	    7 
  83259 	  203956 	   16 	  228156 	   22 
  87452 	  219025 	   35 	  196428 	   30 
  83878 	  191185 	   10 	  220769 	   21 
  53984 	  247771 	   39 	  233693 	   43 
  52755 	  224455 	   16 	  232649 	   11 
  46586 	  230262 	   15 	  234589 	   12 
  69536 	  203699 	   11 	  222053 	   17 
  49349 	  222633 	   24 	  219677 	    9 
  37064 	  239122 	   12 	  238033 	   10 
  42862 	  234778 	   12 	  255621 	   12 
 109328 	  197526 	   72 	  197710 	   45 
 126209 	  162246 	   13 	  159821 	   55 
 125607 	  174208 	   24 	  163772 	   26 
 139978 	  133774 	   11 	  148452 	   12 
 135674 	  137165 	   14 	  135180 	   11 
 108060 	  183585 	   32 	  179753 	   35 
  92798 	  174997 	   14 	  172247 	   15 
  93338 	  176724 	   15 	  180576 	   13 
 105710 	  182220 	   27 	  177457 	   25 
  92917 	  183373 	   16 	  176332 	   10 
  81642 	  200074 	   39 	  195012 	   13 
  83055 	  194822 	   12 	  199162 	   37 
 107056 	  172635 	   12 	  170233 	   17 
 114623 	  157361 	   10 	  167149 	   10 
 129135 	  144411 	   12 	  142460 	   15 
 114005 	  169329 	   27 	  164423 	   29 
 118702 	  154224 	   14 	  157067 	   13 
 137988 	  134296 	   16 	  124675 	   14 
 130016 	  142477 	    7 	  156052 	   16 
 129928 	  167051 	   29 	  157943 	   15 
 124381 	  154317 	   15 	  162315 	   29 
 131911 	  145041 	   13 	  151587 	   19 
 129142 	  154280 	   15 	  154875 	   11 
 119589 	  175993 	   32 	  167716 	   23 
 152301 	  131275 	   15 	  139962 	   31 
 101496 	  205566 	   53 	  193413 	   29 
 109689 	  157111 	    8 	  181172 	   43 
  97614 	  176807 	   12 	  176745 	   16 
 120961 	  150755 	   17 	  147443 	   15 
 112975 	  155663 	   12 	  162555 	   16 
  82188 	  187358 	   17 	  184434 	   16 
  87947 	  191374 	   22 	  178722 	   13 
  98708 	  180712 	   13 	  184906 	   20 
  93560 	  185129 	   13 	  189032 	   15 
  92083 	  179256 	   11 	  187700 	   12 
  94203 	  185534 	   29 	  180592 	   21 
  97235 	  177750 	   15 	  172537 	   14 
  82849 	  194272 	   13 	  189304 	    9 
  77465 	  206930 	   21 	  203395 	   18 
 139404 	  170854 	   71 	  144162 	   73 
 189681 	   82904 	   11 	   71083 	    9 
 171015 	  111296 	   21 	  102033 	   24 
 174284 	  100623 	   12 	   99402 	   12 
 168643 	  107198 	   12 	  117649 	   15 
 146076 	  146811 	   21 	  153011 	   21 
 166967 	  108817 	   14 	  103546 	   14 
 193137 	   75879 	    9 	   80831 	   10 
 160111 	  118116 	   24 	  117839 	   22 
 164764 	  112058 	   12 	  104434 	   14 
 170400 	  105131 	   12 	  110379 	    8 
 200657 	  100624 	   39 	  111733 	   40 
 200951 	   71590 	   25 	   68871 	   23 
 186180 	   78604 	   14 	   75867 	   11 
 169295 	  101730 	   12 	   99579 	   16 
 158321 	  111476 	   12 	  101936 	   21 
 104031 	  172269 	   21 	  177298 	   12 
 124589 	  156664 	   14 	  166966 	   11 
 119213 	  160757 	   20 	  170572 	   20 
 113076 	  164679 	   14 	  157922 	   11 
 143413 	  123125 	    9 	  146695 	   20 
 193744 	  103464 	   35 	  111491 	   34 
 156971 	  121216 	   40 	  125881 	   41 
 130853 	  137426 	   14 	  137215 	   13 
 132946 	  146267 	   21 	  138137 	   20 
 123380 	  159718 	   22 	  149868 	   17 
 103598 	  173874 	   11 	  176508 	   21 
 103906 	  165268 	   11 	  178180 	   12 
 104237 	  182671 	   27 	  180824 	   29 
 125889 	  142417 	   12 	  136049 	    8 
 101690 	  170223 	   21 	  167461 	   13 
 146163 	  133755 	   26 	  135314 	   26 
 175285 	   98905 	   35 	  100920 	   33 
 193279 	   65914 	   15 	   67099 	   14 
 194292 	   68540 	   17 	   64006 	   12 
 218523 	   42854 	   10 	   42870 	   17 
 224315 	   38625 	    8 	   38579 	    9 
 216882 	   53287 	   17 	   49739 	   18 
 221216 	   46102 	   12 	   38659 	   10 
 224028 	   53898 	   16 	   41861 	   15 
 203776 	  117363 	   48 	  134364 	   44 
 206232 	   63056 	   16 	   76224 	   15 
 167979 	  115869 	  119 	  111667 	  118 
 151018 	  132084 	   29 	  122342 	   16 
 156406 	  112901 	   10 	  115399 	   27 
 106082 	  178392 	   15 	  180971 	   16 
 129372 	  154107 	   34 	  145782 	   11 
 130023 	  143552 	   15 	  154459 	   34 
 127782 	  152677 	   27 	  151489 	   30 
 154078 	  120011 	   16 	  113854 	   18 
 146940 	  129291 	   13 	  138407 	   13 
 118482 	  172691 	   31 	  162760 	   27 
 139345 	  147174 	   14 	  147719 	   19 
 158803 	  126586 	   15 	  124288 	   16 
 184663 	   95076 	   14 	  101003 	   11 
 138428 	  148056 	   30 	  155035 	   27 
 151303 	  134159 	   16 	  139197 	   14 
 138273 	  145812 	   29 	  148084 	   32 
 112145 	  165170 	    9 	  166818 	   12 
 112061 	  174310 	   16 	  173255 	   15 
 114924 	  159657 	   13 	  163903 	   12 
  97489 	  214223 	   54 	  198698 	   51 
 119047 	  150564 	   14 	  156554 	   13 
 125344 	  155381 	   19 	  152052 	   17 
 120782 	  162761 	   26 	  154932 	   28 
 120068 	  152684 	   11 	  154192 	   13 
 109648 	  167511 	   18 	  167347 	   18 
  73542 	  207730 	   40 	  213702 	   36 
 102252 	  165899 	   19 	  159469 	   14 
 104252 	  167294 	   12 	  169309 	   16 
  98903 	  180275 	   31 	  180337 	   30 
  83193 	  188097 	   18 	  186693 	   13 
  82849 	  184045 	   16 	  192848 	   18 
  70040 	  201292 	   21 	  198637 	   21 
  74642 	  203528 	   15 	  196592 	   10 
  94621 	  177424 	   10 	  186667 	   12 
  96076 	  191434 	   44 	  176937 	    9 
  89143 	  185342 	   12 	  192947 	   39 
  69541 	  208179 	   16 	  207876 	   16 
  61314 	  208552 	   15 	  202192 	   13 
 125080 	  162733 	   36 	  150424 	   28 
 115694 	  177865 	   47 	  162537 	   51 
 168132 	  121276 	   19 	  121806 	   14 
 182606 	   87600 	   13 	   86467 	   11 
 164380 	  115819 	   18 	  123415 	   19 
 173123 	  104190 	   19 	  105164 	   18 
 189277 	   82208 	   12 	   89482 	    9 
 184945 	   99992 	   29 	   85099 	   26 
 177779 	   92061 	   19 	   90801 	   19 
 173537 	   98124 	   11 	  101342 	   13 
 160939 	  118008 	   18 	  111907 	   18 
 164351 	  106907 	   20 	  116117 	   16 
 175332 	  140422 	   33 	  138000 	   38 
 176789 	   89965 	   19 	   94905 	   15 
 206512 	   72758 	   15 	   72061 	    6 
 194288 	   72906 	   12 	   78709 	   19 
 156812 	  115465 	   18 	  125460 	   21 
 168019 	  100302 	   19 	  100004 	   21 
 185540 	   76601 	   12 	   78045 	   10 
 181821 	   77508 	   14 	   77910 	   11 
 184483 	   87921 	   14 	   79650 	   15 
 221624 	   67462 	   23 	   72320 	   23 
 154596 	  138875 	   87 	  144297 	   79 
 134972 	  126984 	   15 	  128867 	   12 
 130587 	  135162 	   21 	  129953 	    6 
 120781 	  145739 	   11 	  145015 	   19 
 113078 	  157273 	   17 	  169859 	   17 
 148085 	  142686 	   32 	  128619 	   34 
 150629 	  127870 	   24 	  118748 	   17 
 113873 	  159207 	   11 	  164734 	   20 
 107129 	  168828 	   19 	  164535 	   19 
 110152 	  178366 	   28 	  166007 	   17 
 165316 	  102575 	   18 	  114070 	   18 
 182795 	   79304 	   35 	   81548 	   32 
 182340 	   77143 	   13 	   78460 	   17 
 184015 	   79800 	   13 	   79301 	   15 
 203067 	   64271 	   12 	   61513 	   16 
 191526 	   84691 	   32 	   92594 	   30 
 179296 	   79687 	   11 	   84468 	   22 
 172014 	  104321 	   21 	   89632 	   11 
 176017 	  118701 	   30 	   98027 	   22 
 192084 	   91439 	   30 	  121221 	   27 
 196036 	   81036 	   84 	   70953 	   11 
 150858 	  128622 	   12 	  143964 	   88 
 150149 	  134643 	   18 	  132641 	   16 
 143729 	  142386 	   25 	  133265 	   17 
 162793 	  108824 	   17 	  120865 	   22 
 151922 	  117689 	   18 	  124124 	   17 
 155920 	  120093 	   24 	  114205 	   23 
 145342 	  123869 	   19 	  127897 	   15 
 152011 	  114935 	   23 	  112926 	   18 
 161445 	  115980 	   19 	  122832 	   14 
 179123 	   85452 	   13 	   92156 	   13 
 168244 	  130173 	   62 	  102404 	   16 
 160222 	  113570 	   21 	  133012 	   56 
 150563 	  120112 	   17 	  118075 	   15 
 156734 	  118048 	   19 	  111307 	   24 
 173174 	   96915 	   18 	   96131 	   14 
 174787 	   95308 	   18 	   89105 	   18 
 172824 	   94345 	   19 	  101926 	   22 
 182001 	   81734 	   15 	   86915 	   13 
 186967 	   90948 	   23 	   83114 	   24 
 187523 	   79535 	   16 	   86873 	   17 
 181298 	   92144 	   19 	   94087 	   19 
 174342 	  123314 	   70 	  112893 	   67 
 179398 	   92286 	   19 	   90934 	   18 
 181263 	   83321 	   16 	   83576 	   18 
 190286 	   74656 	   18 	   78143 	   24 
 199845 	   64036 	   10 	   67875 	   13 
 189350 	   90379 	   33 	   83303 	   32 
 186319 	   80497 	   17 	   81004 	   17 
 189555 	   78867 	   16 	   77285 	   18 
 197652 	   80092 	   18 	   83949 	   20 
 220446 	   62161 	   22 	   61581 	   22 
 201774 	   66020 	   18 	   65351 	   51 
 218239 	   39714 	   58 	   39363 	   12 
 214654 	   43729 	   13 	   42724 	   12 
 213485 	   51087 	   23 	   50421 	   22 
 225454 	   41388 	   16 	   46553 	   14 
 208210 	   65286 	   27 	   57442 	   26 
 211464 	   46820 	   10 	   47135 	   12 
 219733 	   47468 	   20 	   51312 	   23 
 217229 	   60921 	   21 	   62435 	   24 
 216059 	   58418 	   21 	   48320 	   25 
 182492 	   92520 	  113 	   86880 	  126 
  75390 	  198519 	   20 	  223446 	   49 
   1308 	  283285 	   39 	  287882 	   32 
      0 	  270961 	   15 	  294642 	   14 
    317 	  289684 	   34 	  279172 	    9 
     17 	  277733 	   16 	  284319 	   16 
     75 	  273233 	   18 	  276600 	   16 
     92 	  277842 	   23 	  279771 	   21 
     42 	  279776 	   25 	  284217 	   14 
     84 	  271654 	   13 	  287932 	   14 
     19 	  278805 	   17 	  287304 	   16 
      0 	  277235 	   17 	  268662 	   10 
     88 	  283140 	   24 	  278718 	   22 
     21 	  272785 	   19 	  285087 	   18 
     87 	  278119 	   22 	  285620 	   14 
    108 	  280198 	   10 	  284786 	   12 
     23 	  274009 	   13 	  284644 	   27 
    116 	  281049 	   25 	  286469 	   43 
     57 	  290406 	   36 	  283062 	   10 
     17 	  273678 	   12 	  277469 	   13 
      9 	  278067 	   14 	  300926 	   52 
      0 	  274268 	   13 	  279969 	   14 
    116 	  287230 	   46 	  278427 	   18 
    590 	  281505 	   15 	  284011 	   18 
     15 	  272246 	   19 	  281300 	   16 
     48 	  279006 	   20 	  273746 	    8 
      3 	  280199 	   21 	  275493 	   20 
    194 	  271144 	   12 	  275410 	   21 
      0 	  267761 	   14 	  273464 	   13 
    101 	  279722 	   21 	  276529 	   53 
      0 	  272742 	   13 	  276186 	   11 
      0 	  266516 	   11 	  267522 	   11 
     65 	  272939 	   46 	  277683 	   19 
      0 	  269391 	   13 	  284343 	   13 
    112 	  270248 	   20 	  280406 	   15 
     14 	  273336 	   16 	  269979 	   11 
      0 	  273553 	   14 	  267421 	   17 
     13 	  272353 	   16 	  283076 	   22 
      0 	  268080 	   11 	  275489 	   11 
      0 	  266265 	   13 	  283251 	   53 
      0 	  276503 	   22 	  276617 	   14 
      0 	  272963 	   13 	  272476 	   11 
     16 	  283116 	   49 	  272255 	   38 
      3 	  272379 	   16 	  282307 	   49 
      0 	  288568 	   53 	  276592 	   12 
     53 	  274786 	   15 	  279140 	   19 
     15 	  275011 	   15 	  267485 	   15 
      1 	  274609 	   19 	  275929 	   12 
      9 	  268484 	   15 	  276580 	   30 
      8 	  269027 	   14 	  274475 	   16 
     18 	  273629 	   25 	  273195 	   19 
     16 	  272684 	   13 	  272388 	   20 
     28 	  276721 	   20 	  274798 	   28 
      0 	  269374 	   17 	  269878 	   17 
      4 	  273317 	   26 	  275663 	   41 
      0 	  271781 	   17 	  275770 	   38 
      0 	  266725 	   18 	  279259 	   44 
      8 	  285657 	   48 	  271564 	   13 
     13 	  267477 	   42 	  280875 	    9 
     30 	  270747 	   16 	  278210 	   23 
      6 	  268729 	   13 	  280500 	   15 
      0 	  277237 	   21 	  278765 	   14 
     27 	  273931 	   14 	  280235 	   35 
      0 	  274529 	   12 	  270426 	   12 
     15 	  280959 	   33 	  274435 	   17 
      2 	  267178 	   11 	  283854 	   24 
     10 	  266745 	   16 	  285164 	   23 
      4 	  278186 	   26 	  277437 	   16 
     53 	  275954 	   22 	  279978 	   67 
      0 	  270833 	   20 	  283470 	   12 
    203 	  279826 	   55 	  278172 	   14 
      4 	  271832 	   15 	  282192 	   17 
    664 	  272259 	   13 	  276821 	   26 
    168 	  279070 	   17 	  279900 	   17 
      0 	  268946 	   17 	  267221 	   10 
     52 	  272181 	   22 	  271077 	   20 
      1 	  271279 	   17 	  277207 	   16 
     28 	  274161 	   17 	  280873 	   45 
      0 	  267849 	   11 	  280202 	   14 
      0 	  267714 	   13 	  279596 	   13 
    455 	  280937 	   40 	  276665 	   48 
      0 	  271398 	   17 	  276506 	   33 
     18 	  292132 	   46 	  272835 	   18 
     52 	  277343 	   17 	  280738 	   14 
     56 	  269871 	   12 	  266753 	   13 
     57 	  273803 	   21 	  281490 	   19 
      9 	  278702 	   19 	  272294 	   19 
      4 	  272574 	   18 	  271363 	   13 
      1 	  273227 	   23 	  271574 	   11 
     56 	  270875 	   11 	  274487 	   23 
      0 	  266979 	   11 	  276593 	   21 
     30 	  273735 	   18 	  266928 	   16 
      3 	  276077 	   21 	  272846 	   35 
      0 	  271117 	   19 	  262322 	   16 
    119 	  272971 	   35 	  277970 	   17 
      2 	  262999 	   16 	  269416 	   11 
      6 	  263056 	   10 	  277683 	   12 
     78 	  268539 	   19 	  278040 	   25 
     14 	  271001 	   13 	  275257 	   14 
      0 	  267533 	   15 	  270635 	   18 
     29 	  270355 	   22 	  270044 	   15 
     18 	  271823 	   20 	  277991 	   13 
     63 	  267566 	   16 	  285006 	   56 
     82 	  269519 	   13 	  281278 	   32 
      0 	  274888 	   14 	  274200 	   39 
     45 	  291155 	   54 	  273862 	    6 
      7 	  272957 	   35 	  271444 	   10 
     45 	  265352 	   11 	  280660 	   27 
      0 	  269643 	   12 	  270140 	   15 
     54 	  273322 	   25 	  276085 	   16 
      2 	  265519 	   12 	  279122 	   20 
      0 	  273453 	   19 	  281151 	   12 
      0 	  270833 	   23 	  279752 	   15 
     61 	  271424 	    9 	  281381 	   25 
      2 	  275736 	   15 	  275582 	   22 
     27 	  276305 	   21 	  273722 	   19 
     22 	  275535 	   24 	  279247 	   78 
      0 	  266810 	   14 	  274854 	   18 
     16 	  272542 	   83 	  270013 	   13 
      7 	  269226 	   13 	  264120 	   28 
      1 	  273282 	   17 	  266774 	   17 
     17 	  274673 	   28 	  266418 	   28 
      0 	  265276 	   17 	  263925 	   13 
      0 	  266854 	   19 	  265338 	   16 
     23 	  270149 	   30 	  267940 	   19 
      0 	  268020 	   20 	  283914 	   10 
     16 	  263883 	   15 	  287720 	   15 
     14 	  267875 	   22 	  269722 	   61 
      2 	  266092 	   18 	  270025 	   17 
     47 	  281829 	   56 	  272056 	   24 
      2 	  266273 	   17 	  275748 	   15 
     61 	  268564 	   26 	  275201 	   16 
     24 	  269240 	   15 	  275620 	   26 
     31 	  268541 	   15 	  286966 	   15 
     22 	  274528 	   23 	  280589 	   11 
  47431 	  236466 	   28 	  225745 	   21 
  60303 	  204032 	   16 	  208755 	   13 
  81942 	  182985 	   14 	  189461 	   69 
  36255 	  232224 	   57 	  233163 	   17 
  76036 	  191185 	   19 	  195996 	   15 
  46182 	  224511 	   26 	  241371 	   21 
 102504 	  190753 	   34 	  163571 	   15 
  35815 	  230749 	   14 	  259397 	   29 
 109948 	  163149 	   19 	  169330 	   14 
  49058 	  219715 	   24 	  228625 	   17 
 103490 	  164465 	   18 	  172425 	   22 
 131529 	  131558 	   16 	  139473 	   18 
  44750 	  249399 	   51 	  228850 	   15 
   1325 	  266652 	   19 	  254318 	   61 
  17231 	  266006 	   28 	  270059 	    9 
      2 	  262999 	   18 	  284247 	   24 
  16421 	  252323 	   24 	  258780 	   11 
   7249 	  260739 	   18 	  277994 	   27 
      4 	  265506 	   20 	  275191 	   16 
      0 	  302849 	   52 	  274362 	   24 
      0 	  290000 	   31 	  273246 	   14 
      0 	  274872 	   21 	  272009 	   19 
  44088 	  218338 	   19 	  273895 	  108 
      0 	  259709 	    5 	  281137 	   17 
    105 	  322609 	   49 	  279341 	   44 
    123 	  280890 	   39 	  291478 	   33 
  13356 	  277034 	   31 	  261326 	   13 
   3049 	  271600 	   13 	  274717 	   16 
  30841 	  244584 	   15 	  248065 	   15 
  29194 	  249222 	   13 	  248116 	   24 
  55293 	  224245 	   22 	  224543 	   15 
  35425 	  249781 	   24 	  240756 	   14 
  47744 	  224900 	   10 	  222465 	   15 
  14133 	  262364 	   21 	  257923 	   16 
  38984 	  234739 	   12 	  241857 	   17 
  80964 	  199521 	   21 	  198686 	   29 
  68200 	  209573 	   26 	  202562 	   16 
  27896 	  249128 	   13 	  244865 	   13 
  14266 	  259502 	   15 	  265202 	   18 
  41752 	  237320 	   16 	  235823 	   42 
  62368 	  213911 	   19 	  212765 	   12 
  20122 	  261943 	   34 	  253701 	   15 
  26102 	  246598 	   11 	  255898 	   45 
  50250 	  229203 	   46 	  224881 	   14 
  72492 	  203634 	   15 	  199770 	   16 
  48522 	  226720 	   15 	  229366 	   15 
  21541 	  254846 	   15 	  247343 	   16 
  43048 	  227364 	   15 	  232180 	   12 
  36062 	  234997 	   12 	  240655 	   26 
 107497 	  178008 	   27 	  175217 	   21 
 101752 	  171525 	   21 	  160782 	   11 
  92586 	  178204 	   12 	  193018 	   35 
  89859 	  181199 	   33 	  170479 	   15 
 104911 	  160682 	   15 	  164823 	   12 
  82201 	  181765 	   11 	  178112 	   21 
  94502 	  179666 	   25 	  179303 	   15 
  95875 	  175361 	   12 	  172512 	   23 
  66463 	  208024 	   27 	  207304 	   25 
 125750 	  140464 	   15 	  140164 	   13 
 129363 	  139984 	   13 	  153952 	   20 
 134050 	  138246 	   17 	  132929 	   12 
 125128 	  145449 	   13 	  163067 	   61 
 163449 	  119197 	   54 	  110263 	   15 
 185681 	   91945 	   14 	   85658 	    9 
 134030 	  141668 	   17 	  134559 	   24 
  71295 	  211963 	   22 	  188406 	   66 
    175 	  277501 	   62 	  259760 	   32 
    266 	  276571 	   26 	  283310 	   55 
   8061 	  271419 	   46 	  270899 	   17 
   6037 	  264534 	   12 	  275202 	   10 
  49608 	  226345 	   21 	  220566 	   17 
  66871 	  205310 	   15 	  211542 	   22 
   9870 	  265391 	   23 	  256492 	   14 
  42843 	  228545 	   12 	  232166 	   17 
  52983 	  219972 	   15 	  212739 	   23 
  31741 	  238287 	    7 	  233855 	   25 
  74610 	  199592 	   18 	  209639 	   13 
  51661 	  231104 	   27 	  229910 	    9 
  40752 	  232908 	   19 	  237771 	   18 
  48684 	  221771 	   20 	  220017 	   17 
  39823 	  229374 	   13 	  228260 	   15 
  76396 	  192299 	   12 	  194462 	   10 
  92205 	  182649 	   16 	  179186 	   13 
  91182 	  179767 	   13 	  179729 	   10 
 102906 	  177514 	   27 	  163684 	   34 
  77142 	  190010 	    9 	  177606 	    7 
  45303 	  228347 	   24 	  227833 	   27 
      0 	  271906 	   21 	  264712 	   14 
  96777 	  178355 	   19 	  184685 	   17 
 143210 	  125461 	   19 	  121096 	   10 
 104559 	  164208 	   12 	  168753 	   53 
 139112 	  134650 	   51 	  127481 	   12 
 112955 	  162210 	   18 	  165909 	   15 
 137761 	  132829 	   16 	  128342 	   18 
 152054 	  126032 	   30 	  124934 	   27 
 187655 	   81614 	   16 	   81319 	   15 
 165529 	  106568 	   17 	   97323 	   16 
 124430 	  146783 	   18 	  147127 	   21 
 142611 	  127573 	   17 	  126717 	   16 
 162536 	  114679 	   37 	  113179 	   36 
 188316 	   81160 	   12 	   82839 	   14 
 118582 	  159732 	   17 	  152494 	   16 
  60765 	  209563 	   39 	  212819 	   44 
  18936 	  250724 	   20 	  257162 	   40 
  82403 	  196129 	   37 	  191788 	   14 
  84807 	  191127 	   12 	  186843 	   13 
  87870 	  184119 	   13 	  181665 	   14 
  66563 	  208608 	   13 	  209638 	   21 
  48226 	  220133 	   21 	  219302 	   20 
 105305 	  164802 	   19 	  164363 	   14 
  94697 	  179949 	   11 	  176712 	   14 
  82644 	  191493 	   18 	  187988 	   20 
 109776 	  161403 	   18 	  164671 	   19 
  72927 	  202814 	   22 	  199648 	   14 
  60556 	  209230 	   32 	  208299 	   29 
 111983 	  151795 	   14 	  152111 	   17 
 113835 	  154321 	   17 	  149447 	   12 
  94978 	  176634 	   18 	  179195 	   19 
 100061 	  172683 	   16 	  169011 	   13 
 106561 	  158160 	   13 	  157426 	   23 
 133878 	  137072 	   25 	  132931 	   13 
 130873 	  140163 	   16 	  138314 	   16 
 122517 	  148507 	   20 	  140939 	   17 
 109855 	  155076 	   11 	  155205 	   18 
 113599 	  155126 	   15 	  167163 	   42 
  85727 	  197084 	   48 	  190437 	   50 
  62705 	  212691 	   43 	  210952 	   42 
  94060 	  173445 	   12 	  173810 	   12 
 107344 	  163516 	   13 	  158933 	   12 
  91479 	  178411 	   19 	  181890 	   21 
 102972 	  165729 	   25 	  159379 	   21 
  49401 	  219055 	   15 	  222943 	   15 
  51765 	  216798 	   19 	  217229 	   20 
  88199 	  179435 	   10 	  178158 	   11 
  79695 	  195484 	   16 	  191827 	   12 
  77554 	  198735 	   20 	  191345 	   20 
  78739 	  194330 	   25 	  198476 	   22 
  77256 	  188018 	   14 	  181920 	   17 
  51193 	  220212 	   69 	  232933 	   89 
 120142 	  150037 	   30 	  146126 	   13 
  98345 	  175449 	   15 	  175768 	   11 
  65157 	  204055 	   16 	  204995 	   15 
 108828 	  156946 	   12 	  157731 	   16 
 112414 	  157791 	   19 	  155730 	    8 
  37202 	  232571 	   31 	  231941 	   37 
  75360 	  190449 	   13 	  192493 	   15 
  76163 	  191468 	   14 	  191058 	   20 
  93099 	  174760 	   15 	  175459 	    8 
  31316 	  234690 	   18 	  231973 	   16 
  58803 	  203228 	   10 	  204958 	   40 
  55198 	  217010 	   36 	  210721 	   17 
  84782 	  185475 	   15 	  181316 	    9 
  43662 	  228264 	   11 	  222752 	   13 
  24880 	  246067 	   14 	  246160 	   12 
  25037 	  253169 	   19 	  244724 	   36 
  55014 	  219759 	   34 	  209850 	    8 
   7855 	  254514 	   20 	  251399 	   17 
  45623 	  214258 	   12 	  210689 	   17 
 135971 	  133608 	   20 	  128015 	   17 
  89255 	  179547 	   20 	  180463 	   77 
  20748 	  250997 	   72 	  244673 	    8 
   1806 	  262691 	   11 	  267329 	   15 
  35787 	  231428 	   17 	  232708 	   19 
  61006 	  206477 	   15 	  204206 	   20 
  10396 	  252563 	   17 	  252532 	   35 
   6052 	  260860 	   32 	  261084 	   12 
    261 	  265570 	   13 	  266025 	   15 
  26755 	  244428 	   20 	  243536 	   22 
  17384 	  252932 	   17 	  246145 	   18 
   6295 	  259861 	   19 	  261049 	   13 
   9636 	  254396 	   13 	  240508 	   42 
     48 	  262787 	   38 	  249034 	   15 
  38024 	  220899 	   19 	  223167 	   20 
  68858 	  195670 	   20 	  199009 	   16 
  27437 	  239720 	   23 	  233475 	   35 
     85 	  265560 	   38 	  255008 	   22 
     10 	  260163 	   14 	  262798 	   14 
  18805 	  243726 	   21 	  248639 	   19 
  24822 	  246753 	   23 	  255978 	   20 
  11081 	  265914 	   25 	  286690 	   75 
  19701 	  271053 	  102 	  262461 	   49 
  25850 	  244397 	   16 	  248236 	   12 
  36567 	  237012 	   10 	  235329 	    9 
  30751 	  245064 	   18 	  245314 	   25 
  36761 	  240791 	   27 	  252501 	   42 
  49796 	  236499 	   45 	  226180 	   11 
  52636 	  224815 	   10 	  226879 	   17 
  33881 	  240238 	   23 	  251944 	   17 
  57420 	  223762 	   21 	  215831 	   11 
  44676 	  231229 	   11 	  226518 	   15 
  59957 	  215698 	   13 	  212065 	   12 
  12060 	  266064 	   16 	  269503 	   15 
  31444 	  241355 	   10 	  241299 	   48 
  49777 	  236085 	   44 	  240086 	   12 
  76981 	  201617 	   11 	  194953 	   17 
   3049 	  267840 	   22 	  276123 	   21 
   2616 	  274999 	   24 	  283654 	   28 
   8327 	  269922 	   26 	  275118 	    9 
   7068 	  271254 	   11 	  268558 	   17 
  22950 	  257550 	   18 	  256583 	   17 
   2123 	  271819 	   22 	  277415 	   25 
    284 	  279248 	   24 	  271145 	   13 
     58 	  270469 	   11 	  272288 	   31 
  67035 	  210544 	   31 	  209761 	   25 
  26555 	  250999 	   24 	  244860 	   10 
  51508 	  225165 	    9 	  224721 	   20 
 106860 	  172762 	   19 	  159822 	   10 
  77039 	  198337 	   15 	  203500 	   14 
 112401 	  158406 	   17 	  149712 	   24 
  71604 	  228645 	   83 	  222275 	   89 
 133941 	  134100 	   17 	  141656 	   16 
 116428 	  155232 	   19 	  162833 	   13 
 102478 	  176066 	   17 	  181817 	   19 
 104544 	  171828 	   11 	  181992 	   13 
 120713 	  157516 	   14 	  154344 	   11 
 141434 	  130372 	   11 	  136782 	   31 
 117329 	  160463 	   35 	  150249 	   10 
  96544 	  173757 	   17 	  177874 	   15 
 104708 	  164185 	   17 	  170056 	   20 
  96438 	  179883 	   17 	  180193 	   19 
  84226 	  187449 	   18 	  191420 	   10 
  76406 	  196433 	   14 	  207818 	   35 
  53237 	  226435 	   33 	  235034 	   20 
  63466 	  220662 	   24 	  213908 	    9 
  39776 	  237068 	   12 	  244583 	   12 
  62642 	  217609 	   12 	  210356 	   16 
  11590 	  265457 	   15 	  251590 	   19 
 102476 	  167694 	   15 	  164717 	   12 
 116158 	  152800 	    9 	  161569 	   32 
 141452 	  140145 	   34 	  131239 	   12 
  58630 	  215779 	   16 	  232803 	   17 
  48178 	  233484 	   20 	  227002 	   20 
  33321 	  253578 	   17 	  238942 	   16 
  42888 	  227273 	   12 	  234554 	   18 
  81258 	  196049 	   18 	  189279 	   25 
 102710 	  176441 	   27 	  170003 	   19 
 143899 	  126570 	   12 	  132674 	   13 
 115680 	  164498 	   69 	  160433 	   73 
 193210 	   73891 	   18 	   78961 	   15 
 183561 	   91335 	   17 	   89166 	   22 
 139817 	  142247 	   24 	  152451 	   24 
 160011 	  114071 	   24 	  116237 	   22 
 175831 	   92810 	   15 	   98260 	   14 
 181517 	   96825 	   35 	   95177 	   37 
 204912 	   67373 	   22 	   71003 	   17 
 216133 	   56727 	   20 	   62610 	   19 
 173102 	  111310 	   26 	  105546 	   23 
 181173 	  101120 	   21 	   99269 	   20 
 175876 	   96920 	   16 	  101519 	   13 
 161956 	  123136 	   55 	  122253 	   47 
 157772 	  117791 	   16 	  124937 	   21 
  92515 	  187203 	   24 	  183324 	   23 
 133933 	  142935 	   21 	  142130 	   21 
 106138 	  163594 	   11 	  164208 	   20 
 130373 	  147698 	   18 	  142114 	   15 
 152912 	  135246 	   41 	  131211 	   36 
 168029 	  121490 	   19 	  109837 	   19 
 142782 	  141162 	   24 	  138947 	   22 
 131151 	  136996 	   10 	  138693 	   14 
 162733 	  119892 	   24 	  111568 	   17 
 150676 	  132850 	   21 	  131320 	   21 
 174298 	  105950 	   30 	  100532 	   30 
 118415 	  159027 	   14 	  161508 	   16 
 135478 	  140724 	   21 	  136711 	   14 
 162107 	  112782 	   17 	  104913 	   26 
 134780 	  151894 	   99 	  145665 	   16 
  99527 	  182397 	   40 	  193775 	  113 
  39379 	  250632 	   29 	  245267 	   44 
   5078 	  268203 	   15 	  278516 	   34 
    364 	  275694 	   15 	  278054 	   17 
    241 	  278374 	   20 	  274757 	   15 
   8334 	  269065 	   13 	  267185 	   19 
   1981 	  273067 	   17 	  271228 	   22 
  33232 	  245599 	   22 	  238648 	   16 
  58551 	  228478 	   32 	  214948 	   12 
  46378 	  230522 	   11 	  236415 	   34 
  30954 	  246643 	   17 	  254166 	   13 
  12395 	  265436 	   19 	  259079 	   19 
   6101 	  270289 	   13 	  277152 	   16 
  11954 	  259976 	   17 	  261613 	   14 
    111 	  277889 	   20 	  269939 	   16 
    118 	  275196 	   16 	  275578 	   20 
   2301 	  278968 	   29 	  276129 	   38 
  23485 	  248243 	   12 	  244235 	    8 
      6 	  279348 	   42 	  280368 	   13 
   4085 	  268494 	   15 	  278829 	   47 
    628 	  274740 	   11 	  269553 	   17 
   2899 	  272550 	   16 	  271531 	   19 
     77 	  265750 	   15 	  269530 	   14 
    158 	  268000 	   20 	  272067 	   15 
   8934 	  273974 	   23 	  264406 	   19 
    158 	  271824 	   19 	  271770 	   30 
   1438 	  267887 	   14 	  281313 	   22 
      0 	  271597 	   32 	  259815 	   11 
    451 	  266941 	   18 	  285490 	   33 
     15 	  264054 	   10 	  262897 	   14 
    565 	  271132 	   22 	  272215 	   18 
     68 	  270705 	   18 	  257492 	   21 
    722 	  281974 	   22 	  267603 	   17 
      2 	  267022 	   15 	  273179 	   15 
    207 	  269109 	   13 	  277913 	   28 
     49 	  271999 	   18 	  263749 	   15 
      0 	  271159 	   17 	  276925 	   12 
     37 	  282112 	   55 	  275778 	   16 
      0 	  277088 	   19 	  274456 	   13 
      9 	  276432 	   13 	  278884 	   50 
     51 	  282525 	   21 	  276415 	   12 
    154 	  281465 	   64 	  271561 	   21 
     86 	  273332 	   29 	  258987 	   73 
  55742 	  225639 	   52 	  201356 	   30 
  21777 	  249866 	   12 	  267455 	   55 
   6323 	  267885 	   19 	  269317 	   13 
  11514 	  258893 	   14 	  277268 	   15 
    817 	  278158 	   15 	  263253 	   13 
   4946 	  266988 	   16 	  274918 	   16 
  17915 	  255002 	    6 	  255991 	   22 
  18363 	  251835 	    9 	  251751 	    8 
   1892 	  272335 	   18 	  269213 	   23 
  35651 	  247676 	   25 	  226870 	    8 
   9807 	  262059 	   18 	  277083 	   30 
     62 	  270875 	   19 	  278976 	    9 
     45 	  269058 	   16 	  270907 	   16 
   1378 	  267625 	   14 	  271151 	   10 
     26 	  276636 	   16 	  268534 	   17 
      0 	  270647 	   12 	  273417 	   13 
     80 	  277746 	   23 	  269378 	   11 
    861 	  274121 	   24 	  264664 	   10 
   9741 	  257267 	   10 	  265942 	   21 
   1327 	  277216 	   24 	  251511 	   26 
  13002 	  255403 	   12 	  262073 	   22 
   5377 	  263575 	   16 	  261653 	   12 
      0 	  271615 	   30 	  269299 	   16 
      0 	  269129 	   16 	  272908 	   11 
    323 	  274469 	   17 	  271301 	   28 
     12 	  268785 	   14 	  268644 	   18 
   3010 	  266960 	   23 	  268417 	   16 
   9156 	  263162 	   19 	  260252 	   20 
     19 	  273049 	   22 	  265476 	   14 
     22 	  271346 	   24 	  272420 	   19 
     30 	  268801 	   16 	  269122 	   24 
    258 	  280268 	   51 	  270083 	   25 
      0 	  273968 	   16 	  268675 	   14 
      0 	  272654 	   13 	  273595 	   47 
    212 	  271931 	   30 	  273575 	   17 
      5 	  269745 	   14 	  275096 	   13 
     56 	  268302 	   38 	  268145 	   34 
   1114 	  266514 	   17 	  268355 	   38 
   4006 	  264708 	   25 	  265978 	   15 
    783 	  263840 	   14 	  260975 	   15 
   4949 	  263791 	   18 	  259798 	   18 
   3502 	  266692 	   24 	  263299 	   18 
     20 	  265315 	   16 	  266988 	   23 
     65 	  267498 	   14 	  267995 	   15 
  21442 	  252326 	   18 	  242609 	   12 
  22677 	  248501 	   12 	  246622 	   17 
    324 	  284648 	   48 	  264571 	   13 
   2063 	  267056 	   16 	  283143 	   54 
     99 	  274482 	   45 	  274552 	   37 
     56 	  276050 	   14 	  268571 	   50 
     26 	  277402 	   19 	  275320 	   18 
  18375 	  255436 	   11 	  256320 	   21 
  21955 	  256285 	   16 	  250304 	    8 
   3817 	  269270 	   13 	  269432 	   15 
  17076 	  255146 	   16 	  258051 	   10 
     28 	  272630 	   18 	  272862 	   16 
    238 	  283343 	   21 	  271604 	   22 
     44 	  274620 	   21 	  271175 	   22 
    136 	  270584 	   36 	  277950 	   24 
      0 	  269227 	   14 	  280317 	    9 
     54 	  272244 	   15 	  265896 	   40 
     50 	  269879 	   20 	  270210 	   14 
   6385 	  271116 	   22 	  263542 	   16 
   7940 	  263720 	   15 	  262341 	   20 
    828 	  272048 	   13 	  269710 	   17 
    237 	  274792 	   22 	  269174 	   12 
     38 	  275526 	   21 	  270977 	   14 
      0 	  269158 	   16 	  275325 	   25 
    192 	  267168 	   23 	  275356 	   23 
     25 	  267122 	   12 	  269792 	    7 
    238 	  272248 	   81 	  268467 	   26 
      0 	  270531 	   37 	  265283 	   15 
     24 	  273069 	    9 	  275916 	  110 
   3154 	  268310 	   16 	  268867 	   14 
      0 	  265075 	   11 	  273799 	   12 
     33 	  268948 	   15 	  272498 	   16 
   8793 	  260713 	   14 	  262901 	   15 
   1191 	  272026 	   15 	  260615 	    9 
      1 	  269994 	   10 	  272831 	   15 
   2323 	  266298 	   17 	  266140 	   12 
      0 	  268606 	   12 	  277510 	   10 
   1162 	  259925 	    8 	  267066 	   18 
      0 	  272025 	   42 	  272974 	   11 
    286 	  270315 	   14 	  259489 	   47 
   6328 	  265456 	   13 	  263513 	    9 
      0 	  271708 	   14 	  262426 	   10 
    319 	  277780 	   19 	  265328 	   12 
    602 	  274049 	   24 	  271653 	   10 
  13224 	  250594 	   14 	  255959 	    7 
    297 	  261974 	    7 	  264354 	   19 
      0 	  270771 	   24 	  265002 	   11 
    127 	  267552 	   14 	  251515 	   19 
   2815 	  272353 	   53 	  257864 	    9 
      0 	  273427 	   14 	  274071 	   10 
  33176 	  240760 	   10 	  242772 	   48 
   9283 	  261361 	   18 	  268569 	   10 
    135 	  263617 	   11 	  267446 	   23 
  27238 	  242227 	   18 	  235486 	   17 
      0 	  275408 	   17 	  264906 	   11 
    352 	  269440 	   15 	  270257 	   21 
  10530 	  260458 	   20 	  264127 	   15 
   7181 	  263168 	   14 	  269462 	   24 
  73022 	  194294 	   11 	  194093 	   12 
    129 	  263014 	   43 	  271243 	   14 
  11682 	  248205 	   12 	  238354 	   50 
   4459 	  262255 	   25 	  244986 	   12 
   6599 	  260929 	   19 	  252177 	   22 
   9407 	  257443 	   28 	  254117 	   11 
  15272 	  247017 	   11 	  252979 	   25 
  59816 	  206506 	   15 	  197319 	   11 
  20490 	  253153 	   29 	  245997 	   17 
  24582 	  255370 	   18 	  246924 	   27 
  22297 	  273457 	   95 	  251365 	   15 
      0 	  268591 	   17 	  298952 	   76 
   4330 	  270142 	   15 	  291408 	   47 
  16913 	  259164 	   19 	  258037 	   15 
   7205 	  279708 	   45 	  264400 	   11 
   3975 	  273314 	   22 	  275810 	   28 
  22395 	  254918 	   19 	  262032 	   44 
  48000 	  224390 	   14 	  230423 	   13 
   6597 	  273925 	   38 	  268908 	   11 
   3498 	  273080 	   11 	  280060 	   41 
  16405 	  257891 	   11 	  260617 	   12 
     80 	  278845 	   13 	  265889 	   12 
      1 	  273917 	    9 	  278075 	   17 
  29460 	  256087 	   30 	  246642 	   15 
    126 	  278955 	   21 	  274551 	   13 
  28576 	  242204 	   14 	  259506 	   30 
    193 	  276383 	   20 	  274581 	   12 
  38724 	  241410 	   21 	  242256 	   17 
  39948 	  237333 	   18 	  247603 	   22 
  66922 	  205581 	   12 	  208606 	   11 
  19452 	  256303 	   17 	  254797 	   11 
  44893 	  236952 	   31 	  237316 	   16 
  26790 	  245940 	   16 	  256116 	   27 
  34343 	  242781 	   34 	  234248 	   16 
    165 	  277760 	   20 	  275669 	   35 
  12201 	  266086 	   14 	  267969 	   23 
  17051 	  254147 	    9 	  259109 	   14 
     49 	  275371 	   13 	  267523 	   13 
      0 	  272242 	   13 	  262742 	   13 
    212 	  301933 	   78 	  274152 	   12 
      0 	  270558 	   18 	  266886 	   11 
     60 	  280899 	   16 	  283427 	   90 
    110 	  278950 	   25 	  269975 	   14 
    136 	  268982 	   17 	  289053 	   14 
  17783 	  251994 	   15 	  275920 	   26 
  48216 	  234672 	   20 	  225136 	   19 
     95 	  279148 	   15 	  270283 	   15 
  24765 	  249063 	   10 	  268366 	   20 
  62220 	  214687 	   19 	  212478 	   12 
     16 	  281573 	   26 	  281687 	   12 
     10 	  268582 	   15 	  272578 	   20 
      4 	  271751 	   17 	  278647 	   19 
      8 	  273113 	   60 	  272843 	    8 
      0 	  273112 	   19 	  275361 	   16 
  40960 	  230566 	   14 	  233549 	   72 
  13638 	  266725 	   26 	  263293 	   15 
   3483 	  279252 	   19 	  275300 	   38 
  25743 	  250357 	   16 	  253346 	   18 
    418 	  276492 	   33 	  291059 	   20 
     41 	  272026 	   18 	  277547 	   28 
      0 	  267518 	   13 	  273575 	   12 
  22950 	  271883 	   28 	  259668 	   20 
   8355 	  277399 	   22 	  265841 	   22 
   2240 	  277317 	   18 	  278323 	   17 
     72 	  285175 	   40 	  288899 	   14 
      0 	  289020 	   20 	  281803 	   13 
  41548 	  229806 	   13 	  258670 	   39 
  76854 	  199177 	   11 	  204243 	    9 
  32723 	  246590 	   25 	  240795 	   13 
  17101 	  262334 	   15 	  264771 	   20 
  54150 	  228077 	   14 	  224473 	   12 
  74853 	  201581 	   15 	  208666 	   15 
   2393 	  266545 	    8 	  260749 	   16 
  24927 	  253301 	   17 	  241942 	   11 
  15326 	  267733 	   14 	  267566 	   25 
  86179 	  194186 	   10 	  197068 	   18 
    178 	  279436 	   16 	  263619 	   16 
     67 	  281576 	   23 	  274571 	   20 
      0 	  275137 	   12 	  277908 	   25 
     94 	  293406 	   42 	  273568 	   19 
      0 	  280466 	   14 	  288518 	   14 
     46 	  290871 	   36 	  276410 	   35 
      4 	  280782 	   16 	  291241 	   12 
   5245 	  280113 	   27 	  283969 	   32 
      0 	  271756 	   20 	  275377 	   11 
  20825 	  249825 	   12 	  264234 	   27 
   6135 	  270759 	   13 	  261779 	   15 
     16 	  295237 	   22 	  261505 	   17 
      2 	  276963 	   19 	  289057 	   19 
   1748 	  271094 	   16 	  273732 	   22 
  12467 	  269440 	   22 	  262071 	   20 
     61 	  285368 	   26 	  270400 	   14 
      0 	  282283 	   13 	  279179 	   23 
   5672 	  279702 	   14 	  272120 	   27 
      4 	  274438 	   13 	  281994 	   11 
     43 	  286731 	   93 	  288005 	   16 
      0 	  268150 	   16 	  277505 	   19 
      0 	  271679 	   17 	  278445 	   19 
     28 	  272770 	   17 	  279480 	   99 
   6585 	  273137 	   29 	  266216 	   16 
   1897 	  286849 	   39 	  262380 	   12 
   5620 	  270060 	   15 	  275427 	   28 
    889 	  268618 	   15 	  285404 	   46 
     42 	  277774 	   31 	  274779 	   13 
     16 	  272316 	   16 	  267285 	    9 
     10 	  271356 	   26 	  281757 	   30 
  29217 	  241860 	   11 	  246846 	   13 
      0 	  274186 	   13 	  265332 	   14 
  33346 	  246582 	   25 	  237649 	   24 
     79 	  270113 	   15 	  269143 	   13 
      0 	  278286 	   28 	  269199 	   15 
      0 	  277430 	   22 	  282782 	   23 
      0 	  267976 	   13 	  271837 	   15 
      1 	  272995 	   18 	  276463 	   35 
     85 	  274436 	   19 	  275095 	   22 
   5825 	  275187 	   29 	  264271 	    7 
  17163 	  257873 	   11 	  250831 	   13 
   4689 	  275067 	   14 	  272482 	   13 
    271 	  279037 	   36 	  273466 	   33 
      0 	  277631 	   25 	  280413 	   18 
      0 	  277366 	   18 	  273441 	   40 
   6818 	  272311 	   15 	  269674 	   23 
  12119 	  262301 	   17 	  267277 	   13 
      0 	  272779 	   11 	  276642 	   13 
   2584 	  269348 	   14 	  273752 	   11 
  27515 	  251489 	   27 	  239672 	   21 
   1220 	  290453 	   98 	  270865 	   17 
   2606 	  269168 	   16 	  290556 	  108 
  52029 	  218511 	    8 	  217910 	   10 
  27111 	  245346 	   22 	  242571 	   15 
  47901 	  226528 	   18 	  224104 	   20 
  73997 	  201235 	   27 	  190779 	   15 
      0 	  271322 	   12 	  272843 	   12 
  23817 	  252039 	   15 	  239608 	   23 
  85783 	  186579 	   23 	  192842 	   11 
    411 	  270875 	   12 	  278523 	   12 
    249 	  279441 	   18 	  275673 	   22 
      0 	  274582 	   12 	  260759 	   12 
   6921 	  275946 	   44 	  270794 	   21 
      1 	  269645 	   23 	  277186 	   11 
  41540 	  229996 	   15 	  226670 	   40 
  41197 	  245096 	   22 	  242637 	   18 
  32578 	  250664 	   23 	  252237 	   26 
  16786 	  253524 	   13 	  257152 	   12 
   9297 	  281871 	   34 	  272306 	   21 
    234 	  280858 	   17 	  273193 	   34 
      0 	  281629 	   17 	  275405 	   10 
      0 	  269161 	   10 	  300831 	   27 
      0 	  283446 	   18 	  289323 	   14 
      0 	  276539 	    9 	  272257 	   18 
  20471 	  277329 	   46 	  257294 	   16 
      0 	  276757 	   15 	  278680 	   12 
  11285 	  268468 	    8 	  273923 	   52 
    553 	  276786 	   21 	  284340 	   13 
      0 	  278248 	   16 	  277906 	    8 
      0 	  275686 	   15 	  276983 	   20 
      0 	  276342 	    9 	  276104 	   13 
      0 	  289272 	   22 	  274629 	   17 
    766 	  277057 	   16 	  273247 	   10 
    324 	  271007 	   16 	  276480 	    9 
  29720 	  253220 	   18 	  259016 	   22 
  46520 	  229577 	    8 	  239440 	   13 
      0 	  292356 	   45 	  267167 	   11 
      0 	  294999 	   27 	  270759 	   21 
      0 	  281198 	    9 	  284473 	   45 
      0 	  298365 	   26 	  290006 	    9 
      0 	  268465 	   17 	  305494 	   26 
      0 	  280380 	   29 	  294129 	   13 
   7542 	  274915 	   18 	  288704 	   34 
    249 	  276774 	   12 	  276931 	   18 
  13450 	  281015 	   24 	  245922 	   14 
     24 	  278952 	    9 	  300766 	   25 
      0 	  288982 	   18 	  286076 	   18 
     19 	  276616 	    9 	  272676 	   20 
  10696 	  281981 	   24 	  267509 	    8 
      0 	  269719 	   12 	  281692 	   14 
      0 	  282940 	   17 	  281737 	   23 
  42768 	  229728 	   11 	  222025 	   17 
  77957 	  198805 	   22 	  193104 	   12 
  55002 	  219066 	   16 	  221289 	   24 
  34905 	  241588 	   13 	  257054 	   11 
  42794 	  246372 	   16 	  222533 	   11 
 109291 	  170444 	   11 	  179635 	   14 
  45285 	  237975 	   15 	  233432 	   13 
  96057 	  221666 	  119 	  186887 	  119 
 138246 	  145961 	   12 	  148254 	   15 
 148773 	  134010 	   16 	  132728 	   12 
 150756 	  148128 	   33 	  148032 	   34 
 212652 	   62631 	   19 	   68558 	   21 
 223945 	   48949 	   21 	   50258 	   19 
 214583 	   67902 	   27 	   65402 	   28 
 187075 	   94034 	   15 	   96549 	   16 
 156540 	  134836 	   17 	  128035 	   15 
 164126 	  119235 	   13 	  123198 	   12 
 170450 	  114428 	   28 	  117863 	   30 
 173303 	  106215 	   12 	  107164 	   15 
 180676 	   99990 	   18 	  102367 	   16 
 177157 	  109517 	   23 	   97814 	   11 
 171011 	  103925 	   13 	  115220 	   22 
 117985 	  175736 	   41 	  168332 	   43 
 137264 	  145503 	   18 	  142669 	   21 
 134922 	  148431 	   15 	  139338 	   12 
 150776 	  127594 	    9 	  126160 	   15 
 131643 	  155757 	   22 	  156761 	   21 
 153923 	  118393 	   13 	  123707 	   15 
 158196 	  118785 	   25 	  113708 	   20 
  96410 	  191479 	   24 	  196079 	   27 
 115795 	  173045 	   15 	  171726 	   10 
 137632 	  137258 	   11 	  140178 	   12 
 109230 	  182758 	   15 	  186169 	   15 
 113517 	  172537 	   14 	  181206 	   11 
 134164 	  176600 	   62 	  160564 	   64 
 138489 	  145781 	   18 	  152877 	   27 
 138360 	  144203 	   13 	  140332 	   16 
 133055 	  147883 	   14 	  152576 	   13 
 139652 	  143667 	   21 	  141760 	   11 
 106828 	  181372 	   13 	  171851 	   20 
  76178 	  209820 	   15 	  212982 	   16 
 122038 	  161227 	   11 	  160451 	   11 
 109832 	  186380 	   18 	  192869 	   14 
 120941 	  168530 	   17 	  176099 	   13 
 161223 	  117611 	   22 	  118214 	   26 
 149002 	  137068 	   14 	  141410 	   14 
 147761 	  156336 	   35 	  164517 	   33 
 152665 	  131974 	   59 	  141341 	   68 
