% num_local_points | num_send_points | num_send_procs | num_recv_points | num_recv_procs 
 116583 	  183344 	   43 	  170350 	   46 
 166676 	  117071 	   10 	  129835 	   13 
 140136 	  150242 	   12 	  143302 	   15 
 157191 	  124665 	   15 	  130003 	   11 
 115553 	  184568 	   32 	  171493 	   29 
 181466 	   97739 	   11 	  110011 	   14 
 150235 	  141851 	   16 	  139288 	   14 
 141426 	  140060 	   16 	  141076 	   11 
 118313 	  176629 	   23 	  154857 	   19 
 134673 	  156092 	   17 	  149590 	   16 
 154675 	  132276 	   15 	  138799 	   12 
 154850 	  131130 	   16 	  142202 	   15 
 135953 	  167321 	   54 	  144247 	   54 
 152864 	  130759 	   16 	  128309 	   18 
 139922 	  139097 	   12 	  115198 	   14 
 140279 	  137767 	    9 	  151033 	    9 
 131521 	  178560 	   36 	  116364 	   36 
 155531 	  125943 	   15 	   68903 	   15 
 173172 	  105060 	    9 	   88955 	    7 
 175235 	  114620 	   20 	  180641 	   17 
 140344 	  135936 	   16 	   36782 	   18 
 180850 	   96772 	   12 	  100850 	   12 
 148587 	  150883 	   36 	  200339 	   39 
 157711 	  121534 	   11 	  131544 	    8 
 160151 	  122611 	   14 	   99096 	   15 
 136704 	  149205 	   13 	  123030 	   12 
 190030 	   90268 	   28 	  101618 	   22 
 151262 	  121581 	   28 	   83647 	   28 
 126401 	  146046 	   13 	  122884 	   16 
 185862 	   86688 	   15 	   89753 	   12 
 139407 	  139249 	   18 	  105615 	   19 
 124867 	  153230 	   14 	  100658 	   17 
 164584 	  119896 	   21 	  164843 	   24 
 148578 	  136064 	   13 	  129470 	   15 
 170564 	  106597 	   12 	  122039 	    6 
 107075 	  192817 	   17 	  157247 	   18 
 150053 	  129278 	   11 	  134592 	   12 
 130688 	  151184 	   13 	  144380 	   16 
 129206 	  159629 	   17 	  184800 	   19 
 154074 	  125647 	    9 	  136129 	    8 
 131311 	  167872 	   27 	  176076 	   26 
 169987 	  113042 	   27 	  129051 	   28 
 137367 	  156047 	   24 	  158475 	   21 
 125578 	  170873 	   40 	  114207 	   43 
 191804 	   85492 	   11 	  138533 	    9 
 136271 	  139249 	   13 	  172659 	   12 
 111879 	  174128 	   22 	  175205 	   18 
 155339 	  120431 	   11 	   48621 	   10 
 107183 	  168169 	   11 	  154773 	   15 
 177331 	   96560 	   13 	  132778 	   14 
 249027 	   48600 	   42 	  309285 	   48 
 156648 	  137105 	   51 	  226685 	   55 
 158719 	  133497 	   24 	  141470 	   24 
 180190 	   98909 	   12 	  112234 	   12 
 161096 	  121518 	   14 	  114445 	   12 
 176839 	  119305 	   31 	  143458 	   34 
 187648 	   90352 	   15 	  114182 	   13 
 179947 	  100900 	   15 	   90641 	   14 
 185969 	  107472 	   27 	  119072 	   26 
 192011 	   80167 	   12 	   74625 	   11 
 206562 	   72265 	   17 	   82657 	   14 
 119456 	  177959 	   40 	  119156 	   35 
 186982 	   87572 	   12 	   88025 	   14 
 183390 	   89889 	    8 	   93883 	    9 
 172694 	  105464 	   14 	  101260 	   12 
 171719 	  113109 	   24 	  115280 	   27 
 145248 	  141640 	   12 	  137431 	   12 
 154284 	  132134 	   13 	  134384 	   14 
 145973 	  142642 	   14 	  148319 	   15 
 152692 	  133474 	   17 	  128384 	   14 
 156822 	  129752 	   29 	  128502 	   29 
 187021 	   85134 	   15 	   85665 	   19 
 190570 	   83360 	   12 	   84372 	   11 
 164054 	  115516 	   22 	  108484 	   22 
 186304 	   89759 	   31 	   82545 	   30 
 168508 	  116801 	   28 	  144735 	   30 
 177034 	  114279 	   41 	  138904 	   43 
 182254 	   93639 	   11 	   84150 	   14 
 203867 	   69147 	   15 	   76695 	   13 
 190664 	   85864 	   16 	   90152 	   15 
 203476 	   77931 	   18 	  105911 	   15 
 204536 	   65469 	   14 	   45546 	   13 
 183109 	   86524 	   20 	   84534 	   19 
 183849 	   87546 	   13 	   77732 	   12 
 197761 	   72416 	   12 	   70280 	   10 
 173487 	  112537 	   29 	  118040 	   22 
 225091 	   49210 	   13 	   64478 	   14 
 171165 	  100613 	   12 	   80868 	    8 
 182294 	   92870 	   18 	   67933 	   18 
 163133 	  143345 	   74 	   52351 	   75 
 196626 	   77087 	   10 	   71176 	    9 
 183081 	   92032 	   19 	   92014 	   23 
 197008 	   80776 	   11 	   88330 	   11 
 168336 	  111772 	   15 	  111923 	   13 
 142282 	  157643 	   21 	  143830 	   19 
 171130 	  106809 	   12 	  106584 	   15 
 189202 	   87490 	   10 	   96325 	   11 
 168253 	  117574 	   24 	  130614 	   24 
 185102 	   92640 	   12 	   93725 	   13 
 180218 	   94204 	   12 	   88931 	    9 
 194565 	  106771 	   39 	   90850 	   42 
 197232 	   74657 	   25 	   41161 	   25 
 201522 	   62510 	   14 	   65424 	   13 
 187227 	   88422 	   14 	   46399 	   15 
 180939 	   98506 	   23 	   35529 	   20 
 196386 	   77222 	   13 	   73363 	   10 
 204154 	   71233 	   12 	  127778 	   11 
 178406 	   97539 	   21 	  114288 	   21 
 144857 	  127436 	   11 	   77878 	   11 
 215225 	   58966 	   16 	  121918 	   19 
 256805 	   31600 	   30 	  168273 	   34 
 229611 	   57479 	   41 	  125392 	   44 
 199588 	   64489 	   14 	   62324 	   15 
 218224 	   48000 	   21 	   54951 	   21 
 238063 	   30796 	   18 	   50682 	   18 
 199566 	   71719 	   22 	   83324 	   22 
 192257 	   81674 	   13 	   75555 	   13 
 199681 	   88771 	   27 	   78914 	   30 
 186480 	   87466 	   10 	   65006 	   10 
 216664 	   59810 	   15 	   80534 	   13 
 176919 	  114480 	   28 	   45910 	   27 
 192729 	   82783 	   35 	   62304 	   34 
 210544 	   50065 	   15 	   52290 	   15 
 219138 	   38284 	   12 	   38909 	   11 
 215274 	   48461 	   15 	   33865 	   17 
 210634 	   54577 	    9 	   23825 	   13 
 211588 	   55457 	   17 	   41120 	   19 
 231952 	   34504 	   13 	   42509 	   11 
 226670 	   51137 	   16 	   38562 	   18 
 239055 	   80374 	   47 	  148764 	   48 
 238149 	   33405 	   16 	   43385 	   16 
 210669 	   69751 	  118 	   80386 	  125 
 190841 	   85992 	   18 	   96724 	   15 
 176022 	  115985 	   29 	  128984 	   28 
 156983 	  131980 	   15 	  134681 	   17 
 182220 	   89283 	   16 	   79467 	   11 
 161377 	  116634 	   31 	   93607 	   32 
 158760 	  126709 	   27 	  119330 	   27 
 179805 	   93046 	   16 	   92857 	   17 
 179332 	   93996 	   13 	   96432 	   14 
 139939 	  150254 	   29 	  141775 	   28 
 155537 	  128371 	   16 	  127538 	   19 
 185742 	   90146 	   15 	   92343 	   15 
 178005 	   95869 	    9 	  106862 	   12 
 141857 	  148957 	   30 	  132492 	   29 
 172265 	  104375 	   13 	  112587 	   13 
 153887 	  138435 	   30 	  152862 	   32 
 150505 	  130143 	   10 	  128333 	   10 
 134594 	  150335 	   16 	  159409 	   15 
 146233 	  131691 	   13 	  130324 	   12 
 134667 	  176173 	   53 	  189186 	   52 
 181097 	   91392 	   14 	  105426 	   13 
 168963 	  115837 	   19 	  114812 	   17 
 175771 	  101939 	   25 	   89476 	   27 
 191113 	   84332 	   13 	  103435 	   11 
 203934 	   77318 	   18 	   91105 	   16 
 174707 	  108859 	   39 	  104639 	   37 
 180269 	   91183 	   14 	   93880 	   15 
 172341 	  103335 	   19 	   96550 	   17 
 173175 	  100486 	   30 	  111498 	   29 
 184508 	   89476 	   16 	  104837 	   12 
 199606 	   79063 	   18 	   94431 	   18 
 163335 	  117182 	   22 	  109174 	   21 
 155316 	  123197 	   10 	  116063 	   13 
 159924 	  119332 	   14 	  113130 	   11 
 152281 	  121676 	   12 	   98150 	    8 
 183567 	   93845 	   44 	  104759 	   41 
 172756 	  102324 	   17 	  101604 	   16 
 176611 	   99434 	   15 	  124996 	   13 
 138174 	  153637 	   29 	   64705 	   28 
 152885 	  141683 	   48 	  105044 	   51 
 171923 	  113178 	   16 	  115653 	   16 
 201304 	   68098 	   13 	   79691 	   12 
 157118 	  128228 	   19 	  118173 	   17 
 176502 	  101534 	   19 	  103027 	   19 
 193255 	   78219 	   12 	   84093 	   10 
 195035 	   89348 	   28 	   83074 	   28 
 197853 	   69270 	   21 	   69339 	   20 
 195624 	   71769 	   11 	   74673 	   13 
 179418 	   95918 	   18 	   92864 	   17 
 176915 	   96249 	   20 	   89950 	   18 
 163763 	  147494 	   33 	  116107 	   37 
 181767 	   87103 	   18 	   89004 	   18 
 221897 	   48668 	   11 	   86836 	    6 
 175885 	   95067 	   18 	   76149 	   18 
 166720 	  108271 	   17 	  161223 	   21 
 180831 	   88662 	   19 	  103815 	   21 
 207417 	   53335 	    7 	   44182 	   11 
 206076 	   54454 	   14 	   58649 	   12 
 180096 	   94678 	   15 	   41983 	   17 
 227284 	   66014 	   23 	   98290 	   26 
 217250 	   75463 	   87 	  168653 	   81 
 208804 	   50465 	   13 	   50345 	   11 
 207675 	   56171 	   12 	   53804 	    9 
 192380 	   75119 	   19 	   79750 	   20 
 194178 	   81052 	   18 	   74967 	   18 
 184749 	  100547 	   32 	   79905 	   33 
 234663 	   33080 	   17 	   51123 	   18 
 202947 	   71622 	   22 	   81763 	   21 
 198003 	   75338 	   19 	   78286 	   19 
 184222 	   88783 	   20 	   60700 	   19 
 209865 	   66346 	   24 	   26742 	   21 
 201806 	   63748 	   37 	   58401 	   33 
 204698 	   56177 	   16 	   56898 	   16 
 205767 	   56367 	   13 	   59811 	   13 
 204520 	   62874 	   12 	   30757 	   14 
 233444 	   39019 	   29 	   86375 	   29 
 218978 	   41858 	   22 	   40012 	   22 
 232350 	   33681 	   12 	   42399 	   10 
 227013 	   60493 	   29 	   40000 	   25 
 228831 	   66177 	   32 	   73760 	   27 
 238462 	   24922 	   12 	   27344 	   12 
 183001 	   98308 	   87 	   84018 	   89 
 175203 	  109062 	   18 	  106459 	   15 
 180108 	   98816 	   15 	  110945 	   15 
 194517 	   85162 	   23 	   89213 	   20 
 181789 	   90809 	   18 	   90669 	   17 
 191919 	   84923 	   24 	   79599 	   23 
 190271 	   80438 	   19 	   88888 	   17 
 189247 	   81443 	   23 	   82204 	   20 
 197238 	   82050 	   19 	   76167 	   15 
 207756 	   59847 	   13 	   60393 	   14 
 208086 	   67573 	   22 	   79875 	   17 
 205156 	   96460 	   63 	  103828 	   56 
 192918 	   76615 	   17 	   73556 	   15 
 197026 	   82615 	   21 	   73238 	   25 
 225201 	   41920 	   18 	   49929 	   15 
 200690 	   74389 	   19 	   52009 	   21 
 197604 	   73224 	   19 	   70713 	   21 
 212703 	   49991 	   13 	   55371 	   13 
 218385 	   53846 	   23 	   52100 	   25 
 232856 	   33232 	   15 	   53026 	   15 
 223304 	   58228 	   19 	   51465 	   17 
 185202 	  109361 	   68 	   84310 	   71 
 196050 	   74884 	   19 	   72544 	   19 
 196725 	   68863 	   16 	   62047 	   19 
 197666 	   69266 	   18 	   68357 	   26 
 209471 	   53230 	   10 	   57295 	   15 
 197878 	   79850 	   33 	   70753 	   31 
 192579 	   75226 	   17 	   74092 	   16 
 187961 	   79842 	   16 	   71745 	   16 
 203189 	   73352 	   18 	   86923 	   20 
 232279 	   50297 	   22 	   58074 	   20 
 195466 	   77857 	   59 	   42199 	   52 
 221603 	   34645 	   12 	   33858 	   14 
 219488 	   38160 	   13 	   35187 	   13 
 220683 	   43329 	   23 	   40197 	   23 
 236796 	   30481 	   15 	   48509 	   13 
 208240 	   67589 	   27 	   42273 	   29 
 221311 	   39863 	   12 	   35263 	   12 
 229171 	   34453 	   20 	   38140 	   23 
 240122 	   34551 	   19 	   45938 	   23 
 227449 	   49067 	   21 	   23102 	   25 
 184520 	   94231 	  114 	   30490 	  132 
 153133 	  129047 	   46 	   26397 	   49 
 160738 	  117432 	   37 	   25584 	   32 
  73636 	  205639 	   19 	   63930 	   14 
 203020 	   72831 	   13 	   73847 	   12 
 118431 	  157994 	   22 	   98646 	   13 
 185171 	   90837 	   15 	   94454 	   18 
 188688 	   98626 	   21 	  243165 	   22 
  92256 	  187819 	   15 	   51748 	   12 
 186754 	   93425 	   18 	  143241 	   12 
  94906 	  184250 	   20 	  126347 	   14 
 174818 	   99251 	   14 	   76375 	   10 
 197307 	   82707 	   19 	  287458 	   22 
  63279 	  212945 	   20 	  138199 	   17 
  86772 	  189183 	   15 	   72732 	   12 
 207899 	   64053 	   12 	  103639 	   14 
 185138 	   92809 	   22 	   98582 	   27 
 143345 	  145366 	   36 	  296740 	   42 
  67318 	  209666 	   14 	   81642 	   13 
 136068 	  138145 	   15 	  187771 	   13 
  68323 	  212343 	   47 	   57618 	   49 
 185896 	   93396 	   19 	  113089 	   12 
 159734 	  111620 	   17 	  141033 	   17 
 144040 	  131243 	   20 	   85426 	   19 
 152184 	  123905 	   21 	   79682 	   16 
 171203 	  104777 	   14 	   34912 	    8 
 233769 	   37826 	   19 	   73155 	   18 
 198418 	   78204 	   23 	  122480 	   21 
 148614 	  124475 	   12 	   69612 	   11 
 183733 	   89967 	   46 	   64123 	   52 
 210516 	   56147 	   10 	   66447 	    9 
 225415 	   38575 	   12 	   51658 	   10 
 169789 	  102122 	   21 	   58637 	   21 
 204667 	   67433 	   11 	   66584 	   13 
 199744 	   73168 	   14 	   65553 	   14 
 226352 	   38511 	   10 	   33529 	   10 
 230247 	   39003 	   12 	   30323 	   13 
 224652 	   50911 	   21 	   62214 	   20 
 207318 	   62397 	    9 	   50133 	    7 
 207275 	   68830 	   43 	   73374 	   55 
 206415 	   63411 	   14 	   67816 	   13 
 208997 	   60642 	   10 	   79551 	   11 
 191334 	   91303 	   28 	  339713 	   32 
  69958 	  218784 	   48 	  226419 	   51 
 119925 	  148962 	   16 	  101433 	   10 
  51922 	  224472 	   22 	   68540 	   19 
 161352 	  111009 	   17 	  123968 	   15 
 170225 	   96354 	   12 	   93799 	   12 
 187278 	   84863 	   25 	  170922 	   25 
  95042 	  176820 	   15 	  119631 	   14 
 153518 	  118363 	   23 	  230382 	   21 
  85578 	  188036 	   19 	   93898 	   16 
 165229 	  104646 	   24 	  221063 	   25 
  71217 	  198239 	   17 	  106158 	   15 
 165465 	  110742 	   39 	  215631 	   31 
 233633 	   40419 	   34 	  111134 	   38 
 147643 	  127478 	   41 	   86595 	   46 
 151048 	  120176 	   16 	  110174 	   13 
 157969 	  110280 	   13 	   95690 	    9 
 149754 	  123826 	   24 	   77761 	   27 
 162183 	  112120 	   12 	  100589 	   15 
 181019 	   88685 	   15 	  100489 	   12 
 171941 	  104557 	   28 	  198213 	   34 
  92836 	  174564 	   12 	   89154 	   15 
 156189 	  108401 	   16 	  118146 	   14 
 190081 	   86149 	   23 	  154888 	   24 
 114464 	  162349 	   24 	  145179 	   24 
 164127 	  104350 	   15 	   71163 	   16 
 131693 	  143452 	   57 	  144743 	   64 
 133973 	  138540 	   11 	  102731 	   11 
 196796 	   74113 	   15 	   51047 	   11 
 166850 	  109707 	   20 	   62376 	   17 
 170501 	  100835 	   25 	   92924 	   28 
 165946 	  103909 	   14 	  108268 	   16 
 216542 	   49154 	   11 	   50244 	    9 
 144416 	  128389 	   20 	  140357 	   21 
 132548 	  136981 	   14 	  106190 	   16 
 165390 	  112193 	   40 	  140031 	   43 
 130341 	  141523 	   13 	  156927 	   15 
 195828 	   78203 	   14 	  148330 	   12 
 195491 	   82404 	   31 	  343650 	   49 
  23936 	  253408 	   40 	   79001 	   33 
 146389 	  128978 	   20 	  122395 	   16 
 149676 	  123456 	   14 	  154756 	   11 
 125589 	  149878 	   15 	  170891 	   10 
 121788 	  152306 	   24 	  166327 	   24 
  70429 	  203597 	   26 	  164629 	   18 
  65017 	  210728 	   13 	   75862 	   11 
 169220 	   98313 	   11 	  120988 	   13 
 156749 	  117222 	   21 	  228417 	   25 
  47593 	  228542 	   23 	  240256 	   19 
  63810 	  204689 	   18 	  112215 	   16 
 171937 	   98372 	   37 	   82950 	   33 
 195831 	   72499 	   17 	   98376 	   16 
 198736 	   71102 	   19 	   58115 	   20 
 194735 	   71262 	   11 	   65513 	   14 
 170072 	   98369 	   13 	   88658 	   12 
 186055 	   84890 	   23 	   51898 	   26 
 222993 	   44878 	   19 	   51513 	   14 
 237960 	   29397 	   18 	   25363 	   17 
 207896 	   65714 	   14 	   71893 	   13 
 193543 	   77884 	   14 	   57756 	   13 
 197048 	   86281 	   54 	  181000 	   59 
 239847 	   31151 	   31 	  100753 	   31 
 139380 	  131340 	   35 	  147963 	   39 
  90719 	  179824 	   10 	  110510 	    8 
 129749 	  138266 	   11 	  125662 	   10 
 162435 	  110120 	   24 	  245891 	   27 
 103007 	  160115 	   13 	  114991 	   13 
  90673 	  177057 	   18 	  117727 	   18 
 121969 	  150883 	   23 	  137540 	   24 
 129258 	  143922 	   15 	   90586 	   15 
 174982 	   92832 	   14 	   91273 	   15 
 210846 	   61528 	   27 	  140247 	   27 
  68117 	  211407 	   23 	  194445 	   24 
 155010 	  113382 	   21 	   66345 	   19 
 152495 	  119592 	   80 	  162004 	   79 
 119139 	  151838 	   15 	  169103 	   16 
 108923 	  159210 	   16 	  205205 	   13 
 117988 	  153505 	   24 	  109334 	   27 
 121965 	  146157 	   19 	  158953 	   16 
 131842 	  134523 	   26 	  164001 	   32 
 106953 	  158881 	   16 	  170861 	   13 
 104332 	  164365 	   19 	  157883 	   14 
 117718 	  151941 	   26 	  161206 	   24 
 131093 	  130587 	   13 	  128642 	   13 
 144866 	  116119 	   17 	  131257 	   14 
 123488 	  145751 	   55 	  182128 	   59 
 101593 	  166616 	   19 	  169153 	   16 
 131714 	  135972 	   27 	  127857 	   25 
 171082 	   96060 	   13 	   96201 	   15 
 152768 	  116504 	   19 	  144985 	   18 
 124246 	  143026 	   28 	  126217 	   29 
 150436 	  110739 	   17 	  123690 	   15 
 163106 	   95217 	   15 	  115487 	   11 
 170328 	   96543 	   21 	  107310 	   23 
 156826 	  108760 	   12 	  111928 	   14 
 138446 	  131882 	   64 	  183131 	   68 
 112739 	  153023 	   15 	  126273 	   17 
 113104 	  150160 	   18 	  149250 	   16 
 114589 	  150929 	   22 	  158777 	   24 
 130649 	  133227 	   16 	  158536 	   16 
 143945 	  124398 	   31 	  168098 	   29 
 118203 	  146693 	   17 	  123077 	   13 
 147765 	  125369 	   22 	  166820 	   16 
 134628 	  135356 	   25 	  118690 	   25 
 135781 	  131169 	   17 	  139034 	   19 
 134004 	  133541 	   16 	  135370 	   14 
 183724 	   98489 	   47 	  185414 	   63 
 192951 	   73614 	   14 	  124200 	   10 
 188624 	   74314 	   27 	   79926 	   25 
 189369 	   72505 	   17 	   81382 	   13 
 174451 	   90559 	   29 	   95780 	   28 
 170971 	   90353 	   16 	   96271 	   16 
 172002 	   94136 	   28 	  101470 	   25 
 213148 	   51429 	   15 	   62084 	   13 
 214955 	   56999 	   19 	   61101 	   18 
 154286 	  228374 	  100 	   82680 	  110 
 238992 	   30310 	   14 	   53181 	   16 
 234682 	   37216 	   38 	   96755 	   45 
 208790 	   74688 	   29 	  158224 	   33 
 219885 	   52766 	   14 	   63135 	   11 
 155095 	  117896 	   15 	   77400 	   16 
 200170 	   76540 	   14 	   83313 	   13 
 160451 	  129728 	   27 	  134354 	   25 
 204666 	   73111 	   12 	  123018 	   17 
 192555 	   84228 	   12 	   71925 	   15 
 153581 	  120549 	   17 	  102640 	   13 
 226094 	   47879 	   11 	   51348 	   12 
 158211 	  122424 	   21 	   51660 	   19 
 170226 	  112341 	   26 	  104525 	   27 
 205415 	   73757 	   12 	  140607 	   13 
 186220 	   87151 	   13 	   60337 	   11 
 150641 	  128864 	   18 	   85126 	   18 
 159316 	  128487 	   39 	  188617 	   43 
 146296 	  130493 	   12 	  134820 	   13 
 178113 	   95579 	   15 	   93964 	   15 
 167488 	  113274 	   43 	  163286 	   46 
 211337 	   66397 	   13 	   73609 	   15 
 184867 	   87071 	   17 	   62247 	   18 
 198000 	   77632 	   16 	   68511 	   16 
 203636 	   66830 	   16 	   43864 	   17 
 217804 	   49710 	   12 	   69482 	   12 
 146118 	  139995 	   26 	  142291 	   27 
 209704 	   70764 	   21 	  158107 	   21 
 149797 	  122289 	   11 	   71383 	   12 
 216389 	   59268 	   35 	  128777 	   34 
 216669 	   47562 	   14 	   38957 	   15 
 201713 	   62316 	   13 	   51913 	   12 
 214614 	   53768 	   22 	   46272 	   22 
 228936 	   39660 	   15 	   37239 	   14 
 222984 	   44649 	   22 	   42525 	   22 
 197099 	   77996 	   22 	   99565 	   24 
 152990 	  117794 	   13 	   77009 	   14 
 201167 	   73595 	   18 	  141572 	   16 
 205248 	   63314 	   14 	   63116 	   12 
 218047 	   59628 	   54 	  110887 	   56 
 169505 	  105591 	   14 	   71598 	   17 
 179920 	   91496 	   14 	  105921 	    9 
  84305 	  201358 	   27 	   77521 	   25 
  95619 	  187782 	   63 	   39476 	   65 
 160871 	  112455 	   26 	   23027 	   31 
 133501 	  150502 	   49 	  221532 	   55 
 147456 	  127912 	   18 	  178950 	   17 
 176689 	   91432 	   10 	  118793 	    8 
 114115 	  158337 	   15 	  116045 	   15 
 140562 	  133142 	   21 	  176797 	   23 
 152069 	  118937 	   13 	  102556 	   14 
 120365 	  154437 	   18 	  137998 	   14 
  53314 	  227814 	   18 	  121283 	   18 
  62547 	  222037 	   27 	  199784 	   27 
 140610 	  138109 	   17 	  267570 	   13 
 141019 	  126209 	   11 	  119230 	    7 
 110831 	  160256 	   18 	  192680 	   18 
 147819 	  121947 	   13 	  123149 	   15 
 146414 	  122382 	   11 	  162726 	   14 
 102359 	  170022 	   12 	  173863 	   10 
 132519 	  139908 	   14 	  128924 	    9 
 120677 	  152228 	   13 	  203510 	   10 
  86058 	  196777 	   31 	  102360 	   36 
 133746 	  136866 	   10 	   45937 	   10 
 113995 	  164912 	   25 	  199621 	   26 
  67852 	  200006 	    9 	  154917 	   13 
 141376 	  134209 	   19 	  316574 	   18 
 103284 	  163905 	    9 	  140192 	    8 
 141492 	  136685 	   52 	  180101 	   57 
 204567 	   63963 	   15 	   45983 	   12 
 227158 	   42424 	   18 	   48465 	   15 
 215984 	   57458 	   17 	   88682 	   18 
 216190 	   59038 	   26 	   90200 	   26 
 203215 	   67003 	   16 	   52493 	   14 
 228056 	   37735 	   13 	   39253 	   14 
 191062 	   83440 	   18 	   71513 	   20 
 207332 	   64659 	   18 	   95669 	   15 
 186710 	   90754 	   37 	   78502 	   39 
 197095 	   75930 	   15 	   73383 	   14 
 129456 	  149537 	   17 	   56999 	   14 
 148795 	  125479 	   41 	   62996 	   41 
 160384 	  122281 	   37 	  205764 	   41 
 168066 	  104900 	   12 	   91995 	   14 
 155121 	  114255 	   12 	   83404 	   15 
 132169 	  143060 	   17 	  119101 	   13 
 170394 	  103936 	   21 	  105492 	   23 
 166236 	  109544 	   20 	  159493 	   19 
 178961 	   93680 	    9 	  113555 	   13 
 177576 	   91115 	   14 	  103620 	   14 
 117278 	  157114 	   21 	  100320 	   21 
 148671 	  127450 	   22 	  137899 	   22 
 164469 	  103641 	   13 	  126313 	   15 
 169744 	   99032 	   33 	   92268 	   31 
 217237 	   48573 	   14 	   42760 	   14 
 230420 	   33411 	   14 	   32863 	   13 
 199477 	   68852 	   18 	   61914 	   19 
 204187 	   66711 	   15 	   81441 	   13 
 211755 	   61458 	   25 	   67950 	   22 
 234962 	   31169 	   18 	   30594 	   14 
 238791 	   31076 	   16 	   28265 	   16 
 219453 	   54584 	   16 	   58100 	   17 
 214971 	   54832 	   15 	   54202 	   16 
 175757 	  103721 	   42 	   65861 	   40 
 221146 	   53184 	   41 	   72881 	   48 
 173578 	   98956 	   42 	  114774 	   36 
 162561 	  106520 	   12 	  109366 	   11 
 167138 	  100295 	   14 	   99220 	   12 
 144416 	  127213 	   23 	  108546 	   24 
 126248 	  145542 	   23 	  151499 	   25 
 157278 	  110378 	   14 	  118866 	   16 
 144211 	  127828 	   21 	  124029 	   20 
 163278 	  106663 	   12 	  103279 	   12 
 173860 	   95052 	   15 	   96507 	   14 
 184748 	   88197 	   23 	   99115 	   23 
 123623 	  155067 	   22 	  173429 	   22 
 166819 	  100583 	   16 	   80322 	   16 
 101202 	  173478 	   82 	  137450 	   89 
 140444 	  130082 	   14 	  119803 	   13 
 122632 	  145387 	    9 	   97276 	   12 
  67253 	  210330 	   21 	  173796 	   17 
 126526 	  143588 	   20 	  212544 	   19 
 141711 	  123987 	   10 	  117024 	    9 
 116640 	  154077 	   36 	  148383 	   38 
 131687 	  139286 	   16 	  138160 	   16 
 115516 	  152723 	   21 	  134475 	   21 
 148531 	  113530 	   11 	  124889 	    9 
 133105 	  129805 	   16 	  120249 	   16 
  63740 	  211832 	   41 	  136934 	   43 
 123909 	  143539 	   14 	  127889 	   20 
 137177 	  125632 	    8 	  180627 	   10 
  93155 	  179729 	   18 	   20164 	   14 
 134472 	  144866 	   18 	  228117 	   18 
 109449 	  164959 	   36 	  205871 	   37 
 141487 	  119476 	   11 	  109409 	   11 
  73475 	  186273 	   18 	   49963 	   16 
  54420 	  213300 	   20 	  119034 	   20 
  73705 	  197193 	   20 	  202316 	   17 
 117373 	  152900 	   69 	  144536 	   80 
 155396 	  107771 	   11 	  110009 	    8 
 148175 	  118547 	   16 	  124338 	   16 
 126488 	  139882 	   15 	  140126 	   19 
 114155 	  148269 	   17 	  119073 	   17 
 123071 	  145894 	   31 	  150336 	   31 
 130636 	  136602 	   13 	  136596 	   12 
 149504 	  124640 	   15 	  169024 	   15 
 133575 	  141639 	   20 	  120245 	   24 
 137744 	  129926 	   17 	  122778 	   18 
 149668 	  120999 	   13 	  152666 	   15 
  18309 	  267989 	   39 	   14538 	   41 
  50978 	  217966 	   19 	   66909 	   14 
 126201 	  140677 	   22 	   75888 	   20 
 131925 	  133316 	   23 	  127712 	   16 
 150022 	  115860 	   38 	  119571 	   36 
 176720 	   86422 	   20 	   90957 	   22 
 182639 	   82715 	   14 	   96894 	   16 
 178206 	   91873 	   22 	   64175 	   22 
 210370 	   59854 	   25 	   73553 	   22 
 309298 	   44697 	   82 	  609903 	   78 
 248815 	   37570 	   48 	  143393 	   47 
 219990 	   53893 	   10 	   52478 	   12 
 221626 	   47987 	   12 	   45970 	   10 
 208338 	   72843 	   26 	   72327 	   26 
 207320 	   83640 	   43 	  114535 	   43 
 198397 	   77269 	   10 	   77467 	   11 
 207603 	   68922 	   16 	   78690 	   16 
 152081 	  130183 	   21 	   82896 	   17 
 168922 	  107804 	   11 	  124018 	   10 
 185741 	   88055 	   13 	   69765 	   15 
 141136 	  135427 	   14 	  112819 	   12 
 178798 	   95527 	   16 	   91704 	   14 
 182683 	   97421 	   43 	  145902 	   48 
 136164 	  142854 	   11 	   71948 	   12 
 138721 	  131604 	   23 	  134470 	   17 
 155178 	  118100 	   22 	   84050 	   22 
 159250 	  119495 	   27 	  122009 	   28 
 164919 	  111106 	   12 	  104946 	    9 
 175989 	  102814 	   19 	  127733 	   16 
 131626 	  144969 	   19 	  106949 	   16 
 142430 	  131032 	   23 	  144528 	   23 
 164661 	  109919 	   12 	  116249 	   12 
 114305 	  164086 	   30 	  200505 	   32 
 133372 	  144002 	   23 	  171339 	   26 
  70317 	  206872 	    9 	  174438 	   11 
  82036 	  198280 	   19 	  174808 	   20 
  70040 	  207350 	   12 	  233835 	   13 
  99245 	  172404 	   14 	  169040 	   15 
 110753 	  173527 	   24 	  354507 	   24 
 162508 	  129296 	   81 	  225865 	   87 
 152195 	  120039 	   16 	   95126 	   16 
 186200 	   83944 	   15 	   86271 	   13 
 141456 	  135719 	   20 	  122294 	   18 
 145158 	  128598 	    9 	  121788 	   13 
  92386 	  187061 	   12 	  160278 	   11 
 106001 	  181035 	   33 	  233599 	   32 
 151234 	  120032 	   13 	   89759 	   11 
 179615 	   90386 	   16 	   95692 	   14 
 129948 	  151010 	   20 	  115724 	   19 
 145140 	  125973 	   21 	  118354 	   16 
 127159 	  146593 	   13 	  149293 	    9 
 142793 	  134612 	   36 	  113640 	   34 
  64423 	  217329 	   29 	   90310 	   23 
  65172 	  207863 	    9 	  198006 	   11 
  45724 	  238176 	   13 	  188886 	   10 
  95005 	  181987 	   15 	  162952 	   18 
 150690 	  125305 	   14 	  232109 	   18 
  89760 	  182719 	   14 	   88191 	   12 
  96319 	  201777 	   35 	  326386 	   32 
  87755 	  183397 	   17 	  145421 	   18 
  93061 	  188145 	   24 	  109051 	   15 
 143676 	  132700 	   19 	  157891 	   18 
  64448 	  208543 	   12 	  118941 	   16 
 129082 	  154620 	   17 	  298820 	   22 
 116996 	  164993 	   20 	  306317 	   27 
 128343 	  143400 	   15 	  193737 	   23 
 131298 	  143908 	   15 	  174114 	   14 
 129591 	  151776 	   69 	  234695 	   73 
 192421 	   74224 	   18 	   78606 	   14 
 183709 	   91066 	   15 	   85492 	   21 
 124963 	  155673 	   26 	  115909 	   24 
 150182 	  124225 	   24 	  116022 	   23 
 187418 	   78500 	   14 	   94540 	   14 
 186758 	   92250 	   35 	  107992 	   39 
 208622 	   65327 	   22 	   62791 	   16 
 219542 	   53232 	   21 	   53668 	   20 
 170040 	  108543 	   26 	   83216 	   23 
 162545 	  118151 	   21 	   68762 	   20 
 175071 	  104327 	   17 	  121814 	   17 
 167660 	  118003 	   55 	  118937 	   50 
 119038 	  150422 	   17 	   83376 	   21 
  80732 	  195880 	   22 	  106597 	   19 
 126033 	  160097 	   21 	  162075 	   18 
 182608 	   97556 	   13 	  145891 	   17 
 147248 	  125819 	   14 	  207928 	   17 
 131368 	  154360 	   41 	  160799 	   38 
 143620 	  139253 	   18 	   78797 	   19 
 165810 	  118546 	   24 	  108130 	   22 
 209770 	   67647 	   20 	   97137 	   14 
 205324 	   65105 	   19 	   49486 	   17 
 180510 	  101788 	   22 	  104517 	   23 
 163450 	  125386 	   31 	  166569 	   30 
 129441 	  150492 	   15 	  206921 	   16 
 165689 	  106743 	   14 	  153033 	   15 
 176274 	   95140 	   22 	  102159 	   26 
 182228 	   91673 	   17 	  120784 	   18 
 201713 	   81714 	  103 	  158448 	  120 
 211387 	   65676 	   36 	  130233 	   42 
 222983 	   64156 	   28 	  163667 	   34 
 192965 	   78224 	   14 	   58513 	   14 
 175782 	  102645 	   14 	  116322 	   13 
 202636 	   71044 	   20 	   59989 	   20 
 121074 	  160943 	   19 	   70769 	   21 
 200946 	   72669 	   20 	   50738 	   17 
 152913 	  123838 	   16 	   73317 	   15 
 116523 	  168181 	   32 	  200805 	   30 
 169461 	  107832 	   12 	  144146 	   13 
 170348 	  106320 	   17 	  103318 	   17 
 121038 	  156775 	   19 	  162642 	   17 
 161674 	  116602 	   14 	  166619 	   10 
 179905 	   95690 	   17 	  107126 	   15 
 121401 	  157612 	   22 	  103983 	   19 
 135742 	  149005 	   32 	  192937 	   38 
 169897 	  101847 	    8 	  125294 	   10 
 161312 	  107978 	   12 	   81831 	   12 
 179287 	  107506 	   42 	  213133 	   46 
 195604 	   79750 	   16 	   53640 	   16 
 205097 	   76405 	   16 	   91650 	   19 
 163870 	  114939 	   16 	   71968 	   16 
 204449 	   64537 	   15 	   51503 	   17 
 215458 	   55471 	   20 	   76974 	   20 
 156795 	  131223 	   22 	  160378 	   29 
 188478 	   91874 	   19 	  131828 	   21 
 169858 	  100627 	   10 	   74134 	   11 
 208958 	   68021 	   35 	  129631 	   34 
 216540 	   45297 	   13 	   40422 	   15 
 213701 	   54545 	   18 	   64140 	   19 
 207706 	   62007 	   19 	   38068 	   20 
 235940 	   31066 	   19 	   31143 	   20 
 247082 	   20557 	   14 	   47922 	   13 
 189625 	   93593 	   25 	   80817 	   28 
 183102 	   86685 	   14 	   66904 	   16 
 206507 	   59597 	   11 	   89860 	    8 
 192430 	   76647 	   18 	   86581 	   16 
 165621 	  107234 	   15 	  105332 	   14 
 179668 	  106385 	   57 	  115062 	   51 
 183881 	   87958 	   12 	  114357 	   11 
  72629 	  210984 	   25 	   90509 	   25 
 114808 	  160095 	   67 	   61381 	   70 
 127625 	  151636 	   29 	   13842 	   32 
 120122 	  164107 	   53 	  214083 	   55 
 149957 	  119810 	   13 	  121516 	   12 
 147125 	  128782 	   19 	  211207 	   15 
 105300 	  166056 	   14 	   99637 	   13 
 176417 	   92101 	   12 	  180884 	   14 
 140938 	  131934 	   23 	  123539 	   21 
 110803 	  159857 	    6 	  118483 	    8 
  80685 	  195322 	   20 	   96906 	   22 
 104401 	  164507 	   13 	   79062 	    8 
 130958 	  153460 	   25 	  339338 	   28 
 100009 	  170172 	   12 	  157521 	    7 
  97980 	  173024 	   17 	  196465 	   18 
 168602 	   98568 	    8 	  144915 	   10 
  95590 	  176164 	   16 	  149371 	   19 
 129393 	  144381 	   11 	  207922 	   14 
 174944 	   95473 	   13 	  120325 	   10 
  87715 	  187090 	   13 	  123312 	   10 
 131320 	  149407 	   23 	  167033 	   24 
  73239 	  203855 	   25 	   27352 	   28 
  81146 	  194410 	   24 	  209328 	   28 
  99708 	  170044 	   11 	  225548 	   13 
  96245 	  173262 	   13 	  208966 	   15 
 112893 	  155676 	   12 	  245509 	    8 
 107059 	  169997 	   29 	  216081 	   28 
 184970 	   89255 	   15 	   69201 	   16 
 182599 	   94110 	   17 	   88867 	   15 
 181294 	   91220 	   23 	   74569 	   22 
 201801 	   62697 	   14 	   56566 	   13 
 192763 	   75935 	   19 	   66442 	   18 
 188128 	   87639 	   23 	  126974 	   23 
 214113 	   57437 	   21 	   99253 	   24 
 182544 	   85486 	   16 	   72558 	   14 
 193729 	   84562 	   50 	  114575 	   46 
 174587 	   98279 	   17 	   52569 	   16 
 124893 	  150465 	   12 	  106997 	   12 
 147117 	  125033 	   30 	   76841 	   32 
 180050 	   93605 	   39 	   55112 	   38 
 220128 	   45347 	   19 	   43535 	   16 
 212463 	   51292 	   15 	   46466 	   16 
 231087 	   39094 	   23 	   35982 	   20 
 233085 	   38005 	   16 	   37946 	   18 
 229863 	   41268 	   24 	   43615 	   24 
 203824 	   62160 	   17 	   56662 	   16 
 204606 	   65568 	   16 	   82519 	   12 
 207290 	   63732 	   17 	   70263 	   19 
 223310 	   45254 	   15 	   48034 	   14 
 180793 	  101595 	   47 	   61614 	   54 
 222928 	   52823 	   33 	   71818 	   30 
 175253 	  106374 	   45 	  179693 	   47 
 187760 	   80069 	   14 	   91384 	   16 
 162056 	  111308 	   18 	  104690 	   19 
 109115 	  162594 	   12 	  110160 	    6 
 116815 	  157921 	   15 	  105088 	   14 
 166890 	  102270 	    9 	  101106 	    9 
 161964 	  112613 	   15 	  134902 	   17 
 163437 	  108500 	   20 	  119249 	   20 
 114286 	  161953 	   21 	  130772 	   25 
 146390 	  127499 	   21 	  198870 	   21 
 164802 	  107347 	   14 	  133306 	    9 
 142715 	  131490 	   38 	  148772 	   40 
 188492 	   80915 	   13 	   85832 	   12 
 168374 	  102909 	   17 	  114840 	   15 
 150526 	  120339 	   21 	  104412 	   22 
 163161 	  110857 	   19 	  108114 	   17 
 198807 	   73621 	   15 	   79728 	   12 
 170075 	  102471 	   13 	   87771 	   14 
 190959 	   83008 	   21 	  111989 	   22 
 148888 	  128071 	   23 	  143842 	   23 
 152101 	  118255 	   13 	  126645 	   13 
 157447 	  112717 	   23 	  106640 	   25 
 167763 	  100817 	   14 	   90053 	   12 
 118857 	  158142 	   93 	  112913 	  107 
 136076 	  132687 	   10 	  124217 	   11 
 121086 	  149688 	    8 	  126221 	   12 
  90377 	  181577 	   18 	  178820 	   16 
 141107 	  126770 	   17 	  146780 	   14 
 118174 	  146762 	    9 	  118000 	   10 
  71243 	  203234 	   19 	  165187 	   19 
 118974 	  155890 	   13 	  159312 	   13 
 157643 	  110171 	   11 	  140543 	    9 
 112584 	  156353 	   18 	  142435 	   18 
 122256 	  142551 	    9 	  153494 	    9 
  60732 	  215308 	   44 	  119962 	   48 
 164798 	  101732 	    8 	  161311 	    8 
 121912 	  144782 	    8 	  129813 	   10 
 100527 	  176485 	   18 	   68753 	   13 
 122062 	  153926 	   18 	  186921 	   17 
 109575 	  158282 	   11 	  167793 	    9 
 121058 	  147951 	   22 	  180763 	   19 
  76658 	  185834 	   11 	   71252 	    8 
  48292 	  217692 	   24 	  114710 	   21 
  91255 	  176428 	   15 	  158301 	    9 
 145177 	  119075 	   14 	  111908 	   11 
 129436 	  142510 	   44 	  147911 	   47 
 139537 	  130151 	   11 	  139066 	    8 
 119731 	  146705 	   21 	  144919 	   22 
 118837 	  143034 	   14 	  110099 	   16 
 151515 	  109209 	   10 	  113569 	   11 
 191946 	   82660 	   17 	  134617 	   20 
 145826 	  133459 	   13 	  154185 	   15 
 149487 	  131058 	   22 	   83352 	   24 
 156085 	  110998 	   13 	  105936 	   11 
 155954 	  119507 	   14 	  155406 	   16 
  63632 	  222987 	   45 	   20357 	   48 
  32096 	  243177 	   15 	   63287 	   13 
 102687 	  160774 	   25 	   77473 	   21 
 134439 	  130674 	   19 	  113803 	   13 
 168514 	  100239 	   27 	  106709 	   25 
 178175 	   86294 	   11 	   85143 	   12 
 180731 	   92515 	   15 	  121179 	   20 
 159727 	  118163 	   29 	   81695 	   28 
 201675 	   76932 	   18 	   99996 	   18 
 244188 	   67891 	   76 	  382469 	   80 
 301778 	   33163 	   43 	  384936 	   49 
 226224 	   46297 	   17 	   47920 	   16 
 217406 	   52247 	   13 	   51690 	   12 
 200595 	   81251 	   30 	   80294 	   30 
 204932 	   85949 	   44 	  121742 	   46 
 192361 	   80319 	   12 	   82652 	   14 
 202757 	   66386 	    9 	   67319 	   10 
 167855 	  111150 	   38 	   80080 	   44 
 167315 	  106049 	   12 	   89959 	   14 
 210734 	   59157 	   10 	   89816 	   13 
 137873 	  140434 	   14 	   83945 	   16 
 178412 	   92772 	   11 	   90379 	   14 
 175979 	  100794 	   15 	  122402 	   12 
 111730 	  170902 	   33 	  141977 	   26 
 140535 	  132569 	   15 	  123345 	   12 
 113184 	  164238 	   23 	  132869 	   22 
 171098 	  106233 	   22 	  110459 	   24 
 163181 	  106515 	   16 	  120007 	   12 
 158882 	  113850 	   10 	  113686 	    9 
 149564 	  124134 	   21 	  106551 	   16 
 132013 	  147903 	   31 	  138682 	   27 
 175595 	   97437 	   15 	  110111 	   16 
 120823 	  156788 	   33 	  187589 	   36 
 156197 	  122214 	   19 	  171584 	   23 
 106160 	  171572 	   16 	  114785 	   14 
 141854 	  132048 	   12 	  172309 	   12 
  93708 	  177965 	   13 	  135592 	   14 
 131139 	  138526 	   11 	  164775 	   11 
 148115 	  128096 	   15 	  179000 	   11 
 137366 	  160282 	   78 	  344533 	   88 
 143142 	  126285 	   15 	  148020 	   14 
 114804 	  165904 	   17 	  132976 	   16 
 120502 	  159192 	   26 	  177867 	   26 
 141348 	  129725 	   17 	  118602 	   18 
 164475 	  105021 	   15 	  121950 	   15 
 127500 	  153492 	   20 	  127678 	   18 
 122890 	  154010 	   13 	  133458 	   11 
 135957 	  138323 	   10 	  124998 	   14 
 106535 	  175775 	   21 	  177589 	   21 
 159592 	  110240 	   21 	   91742 	   18 
 126870 	  144887 	   13 	  133699 	   10 
 157075 	  112352 	   14 	  123880 	   14 
 163377 	  110784 	   61 	  125969 	   71 
 168713 	  104683 	   17 	  103001 	   13 
 180534 	   95143 	   28 	   86244 	   36 
 218312 	   56787 	   18 	   52256 	   16 
 212340 	   64613 	   21 	   67596 	   19 
 157482 	  120896 	   33 	   82920 	   32 
 138028 	  132691 	   16 	  106102 	   12 
 163945 	  108195 	   20 	  119766 	   21 
 140166 	  150960 	   27 	  146734 	   22 
 167927 	  108224 	   24 	   87740 	   20 
 181013 	   91544 	   18 	   95831 	   17 
 214728 	   56108 	   14 	   78962 	   12 
  52724 	  242844 	   47 	   91475 	   43 
  79706 	  202171 	   12 	  130723 	    8 
 126471 	  147845 	   10 	  202693 	    9 
 120846 	  156697 	   30 	  127752 	   24 
 102631 	  170084 	   13 	  119089 	   11 
  94834 	  178915 	   14 	   78623 	   15 
 150533 	  125629 	   12 	  222793 	   14 
  35280 	  239990 	    8 	   79704 	   13 
 104269 	  192295 	   18 	  400302 	   24 
  72449 	  198081 	   18 	  105806 	   18 
 146611 	  121153 	   10 	  155066 	   17 
 162040 	  119584 	   15 	  316081 	   21 
 142821 	  133575 	   17 	  247860 	   22 
 122247 	  150327 	   12 	  165602 	   19 
 122257 	  157961 	   12 	  124315 	   11 
 130757 	  158627 	   41 	  283167 	   37 
 125269 	  145543 	   12 	   72330 	    9 
 145060 	  138169 	   35 	   63941 	   33 
 145734 	  138331 	   14 	   88334 	   10 
 120546 	  165084 	   30 	  119128 	   25 
 116051 	  152155 	   12 	  110638 	   18 
 194765 	   72485 	   10 	  170712 	   17 
 169078 	  104504 	   14 	  156458 	   16 
 158897 	  127674 	   21 	  137017 	   22 
 176734 	  110645 	   20 	   72560 	   20 
 199061 	   76338 	   13 	   85955 	   14 
 196949 	   93363 	   22 	  127080 	   24 
 194411 	   97772 	   27 	  164770 	   29 
 137923 	  139562 	   12 	  133991 	   15 
 140610 	  139477 	   14 	  212010 	   17 
 142564 	  134414 	   15 	  131530 	   18 
 173646 	  104692 	   16 	  130203 	   17 
 223728 	   64752 	   93 	  148587 	  102 
 234338 	   37366 	   17 	   40684 	   16 
 226810 	   43029 	   15 	   46402 	   13 
 196406 	   84078 	   30 	   30310 	   30 
 224460 	   62264 	   38 	   83576 	   47 
 199568 	   72341 	   13 	   88211 	   13 
 195293 	   73810 	   12 	   75657 	    9 
 202728 	   77046 	   29 	  129115 	   30 
 218068 	   53600 	   13 	   76327 	   12 
 203090 	   66643 	   12 	   72349 	   12 
 179417 	   94749 	   26 	  105309 	   23 
 180382 	   91068 	   11 	   93932 	   15 
 127601 	  150016 	   15 	   65573 	   16 
 170889 	  113089 	   25 	  215856 	   20 
 133147 	  138751 	   16 	  112842 	   12 
 139747 	  138302 	   26 	  165935 	   31 
 156596 	  121476 	   21 	   89104 	   21 
 153134 	  115144 	   13 	  111903 	    9 
 170628 	  106497 	   14 	  181265 	   12 
 140961 	  126986 	    8 	   69792 	   11 
  93200 	  189514 	   33 	   66749 	   32 
 127169 	  144689 	   18 	   98331 	   16 
 125068 	  153681 	   38 	   74988 	   39 
 163533 	  114492 	   23 	  117309 	   24 
 145751 	  131275 	   16 	  155617 	   11 
 148748 	  123893 	   13 	  121421 	   12 
 139281 	  128868 	    8 	   78331 	   11 
 131118 	  145555 	   18 	  152968 	   20 
  58770 	  219960 	   16 	   63585 	   16 
 134393 	  164812 	  101 	  249155 	  109 
 126794 	  145266 	   12 	  174014 	    6 
  64693 	  218375 	   17 	  130138 	   18 
  88093 	  194994 	   22 	  204859 	   20 
 137153 	  133190 	   17 	   78499 	   15 
 146295 	  122792 	   14 	  169269 	   12 
  78325 	  207137 	   22 	  181163 	   22 
 133169 	  144897 	   13 	  203557 	   10 
 143751 	  128105 	    9 	  190281 	   11 
  84257 	  200892 	   21 	  287295 	   21 
 116558 	  151931 	   14 	  119520 	   13 
  64115 	  215869 	   18 	  126987 	   20 
 106164 	  165739 	   12 	   82809 	   10 
 143824 	  132540 	   45 	   82091 	   44 
 197594 	   83997 	   20 	  184435 	   18 
 116225 	  170891 	   26 	  110684 	   27 
 206600 	   64007 	   16 	   52228 	   14 
 200454 	   82214 	   22 	   95102 	   23 
 166439 	  117379 	   31 	  192838 	   34 
 147484 	  124456 	   11 	  193211 	   10 
 203978 	   82792 	   23 	  230702 	   26 
 148851 	  126475 	   11 	  115121 	   14 
 121623 	  154862 	   18 	  106610 	   14 
  90440 	  187237 	   19 	   87277 	   16 
 134141 	  137710 	    7 	   45193 	   12 
 167782 	  133763 	   47 	  337905 	   50 
 127322 	  156875 	   10 	  222775 	   12 
 104039 	  171491 	    9 	  184690 	    7 
  48476 	  232112 	   20 	  204062 	   17 
 123363 	  147500 	   13 	  216010 	   13 
 104108 	  170549 	   13 	  172301 	   13 
 115968 	  157341 	   11 	  161619 	    7 
 114895 	  162627 	   11 	  112138 	   12 
 141817 	  147667 	   21 	  216020 	   21 
 125008 	  149747 	   15 	  109259 	   13 
 148008 	  123579 	   14 	   73044 	   12 
  55473 	  233582 	   24 	   32443 	   21 
 117496 	  168148 	   45 	  266745 	   47 
 130024 	  147322 	    9 	  168315 	    8 
 198382 	   97220 	   22 	  268491 	   24 
 126081 	  151765 	    8 	  110556 	   13 
 189261 	   99710 	   30 	  178883 	   32 
 151882 	  118394 	   18 	  104110 	   15 
 128894 	  146845 	   17 	   20027 	   16 
 236141 	   45595 	   25 	  124516 	   25 
 196855 	   77221 	   17 	   84850 	   16 
 174495 	  117125 	   23 	  113316 	   19 
 107709 	  169623 	   10 	  116628 	    5 
  74596 	  217955 	   18 	   71693 	   18 
  78315 	  212298 	   25 	   25260 	   16 
  98930 	  174963 	   17 	  123281 	   17 
 118974 	  159107 	    9 	  202560 	   10 
  17026 	  282387 	   23 	  135934 	   25 
 147812 	  120492 	   12 	  168423 	   13 
  50894 	  226908 	   16 	   24684 	   11 
 106734 	  176970 	   16 	  162706 	   13 
 112319 	  161271 	   13 	   83585 	   13 
  41629 	  280325 	  120 	  118057 	  122 
 141452 	  145578 	   12 	  146605 	   15 
 156684 	  131036 	   16 	  147870 	   13 
 126342 	  172628 	   33 	  136012 	   37 
 207426 	   68625 	   19 	   65731 	   21 
 223895 	   48393 	   21 	   50190 	   17 
 226410 	   52834 	   28 	   72222 	   28 
 173626 	  107392 	   17 	   75655 	   16 
 163123 	  126520 	   15 	  116060 	   15 
 167111 	  116878 	   13 	  142816 	   12 
 175432 	  117131 	   28 	  138773 	   31 
 173938 	  107060 	   13 	   98708 	   15 
 175052 	  107638 	   18 	   99379 	   17 
 189307 	   87939 	   15 	  112038 	   14 
 191416 	   91014 	   22 	  111088 	   22 
 158370 	  144185 	   41 	  190307 	   45 
 160922 	  124999 	   17 	   83149 	   19 
 191839 	   82589 	   12 	   96071 	   12 
 158795 	  126952 	   10 	  128979 	   15 
 174535 	  111483 	   23 	  126568 	   24 
 213831 	   58048 	   15 	   54650 	   17 
 200731 	   81214 	   22 	   97668 	   21 
 178568 	  125535 	   26 	  182342 	   29 
 146920 	  129691 	   11 	   86891 	    9 
 202301 	   76111 	   13 	  126104 	   12 
 112583 	  178721 	   16 	  112958 	   14 
 159665 	  120476 	   13 	  134369 	   10 
 170825 	  126935 	   61 	  130848 	   62 
 185825 	   99302 	   28 	   86997 	   29 
 154826 	  132623 	   13 	  121863 	   18 
 162941 	  125065 	   14 	  110488 	   15 
 190775 	  100466 	   16 	  137623 	   12 
 148071 	  152838 	   22 	  221625 	   20 
 150058 	  132372 	   15 	  157539 	   15 
 162685 	  115266 	   12 	  105781 	   10 
 120464 	  176030 	   18 	  107926 	   14 
 163147 	  118447 	   16 	  128764 	   15 
 180286 	  103023 	   27 	   90034 	   26 
 219858 	   59729 	   13 	   80374 	   15 
 158180 	  141904 	   36 	   98116 	   35 
 169833 	  117760 	   60 	  124320 	   67 
