% num_local_points | num_send_points | num_send_procs | num_recv_points | num_recv_procs 
  70130 	  110254 	   42 	  215023 	   64 
  38675 	  134287 	   17 	  250224 	   19 
  16764 	  147529 	    8 	  287846 	   22 
  17725 	  151560 	   11 	  282247 	   16 
  17240 	  149283 	    6 	  294642 	   36 
      0 	  166044 	    9 	  296010 	   17 
      0 	  167159 	   16 	  295770 	   21 
      4 	  177066 	   28 	  301074 	   16 
   4753 	  169644 	   17 	  305040 	   28 
   3948 	  159439 	    9 	  290302 	   19 
      0 	  173044 	   18 	  300487 	   17 
      0 	  163953 	    8 	  299931 	   25 
      0 	  167456 	   12 	  284921 	   66 
      0 	  163628 	   11 	  295024 	   25 
      0 	  181823 	   20 	  285804 	   20 
      0 	  173341 	   10 	  300902 	   12 
      0 	  162943 	   11 	  267645 	   37 
      0 	  166433 	   15 	  198959 	   17 
      0 	  168138 	   13 	  179821 	   10 
      0 	  163489 	   12 	  195253 	   16 
      0 	  171949 	   17 	   68654 	   17 
      0 	  182285 	   54 	   93389 	    9 
      0 	  164137 	   11 	  197912 	   46 
      0 	  159944 	    6 	  288864 	   12 
      0 	  176069 	   17 	  279394 	   20 
      0 	  166936 	   12 	  279030 	   20 
      0 	  170116 	    8 	  311227 	   28 
      0 	  168673 	    8 	  208231 	   27 
      0 	  169190 	   11 	  168533 	   16 
      0 	  190386 	   34 	  204116 	   14 
      0 	  164611 	   14 	   94004 	   16 
      0 	  165902 	   15 	   85017 	   14 
      0 	  172133 	   12 	  129205 	   31 
      0 	  180207 	   24 	  305031 	   22 
      0 	  165440 	   14 	  291795 	    9 
     51 	  179171 	   40 	  288922 	   23 
      0 	  164792 	   12 	  288383 	   17 
      0 	  166685 	    8 	  293137 	   18 
      0 	  171534 	   15 	  295725 	   24 
      0 	  161785 	    8 	  297881 	   10 
      0 	  169906 	   14 	  327611 	   34 
      0 	  161849 	    7 	  298488 	   35 
     64 	  168009 	   11 	  318343 	   28 
    738 	  182621 	   31 	  209705 	   45 
      0 	  162892 	   11 	  166853 	    9 
      0 	  171999 	   14 	  194629 	   12 
      0 	  164850 	   12 	  115238 	   13 
      0 	  173777 	   19 	   70300 	    8 
      5 	  169923 	   16 	   83541 	    9 
      0 	  173019 	   19 	   88148 	   11 
      0 	  173584 	   12 	  152120 	   39 
      0 	  167205 	    9 	  305597 	   56 
      0 	  166508 	   13 	  297038 	   36 
      0 	  174759 	   18 	  293034 	   17 
      0 	  162087 	   10 	  295277 	   16 
      0 	  169640 	   12 	  293021 	   39 
      0 	  170074 	   10 	  255043 	   20 
      0 	  164837 	   10 	  258379 	   18 
      0 	  167846 	   10 	  250771 	   29 
      0 	  175443 	   18 	  208956 	   13 
      0 	  162861 	    9 	  194317 	   17 
      0 	  168247 	   10 	  250556 	   44 
      0 	  170855 	   15 	  280861 	   20 
      0 	  190996 	   36 	  285573 	   16 
      0 	  165877 	    8 	  295774 	   20 
      0 	  164400 	    7 	  295796 	   37 
      0 	  174319 	   19 	  296243 	   18 
      0 	  181230 	   40 	  292550 	   18 
      0 	  168769 	   16 	  304324 	   22 
      0 	  173913 	   14 	  304104 	   20 
      0 	  161116 	   12 	  301241 	   36 
      0 	  173817 	   22 	  294826 	   24 
      0 	  165896 	   13 	  296529 	   18 
      0 	  190212 	   73 	  296864 	   29 
      0 	  167267 	    8 	  298778 	   40 
      0 	  166865 	   12 	  297658 	   40 
     11 	  181719 	   24 	  298846 	   56 
      0 	  164601 	   11 	  287480 	   21 
      0 	  163540 	    9 	  281828 	   22 
      0 	  176115 	   13 	  256131 	   21 
      0 	  162700 	   11 	  241714 	   19 
      0 	  181087 	   32 	  215803 	   15 
      0 	  163276 	   13 	  283961 	   23 
    232 	  158201 	    8 	  254195 	   18 
      0 	  169348 	   14 	  281161 	   16 
   1573 	  165759 	   13 	  246986 	   25 
    176 	  180998 	   27 	  195055 	   15 
      0 	  172306 	   16 	  211440 	   10 
      0 	  173234 	   16 	  166540 	   19 
    122 	  178088 	   36 	  187000 	   86 
      0 	  160657 	   11 	  261710 	   16 
      0 	  156387 	   11 	  276764 	   32 
      0 	  162816 	   13 	  284761 	   19 
      0 	  161941 	    9 	  300992 	   23 
      0 	  168606 	   12 	  309112 	   29 
      0 	  168022 	   12 	  285673 	   18 
      0 	  158127 	   12 	  292059 	   15 
      0 	  172950 	   24 	  293608 	   32 
      0 	  171806 	   12 	  289300 	   20 
      0 	  167858 	   13 	  284543 	   13 
      0 	  161900 	   11 	  315047 	   51 
      0 	  176507 	   15 	  260827 	   28 
      0 	  162987 	    7 	  256370 	   17 
      0 	  172936 	   16 	  231423 	   20 
      0 	  165863 	   16 	  217315 	   22 
      0 	  167148 	   27 	  240851 	   13 
      0 	  170612 	   14 	  271294 	   12 
      0 	  159354 	   11 	  153972 	   22 
      0 	  166494 	   16 	  111833 	   12 
      0 	  172316 	   11 	  136692 	   18 
      0 	  160786 	   10 	  204210 	   36 
      0 	  174991 	   32 	  263261 	   47 
      0 	  159889 	    8 	  269273 	   17 
      0 	  166369 	   14 	  271673 	   27 
      0 	  165672 	   14 	  272156 	   24 
      0 	  185471 	   53 	  271095 	   29 
      0 	  157551 	    8 	  278404 	   20 
      0 	  162073 	    6 	  268779 	   40 
      0 	  163500 	   12 	  234743 	   12 
      0 	  163132 	   15 	  227937 	   17 
      0 	  157533 	   13 	  244925 	   34 
      0 	  161098 	   17 	  261622 	   47 
      0 	  171294 	   18 	  261601 	   22 
      0 	  170195 	   14 	  264189 	   18 
      0 	  174900 	   20 	  240736 	   25 
      0 	  160840 	    8 	  253260 	   16 
      0 	  170086 	   11 	  271184 	   26 
      0 	  164970 	   12 	  267258 	   16 
      0 	  159617 	   11 	  275359 	   23 
      0 	  158930 	    8 	  330379 	   57 
      0 	  177544 	   30 	  284294 	   21 
      0 	  180425 	   16 	  279697 	  130 
      0 	  165952 	    8 	  285093 	   23 
      0 	  180066 	   24 	  295961 	   36 
      0 	  206317 	   73 	  290063 	   22 
      0 	  156111 	    6 	  286020 	   16 
      0 	  160127 	   12 	  289928 	   41 
      0 	  153517 	   18 	  286441 	   36 
      0 	  168273 	   11 	  292007 	   24 
      0 	  163640 	    9 	  289294 	   19 
      0 	  164697 	   11 	  289231 	   39 
      0 	  167603 	   13 	  299264 	   26 
      0 	  169250 	   12 	  288314 	   24 
      0 	  170126 	   20 	  284733 	   15 
      0 	  162848 	   13 	  316358 	   39 
      0 	  165671 	   12 	  297906 	   21 
      0 	  158366 	   10 	  301189 	   44 
      0 	  154513 	   10 	  288827 	   18 
      0 	  171039 	   24 	  299293 	   21 
      0 	  165181 	    9 	  294763 	   18 
      0 	  170584 	   13 	  300258 	   69 
      0 	  162197 	   12 	  268547 	   16 
      0 	  157228 	   13 	  254241 	   22 
      0 	  157217 	   23 	  232813 	   33 
      0 	  193341 	   38 	  226429 	   17 
      0 	  150790 	    7 	  203328 	   23 
      0 	  153272 	   12 	  223762 	   48 
      0 	  149368 	   13 	  281428 	   20 
      0 	  147726 	    8 	  287055 	   22 
      0 	  167427 	   14 	  280944 	   35 
      0 	  158495 	   11 	  248247 	   16 
      0 	  164778 	   19 	  228471 	   20 
      0 	  167392 	   13 	  242313 	   28 
      0 	  162590 	   14 	  277564 	   16 
      0 	  167681 	   22 	  271015 	   18 
      0 	  164086 	   16 	  253464 	   12 
      0 	  164451 	   11 	  223516 	   50 
      0 	  184397 	   36 	  223987 	   17 
      0 	  175881 	   42 	  171286 	   13 
      0 	  156019 	   15 	  157062 	   31 
      0 	  154510 	    6 	  231933 	   63 
      0 	  154775 	   11 	  299694 	   22 
      0 	  160914 	   22 	  280834 	   17 
      0 	  152113 	   13 	  296915 	   27 
      0 	  168605 	   22 	  295084 	   26 
      0 	  162700 	   12 	  279695 	   15 
      0 	  162453 	   11 	  278023 	   38 
      0 	  162474 	   10 	  272847 	   24 
      0 	  173132 	   28 	  283437 	   18 
      0 	  164060 	   10 	  279891 	   23 
      0 	  160632 	   12 	  281768 	   23 
      0 	  168444 	   15 	  305937 	   47 
      0 	  180405 	   24 	  224584 	   17 
      0 	  160828 	   16 	  269074 	    8 
      0 	  162535 	   13 	  124024 	   18 
      0 	  150430 	   36 	  140167 	   18 
      0 	  147976 	   10 	  132369 	   22 
      0 	  149675 	   13 	  256530 	   14 
      0 	  149518 	    8 	  270398 	   17 
      0 	  155572 	   15 	  221533 	   19 
      0 	  162290 	   14 	  222918 	   29 
      0 	  151566 	    8 	  203374 	   90 
      0 	  160549 	   17 	  268980 	   15 
      0 	  150899 	   12 	  267388 	   11 
      0 	  155685 	   14 	  271432 	   24 
      0 	  156676 	   12 	  277356 	   21 
      0 	  161120 	   14 	  268778 	   43 
      0 	  180228 	   36 	  268024 	   20 
      0 	  175659 	   34 	  244508 	   22 
      0 	  169856 	   28 	  234429 	   22 
      0 	  153025 	    9 	  222379 	   21 
      0 	  160590 	  121 	  262350 	   21 
      0 	  164593 	   17 	  263984 	   37 
      0 	  162757 	   10 	  265072 	   25 
      0 	  175748 	   29 	  260027 	   21 
      0 	  161616 	    7 	  236540 	   22 
      0 	  159085 	   10 	  266690 	   38 
      0 	  168856 	   15 	  265375 	   29 
      0 	  162896 	   11 	  271100 	   15 
      0 	  170033 	   32 	  278625 	   33 
      0 	  164322 	   14 	  313932 	   34 
      0 	  159782 	   11 	  269553 	   17 
     12 	  169690 	   27 	  285462 	  101 
      4 	  167211 	   11 	  279304 	   22 
      8 	  165251 	   14 	  282496 	   22 
      0 	  156708 	    9 	  290919 	   31 
      0 	  163125 	   14 	  283419 	   24 
      0 	  172194 	   30 	  278794 	   33 
      0 	  159217 	    9 	  273674 	   21 
      0 	  171768 	   14 	  285873 	   25 
      0 	  165800 	   11 	  293144 	   23 
      0 	  160696 	    9 	  279338 	   21 
      0 	  164424 	   14 	  271768 	   27 
      0 	  165557 	   13 	  311517 	   77 
      0 	  168463 	   18 	  272006 	   22 
      0 	  168779 	   25 	  269400 	   34 
      0 	  162338 	    7 	  246163 	   21 
      0 	  168899 	   17 	  254682 	   27 
      0 	  173708 	   30 	  257078 	   28 
      0 	  160867 	    8 	  275708 	   20 
      0 	  164371 	    9 	  281288 	   38 
      0 	  174667 	   16 	  286050 	   22 
      0 	  158804 	   10 	  273323 	   28 
      0 	  164802 	   14 	  278047 	   84 
      0 	  159812 	   15 	  279930 	   23 
      1 	  179828 	   52 	  277631 	   23 
      0 	  170075 	   24 	  276768 	   35 
      0 	  161563 	   10 	  270959 	   22 
      0 	  169084 	   18 	  270752 	   45 
      0 	  159280 	    9 	  266722 	   22 
      0 	  178992 	   26 	  238598 	   18 
      0 	  171183 	   12 	  269765 	   26 
      0 	  174781 	   18 	  283944 	   29 
      0 	  182350 	   40 	  248177 	   65 
      0 	  156244 	    9 	  266485 	   20 
      0 	  161511 	   14 	  265869 	   21 
      0 	  163260 	   18 	  266352 	   32 
      0 	  161983 	   13 	  277863 	   19 
      0 	  155712 	   16 	  270103 	   42 
      0 	  164552 	   31 	  267604 	   20 
      0 	  161947 	   17 	  285938 	   31 
      0 	  172917 	   16 	  288318 	   32 
      0 	  175316 	   23 	  272963 	   38 
      0 	  160687 	    7 	  213177 	  128 
      0 	  161962 	   11 	   56388 	   29 
      0 	  169998 	   14 	   60331 	   20 
      0 	  162788 	   10 	   38072 	    7 
      0 	  158254 	    9 	   69937 	    6 
      0 	  178730 	   45 	   53531 	    7 
      0 	  170772 	   13 	   66090 	   10 
      0 	  177618 	   17 	   92155 	   13 
      0 	  180538 	   19 	   36361 	   10 
      0 	  192488 	   59 	   77456 	    8 
      0 	  167344 	   13 	   56467 	   11 
      0 	  161882 	    8 	   58371 	    5 
      0 	  168546 	   20 	  102533 	   13 
      0 	  160728 	   10 	   49087 	   12 
      0 	  159844 	   13 	   44570 	    9 
      0 	  170537 	   19 	   68302 	    8 
      0 	  162071 	   13 	   60564 	   17 
      0 	  165043 	   16 	   97638 	   24 
      0 	  157796 	   10 	   35233 	    5 
      0 	  155682 	   12 	   70427 	    8 
      0 	  169739 	   28 	   51197 	   35 
      0 	  159399 	   13 	   86067 	   10 
      0 	  151927 	   11 	   76312 	   12 
      0 	  161262 	   17 	   57557 	   11 
      0 	  160471 	   12 	   74541 	   11 
      0 	  169055 	   15 	   75276 	    6 
      0 	  161299 	   14 	  100743 	   16 
      0 	  151707 	    8 	   77508 	   16 
      0 	  154771 	   21 	   63310 	    8 
      0 	  202953 	   33 	  101360 	   45 
      0 	  157060 	   11 	  117867 	   10 
      0 	  158742 	   12 	  164209 	   12 
      0 	  158780 	   20 	   90037 	   19 
      0 	  167670 	   17 	   74362 	   10 
      0 	  163723 	   17 	  122375 	   15 
      0 	  164139 	   20 	  224001 	   12 
      0 	  151312 	    8 	  261074 	   16 
      0 	  154673 	    6 	  226274 	   24 
      0 	  151533 	   15 	  137042 	    9 
      0 	  150471 	   10 	  196345 	   45 
      0 	  167951 	   15 	   64244 	    9 
      0 	  156008 	   12 	   62454 	    7 
      0 	  182483 	   25 	  110702 	   24 
      3 	  179279 	   87 	   71265 	   34 
      0 	  152268 	   13 	   51739 	    7 
      0 	  153999 	   10 	   36322 	   13 
      0 	  154959 	   13 	   61431 	    9 
      0 	  157847 	   18 	   61849 	   10 
      0 	  161197 	   11 	   78512 	   18 
      0 	  159846 	   14 	   46801 	   10 
      0 	  161539 	   11 	   81703 	   14 
      0 	  172535 	   33 	   41673 	   14 
      0 	  156872 	   14 	   80104 	   16 
      0 	  162956 	   22 	   44210 	   10 
      0 	  162271 	    9 	   89103 	   34 
      0 	  160958 	   18 	  145409 	   37 
      0 	  166863 	   13 	   89134 	   39 
      0 	  179022 	   19 	   67307 	    9 
      0 	  159652 	   22 	   62373 	    6 
      0 	  162384 	   19 	   69685 	   17 
      0 	  151203 	   36 	   96499 	   13 
      0 	  149146 	    9 	  106534 	   14 
      0 	  150745 	   14 	   89925 	   24 
      0 	  149148 	    7 	   40938 	    8 
      0 	  153352 	   14 	   62295 	   10 
      0 	  160093 	   13 	   94168 	   18 
      0 	  149666 	    8 	   85217 	   19 
      0 	  161760 	   30 	   75383 	   13 
      0 	  153763 	   23 	   86851 	   47 
      0 	  150731 	    8 	   64265 	    8 
      0 	  158065 	   13 	   72754 	    9 
      0 	  159997 	   15 	   61584 	   11 
      0 	  157355 	   10 	   79674 	   21 
      0 	  179337 	   31 	   89612 	   14 
      0 	  168520 	   31 	   90112 	    8 
      0 	  153825 	    9 	   71646 	   17 
      0 	  151428 	   11 	   64550 	   11 
      1 	  165208 	   84 	   73684 	   26 
      0 	  167020 	   13 	   62049 	   10 
      0 	  170794 	   18 	   73011 	    7 
      0 	  163706 	   15 	  117366 	   35 
      0 	  156114 	    9 	   27579 	   26 
      0 	  168368 	   21 	   63857 	   10 
      0 	  164696 	   17 	   63054 	   10 
      0 	  158320 	   16 	   60676 	    8 
      0 	  157289 	   14 	   67644 	   14 
      0 	  151037 	    9 	   51370 	    9 
      0 	  162591 	   25 	   35224 	    7 
      0 	  160138 	   19 	   68200 	    7 
      0 	  161047 	   18 	   78115 	   15 
      0 	  158797 	   21 	   68283 	   11 
      0 	  162520 	   17 	   42469 	   11 
      0 	  154536 	   10 	  115846 	   30 
      0 	  155585 	   13 	  137675 	   16 
      0 	  149370 	   12 	  145432 	   17 
      0 	  155466 	   19 	   75323 	   11 
      0 	  198418 	   64 	   82186 	   11 
      0 	  159300 	   16 	  158307 	   30 
      0 	  152854 	   10 	  222072 	   16 
      0 	  156022 	   18 	  269572 	   21 
      0 	  152765 	    8 	  188748 	   18 
      0 	  160270 	   20 	  151535 	   16 
      0 	  161934 	   17 	  181405 	   54 
      0 	  163252 	   18 	  155205 	   33 
      0 	  159816 	   14 	   88694 	   37 
      0 	  158913 	   20 	   45435 	    4 
      0 	  154492 	    8 	   66362 	    6 
      0 	  152910 	   13 	   94469 	   15 
      0 	  152732 	   15 	   46812 	    8 
      0 	  170304 	   24 	   48827 	    9 
      0 	  156220 	   15 	   74265 	   11 
      0 	  165665 	   15 	   79803 	   10 
      0 	  159076 	   17 	  114687 	   13 
      0 	  161166 	   23 	  102092 	   19 
      0 	  174723 	   68 	   78225 	   18 
      0 	  160010 	   18 	   73221 	   14 
      0 	  158143 	   15 	   72642 	   55 
      0 	  156740 	   16 	   60663 	   12 
      0 	  157047 	   13 	   70004 	    9 
      0 	  151315 	   12 	   48745 	   15 
      0 	  153206 	   14 	   61560 	   10 
      0 	  151127 	   10 	   69713 	   19 
      0 	  154250 	   22 	   56360 	    9 
      0 	  162576 	   29 	   57051 	    9 
      0 	  158092 	   15 	   63878 	   11 
      0 	  165312 	   17 	   56616 	    6 
      0 	  168794 	   15 	   62065 	    7 
      0 	  167375 	   17 	   66306 	   46 
      0 	  148708 	   10 	   59576 	   10 
      0 	  172635 	   23 	   66504 	   19 
      0 	  153961 	   12 	   77194 	   14 
      0 	  164009 	   58 	   84859 	   13 
      0 	  148308 	   11 	   79162 	   20 
      0 	  151453 	   14 	   64902 	    9 
      0 	  148879 	   13 	   73619 	    8 
      0 	  152168 	   22 	   78066 	   22 
      0 	  149359 	   10 	   86911 	   12 
      0 	  158588 	   14 	   91154 	   55 
      0 	  151756 	   10 	   55392 	   10 
      0 	  164153 	   24 	   60141 	    8 
      0 	  153604 	   21 	   62778 	   13 
      0 	  150295 	    8 	   68915 	    9 
      0 	  156198 	   11 	   85375 	   21 
      0 	  165986 	   21 	   67221 	    8 
      0 	  162423 	   18 	   94646 	   12 
      0 	  162856 	   15 	   75481 	   18 
      0 	  163006 	   22 	   87660 	   13 
      0 	  155975 	   19 	   89991 	   12 
      0 	  150817 	    9 	   93366 	   56 
      0 	  183168 	  132 	   96523 	    9 
      0 	  176952 	   40 	   91604 	   24 
      0 	  172074 	   30 	  111647 	   13 
      0 	  168653 	   27 	  136158 	   28 
      0 	  169416 	   26 	   94143 	   15 
      0 	  167008 	   26 	  158123 	   23 
      0 	  176117 	   45 	  195573 	   16 
      0 	  175374 	   53 	  248904 	   22 
      0 	  170619 	   23 	  211955 	   86 
      0 	  172300 	   27 	  143385 	   16 
      0 	  165584 	   18 	  146668 	   39 
      0 	  167982 	   23 	  138578 	   25 
      0 	  173083 	   47 	   89156 	    8 
      0 	  161190 	   14 	  104068 	   13 
      0 	  168038 	   22 	   97974 	   13 
      0 	  162485 	   15 	   99712 	   17 
      0 	  158808 	   15 	   99086 	   10 
      0 	  162175 	   10 	   87093 	   11 
      0 	  155304 	   12 	   91953 	   12 
      0 	  161953 	   21 	   98862 	   10 
      0 	  167530 	   17 	   80783 	   14 
      0 	  167058 	   13 	   92261 	   22 
      0 	  175268 	   50 	   99114 	   10 
      0 	  169270 	   55 	   77117 	    8 
      0 	  169480 	   26 	   80670 	   12 
      0 	  170300 	   29 	   98729 	   30 
      0 	  166152 	   25 	   82417 	   10 
      0 	  162748 	   27 	   78155 	   12 
      0 	  176302 	   52 	  156188 	   41 
      0 	  166252 	   43 	  179975 	   16 
      0 	  168779 	   27 	  130043 	   19 
      0 	  168185 	   26 	  181854 	   17 
      0 	  159729 	   29 	  217135 	   19 
      0 	  165333 	   28 	  201853 	   12 
      0 	  173931 	   58 	  137636 	   26 
      0 	  166035 	   24 	  139159 	   19 
      0 	  166753 	   28 	  106128 	   10 
      0 	  165469 	   22 	  166884 	   39 
      0 	  169223 	   43 	  252949 	   20 
      0 	  166227 	   36 	  209549 	   14 
      0 	  171818 	   43 	  245958 	   26 
      0 	  165231 	   26 	  268246 	   18 
      0 	  165523 	   27 	  246908 	   24 
      0 	  165807 	   28 	  178239 	   24 
      0 	  168787 	   37 	  109472 	   12 
      0 	  161852 	   20 	  128271 	   19 
      0 	  167474 	   20 	  161344 	   12 
      0 	  161383 	   16 	  126055 	   48 
      0 	  156049 	   22 	   83179 	   11 
      0 	  162777 	   20 	   90904 	    6 
      0 	  152208 	   11 	   65917 	   18 
      0 	  158009 	   17 	   62752 	   53 
      0 	  167055 	   15 	   71456 	   27 
      0 	  166565 	   15 	  105537 	   44 
      0 	  178102 	   55 	  101007 	   13 
      0 	  170619 	   41 	   87889 	    7 
      0 	  163621 	   26 	   80149 	   11 
      0 	  161397 	   28 	   91810 	   17 
      0 	  166636 	   16 	   76904 	   10 
      0 	  164084 	   28 	   75016 	   11 
      0 	  168713 	   85 	   59841 	   14 
      0 	  163539 	   28 	   72618 	   19 
      0 	  160682 	   27 	   99860 	   11 
      0 	  161928 	   32 	   75830 	    6 
      0 	  161955 	   62 	   88933 	   14 
      0 	  159685 	   31 	   87883 	   12 
      0 	  165198 	   21 	   80126 	   10 
      0 	  163212 	   25 	   79696 	    9 
      0 	  161694 	   23 	   77284 	    9 
      0 	  161160 	   61 	   76468 	    6 
      0 	  158183 	   24 	   51969 	   23 
      0 	  167430 	   31 	   42813 	    4 
      0 	  166541 	   26 	   73272 	   19 
      0 	  172584 	   51 	   54430 	    9 
      0 	  158938 	   31 	   95773 	   11 
      0 	  164828 	   32 	   58614 	    5 
      0 	  156734 	   19 	  131357 	   48 
      0 	  171088 	   25 	  106860 	   11 
      0 	  166259 	   16 	  181696 	   17 
      0 	  160619 	   21 	  102934 	   14 
      0 	  190269 	   74 	  165456 	   27 
      0 	  208192 	   54 	  171319 	   16 
      0 	  178171 	   44 	  216278 	   17 
      0 	  157586 	   19 	  126456 	   20 
      0 	  164258 	   19 	  136357 	   15 
      0 	  167095 	   29 	  106983 	   33 
      0 	  166117 	   18 	   83355 	   10 
      0 	  166475 	   22 	   72191 	   11 
      9 	  170170 	   28 	   77949 	   36 
     28 	  169366 	   16 	  112097 	   33 
      5 	  181641 	   38 	   78779 	    8 
     25 	  171966 	   20 	   72835 	   10 
      2 	  173055 	   43 	   72933 	    9 
      0 	  181403 	   17 	   90555 	   15 
      0 	  177501 	   19 	   96781 	   14 
      0 	  163078 	   11 	   91366 	   11 
      0 	  164986 	   14 	  104674 	   14 
      0 	  169372 	   20 	   87858 	   17 
      0 	  178655 	   27 	  100617 	   18 
      0 	  164748 	   13 	  110950 	   12 
      0 	  159854 	   36 	  217437 	   38 
      0 	  156302 	   11 	  234009 	   20 
      0 	  162827 	   15 	  264175 	   20 
      0 	  162062 	    9 	  204479 	   23 
      0 	  161166 	   23 	  243896 	   19 
      0 	  159689 	   13 	  264672 	   34 
      0 	  158483 	   10 	  272190 	   23 
      0 	  161710 	   11 	  274641 	   26 
      0 	  179144 	   28 	  276026 	   26 
      0 	  167501 	   14 	  273300 	   24 
      0 	  164774 	   20 	  254982 	   50 
      0 	  169632 	   16 	  273584 	   61 
      0 	  167522 	   55 	  205083 	   46 
      0 	  166818 	   29 	  208875 	   12 
      0 	  175975 	   67 	  267443 	   17 
      0 	  171753 	   48 	  254143 	   27 
      0 	  170852 	   24 	  237769 	   26 
      0 	  178336 	   25 	  272906 	   21 
      0 	  173641 	   25 	  271455 	   28 
      0 	  172660 	   30 	  265482 	   18 
      0 	  171585 	   24 	  199265 	   15 
      0 	  168361 	   19 	  210206 	   26 
      0 	  166902 	   20 	  182747 	   24 
      0 	  168852 	   34 	  177240 	   21 
      0 	  160883 	   22 	   82173 	   77 
      3 	  172667 	   52 	   76790 	    8 
      0 	  168083 	   19 	   75931 	    8 
      0 	  170186 	   22 	   74360 	   10 
      0 	  166552 	   27 	   88705 	   12 
      0 	  169917 	   17 	   76634 	    6 
      0 	  161863 	   14 	   88258 	   30 
      0 	  166113 	   19 	  111401 	   15 
      0 	  165593 	   19 	  140730 	   15 
      0 	  172956 	   38 	   86611 	    6 
      0 	  165197 	   42 	  107134 	   12 
      0 	  175282 	   38 	   68537 	   29 
      0 	  171458 	   19 	   55374 	   12 
      0 	  172419 	   26 	   72783 	    7 
      0 	  157345 	   16 	   30957 	    7 
      0 	  165523 	   26 	   73094 	    7 
      0 	  164126 	   36 	   72613 	   25 
      0 	  151363 	    8 	   64347 	    6 
      0 	  157941 	   15 	   53917 	   11 
      0 	  150278 	    9 	   47608 	   11 
      0 	  155007 	   14 	   63016 	   12 
      0 	  164056 	   19 	  102933 	   81 
      0 	  169424 	   17 	  244500 	   11 
      0 	  155426 	   13 	  269617 	   21 
      0 	  158154 	   23 	  248358 	   20 
      0 	  152259 	   18 	  219192 	   20 
      0 	  151425 	    9 	  266429 	   36 
      0 	  160631 	   16 	  223383 	   16 
      0 	  157513 	   15 	  129817 	   16 
      0 	  160423 	   17 	  150556 	   25 
      0 	  153025 	    9 	  221282 	   21 
      0 	  158603 	   16 	  134872 	   14 
      0 	  153804 	    8 	   66942 	   38 
      0 	  170919 	   41 	  171318 	   17 
      0 	  157474 	   41 	   93124 	   16 
      0 	  158069 	   22 	  107231 	   17 
      0 	  171160 	   43 	  158860 	   41 
      0 	  167146 	   14 	  254134 	   21 
      0 	  155428 	   11 	  217036 	   17 
      0 	  155353 	   14 	  223929 	   21 
      0 	  164784 	   24 	  269618 	   23 
     70 	  166869 	   22 	  401283 	   70 
      0 	  162394 	   14 	  311954 	   56 
      0 	  155495 	   12 	  273589 	   17 
      0 	  157140 	   20 	  261304 	   12 
      0 	  155028 	    9 	  254317 	   31 
      0 	  155812 	   11 	  269851 	   47 
      0 	  162430 	   17 	  275038 	   14 
      0 	  162524 	   13 	  276930 	   20 
      0 	  163403 	   19 	  221824 	   19 
      0 	  169619 	   26 	  134142 	   11 
      0 	  156613 	   13 	   84052 	   11 
      0 	  163746 	   17 	  136712 	   12 
      0 	  175993 	   82 	  203306 	   15 
      0 	  170015 	   21 	  142163 	   44 
      0 	  167949 	   39 	  126373 	   11 
      0 	  160021 	   17 	   97229 	   13 
      0 	  165117 	   20 	  204148 	   23 
      0 	  156152 	   19 	  235741 	   29 
      0 	  158841 	   36 	  255990 	   11 
      0 	  160258 	   25 	  229446 	   19 
      0 	  162155 	   36 	  225992 	   18 
      0 	  159669 	   25 	  253632 	   24 
      0 	  161418 	   71 	  217349 	   13 
      0 	  160238 	   15 	   89853 	   30 
      0 	  151272 	   17 	   82469 	   19 
      0 	  154030 	   10 	   57986 	    7 
      0 	  161827 	   16 	   59261 	   15 
      0 	  157185 	   18 	   75236 	    9 
      0 	  153629 	    9 	   73874 	   11 
      0 	  159805 	   33 	  113937 	   18 
      0 	  157557 	   11 	  213809 	   78 
      0 	  167726 	   15 	  171197 	   17 
      0 	  167833 	   24 	  200375 	   13 
      0 	  152449 	   12 	  272549 	   21 
      0 	  153527 	   20 	  147828 	   14 
      0 	  164016 	   14 	  222086 	   14 
      0 	  167078 	   40 	  219122 	   34 
      0 	  155836 	   14 	  186172 	   13 
      0 	  160642 	   26 	  200699 	   17 
      0 	  157041 	   39 	  254614 	   22 
      0 	  153584 	   10 	  185162 	   21 
      0 	  154433 	   20 	  232971 	   14 
      0 	  160553 	   15 	  252030 	   36 
      0 	  161614 	   23 	   55213 	   15 
      0 	  162301 	   12 	   63906 	    7 
      0 	  162597 	   24 	   61329 	    8 
      0 	  162770 	   17 	   61039 	   12 
     13 	  202606 	  100 	   81419 	   15 
      0 	  159099 	   17 	   42058 	    9 
      0 	  154647 	    8 	   95000 	   23 
      0 	  158922 	   10 	   64756 	    9 
      0 	  162651 	   11 	   54756 	   11 
      0 	  162031 	   15 	   69545 	   14 
      0 	  168923 	   26 	   43970 	   12 
      0 	  178433 	   46 	   89540 	   14 
      0 	  161466 	   12 	  100631 	   20 
      0 	  161293 	    7 	   93671 	   18 
      0 	  158440 	    9 	   96311 	   12 
      0 	  161568 	   23 	  126141 	   74 
      0 	  166069 	   19 	  248644 	   18 
      0 	  170123 	   14 	  263952 	   24 
      0 	  163828 	   15 	  221693 	   29 
      0 	  167102 	   17 	  193421 	   26 
      0 	  168508 	   10 	  274531 	   18 
      0 	  172167 	   45 	  281607 	   44 
      0 	  168923 	   12 	  292008 	   22 
      0 	  172471 	   32 	  288476 	   26 
      0 	  164949 	   19 	  228813 	   27 
      0 	  168608 	   27 	  195184 	   22 
      0 	  169325 	   12 	  239048 	   20 
      0 	  161722 	    9 	  203353 	   42 
      0 	  167677 	   19 	   66102 	   16 
      0 	  163561 	   19 	   58060 	   16 
      0 	  164907 	   20 	   75010 	   16 
      0 	  160967 	   16 	   86511 	   16 
      0 	  165623 	   11 	   89674 	   10 
      0 	  175461 	   38 	   92633 	   36 
      0 	  167954 	   22 	  126363 	   19 
      0 	  171711 	   22 	  139226 	   22 
      0 	  183210 	   84 	  144807 	   15 
      0 	  166393 	   18 	  236791 	   21 
      0 	  163454 	   16 	  163873 	   23 
      0 	  169161 	   18 	  139942 	   25 
      0 	  156995 	   11 	  103457 	   13 
      0 	  167408 	   10 	   96084 	   15 
      0 	  160753 	   13 	  106941 	   23 
      0 	  169827 	   12 	  148812 	   17 
     97 	  174078 	   35 	  176358 	  109 
      0 	  168751 	   14 	  149141 	   36 
      0 	  171491 	   18 	  140791 	   28 
      0 	  164341 	   19 	   89531 	   14 
      0 	  164732 	   13 	  114524 	   13 
      0 	  165891 	   18 	   93668 	   16 
      0 	  164610 	   12 	   83615 	   18 
      0 	  156100 	   14 	  104526 	   16 
      0 	  159481 	   34 	   75880 	   11 
      0 	  167309 	   28 	  102870 	   23 
      0 	  170031 	   21 	   97377 	   10 
      0 	  173540 	   37 	   89897 	   12 
      0 	  172320 	   29 	   90775 	   12 
      0 	  164327 	   24 	   99097 	   11 
      0 	  167595 	   29 	   85261 	   11 
      0 	  168153 	   70 	   78007 	   12 
      0 	  166685 	   17 	   96865 	   28 
      0 	  165382 	   18 	   83013 	    6 
      0 	  161482 	   15 	   73610 	   10 
      0 	  160720 	   25 	  139829 	   43 
      0 	  167690 	   22 	  179091 	   16 
      0 	  167441 	   18 	  150445 	   19 
      0 	  153177 	   11 	  140754 	   14 
      0 	  162621 	   16 	  221534 	   17 
      0 	  171387 	   36 	  207474 	   21 
      0 	  160451 	   13 	  160772 	   29 
      0 	  158050 	   10 	  129662 	   22 
      0 	  165134 	   24 	  110374 	   11 
      0 	  167571 	   19 	  132600 	   37 
      0 	  170238 	   27 	  253614 	   19 
      0 	  177459 	   19 	  222102 	   23 
      0 	  177546 	   18 	  228885 	   26 
      0 	  167542 	   17 	  274637 	   26 
      0 	  162570 	   18 	  256353 	   19 
      0 	  177940 	   56 	  190498 	   30 
      0 	  165124 	   24 	  118046 	   13 
      0 	  171463 	   44 	   97004 	    8 
      0 	  180599 	   19 	  168119 	   18 
      0 	  177425 	   25 	  122878 	   12 
      0 	  173919 	   24 	  100317 	   43 
      0 	  168028 	   13 	   96109 	    9 
      0 	  169410 	   20 	   64589 	   17 
      0 	  171788 	   32 	   68172 	   62 
      0 	  163646 	   17 	   65784 	   25 
      0 	  170131 	   25 	  102789 	   39 
      0 	  185362 	  103 	   88428 	   10 
      0 	  176721 	   44 	  107557 	   12 
      0 	  157164 	   20 	   70999 	    9 
      0 	  167009 	   25 	   97340 	   10 
      0 	  166736 	   21 	   83124 	   14 
      0 	  158022 	   24 	   69090 	    7 
      0 	  169794 	   36 	   59646 	   14 
      0 	  174745 	   23 	   56585 	    4 
      0 	  169300 	   19 	  119235 	   21 
      0 	  179178 	   38 	   73872 	    6 
      0 	  171462 	   26 	   81836 	   13 
      0 	  176725 	   43 	   95340 	    7 
      0 	  180547 	   17 	   71764 	   11 
      0 	  170976 	   11 	   86930 	   11 
      0 	  163833 	   17 	   81302 	    9 
      0 	  161705 	   19 	   56290 	    7 
      0 	  167575 	   12 	   75796 	   13 
      0 	  180565 	   24 	   29789 	   16 
      0 	  163887 	   12 	   67982 	   17 
      0 	  161330 	   36 	   73233 	    8 
      0 	  157278 	   13 	   68987 	   11 
      0 	  159634 	   18 	   81475 	    5 
      0 	  163016 	   11 	  112790 	   22 
      0 	  162002 	   20 	  164725 	   17 
      0 	  157816 	   13 	  110648 	   15 
      0 	  158185 	   18 	  149382 	   21 
      0 	  159443 	    9 	  213815 	   17 
      0 	  169555 	   22 	  170751 	   20 
      0 	  166475 	   17 	  157794 	   21 
      0 	  165733 	   22 	  105912 	   23 
      0 	  169469 	   14 	  133789 	   14 
      3 	  170777 	   58 	  118542 	   43 
      0 	  164448 	   26 	   77076 	   10 
      0 	  175707 	   70 	   79862 	    9 
      0 	  173884 	   55 	   75643 	   26 
      0 	  170777 	   21 	  193956 	   41 
      0 	  176792 	   20 	  256855 	   20 
      0 	  170276 	   19 	  249107 	   19 
      0 	  174785 	   32 	  275875 	   30 
      0 	  169786 	   24 	  264571 	   26 
      0 	  165521 	   20 	  276475 	   30 
      0 	  169251 	   19 	  222975 	   19 
      0 	  167758 	   29 	  228021 	   16 
      0 	  165473 	   27 	  267994 	   23 
      0 	  170392 	   37 	  274904 	   19 
      0 	  171586 	   18 	  256993 	   65 
      0 	  162924 	   27 	  279353 	   38 
      0 	  162912 	   13 	  150333 	   45 
      0 	  164754 	   19 	   90240 	   14 
      0 	  168991 	   16 	   81227 	   15 
      0 	  167833 	   28 	   66735 	    5 
     22 	  164115 	   20 	   73389 	    9 
     93 	  176740 	   50 	   90404 	    8 
      8 	  171895 	   31 	  105480 	   15 
     53 	  160043 	   37 	  104853 	   17 
      0 	  153043 	   14 	   93442 	   19 
      0 	  159634 	   18 	  104603 	   20 
      0 	  158687 	   16 	  114027 	    8 
      0 	  158317 	   22 	  169862 	   46 
      0 	  154068 	   14 	  235077 	   16 
      0 	  153242 	    9 	  232000 	   19 
      0 	  152767 	   17 	  254618 	   24 
      0 	  159535 	   15 	  280054 	   23 
      0 	  162670 	   25 	  235132 	   15 
      0 	  162062 	   16 	  223563 	   18 
      0 	  163065 	   15 	  210493 	   27 
      0 	  159438 	   14 	  181172 	   27 
      0 	  157520 	   18 	  254302 	   10 
      0 	  159355 	   15 	  269830 	   29 
      0 	  158200 	   12 	  210255 	   15 
     42 	  168768 	   48 	   91119 	   98 
      0 	  164975 	   32 	   82389 	   10 
      0 	  157919 	   15 	   79776 	    9 
      0 	  173311 	   46 	   79862 	   13 
      0 	  175827 	   22 	   76009 	   11 
      0 	  175357 	   17 	   72805 	    8 
      0 	  158424 	   17 	   83696 	   13 
      0 	  169440 	   29 	   99718 	   11 
      0 	  163698 	   22 	  156580 	    9 
      0 	  171140 	   37 	   97622 	   15 
      0 	  164483 	   13 	  109006 	   10 
      0 	  164995 	   16 	   71577 	   33 
      0 	  162000 	   13 	   67750 	    7 
      0 	  165064 	   22 	   68605 	    8 
      0 	  161657 	   17 	   42799 	    7 
      0 	  155460 	   10 	   64302 	    7 
      0 	  162854 	   16 	   61420 	    5 
      0 	  165642 	   10 	   78863 	   14 
      0 	  164969 	   22 	   57531 	    9 
      0 	  162709 	   12 	   49952 	   13 
      0 	  172222 	   22 	   54206 	    7 
      0 	  158342 	   15 	   63799 	    6 
   3024 	  152689 	   10 	  250878 	   46 
   2835 	  154172 	   23 	  268568 	   11 
      0 	  156496 	   11 	  255835 	   23 
      0 	  165606 	   13 	  221864 	   20 
      0 	  177982 	   94 	  268540 	   14 
      0 	  169897 	   17 	  163174 	   22 
      0 	  164173 	   20 	  207870 	   16 
      0 	  167696 	   18 	  142714 	   26 
      0 	  166267 	   21 	  235362 	   13 
      0 	  159043 	   13 	  145525 	   15 
     26 	  160433 	   43 	   93683 	   42 
      0 	  163106 	   25 	  146661 	   13 
     15 	  166112 	   24 	  115833 	   17 
     57 	  159206 	   25 	   82083 	    9 
     18 	  171443 	   53 	  137778 	   25 
      0 	  160603 	   11 	  269798 	   12 
      0 	  162682 	   11 	  232139 	   20 
      0 	  156299 	    9 	  237014 	   29 
      0 	  164354 	   19 	  254210 	   19 
  17803 	  143012 	   14 	  347210 	   71 
   4147 	  150150 	    9 	  353856 	   56 
      0 	  157576 	   18 	  280005 	   21 
      0 	  168612 	   17 	  257831 	   13 
      0 	  160231 	   11 	  266431 	   32 
      0 	  174146 	   24 	  255742 	   48 
      0 	  150974 	    5 	  270635 	   16 
      0 	  151377 	   14 	  274224 	   15 
      0 	  166775 	   14 	  242442 	   44 
      0 	  170481 	   44 	  152238 	   11 
      0 	  156531 	   13 	   90781 	   11 
      0 	  161946 	   28 	  108150 	   17 
      0 	  160217 	   29 	  192108 	   16 
      0 	  154394 	   12 	  160773 	   14 
      0 	  160028 	   12 	  141420 	   26 
      0 	  165486 	   14 	  100508 	   10 
      0 	  168040 	   30 	  165579 	   19 
      0 	  168564 	   14 	  251571 	   26 
      0 	  168952 	   15 	  181760 	   14 
      0 	  166631 	   14 	  275570 	   13 
      0 	  207667 	   93 	  257358 	   17 
      0 	  155975 	   17 	  231921 	   31 
      0 	  154870 	   14 	  237482 	   19 
      0 	  159366 	   15 	  107860 	   34 
      0 	  160273 	   14 	   89528 	   18 
      0 	  161594 	   15 	   54350 	   12 
      0 	  164838 	   29 	   72987 	   10 
      0 	  180335 	   44 	   59255 	   12 
      0 	  162218 	   11 	   80114 	    9 
      0 	  161868 	   18 	   88997 	    6 
      0 	  157095 	    7 	  209270 	   77 
      0 	  161248 	   14 	  140782 	   14 
      0 	  155731 	   12 	  209828 	   15 
      0 	  173704 	   39 	  205168 	   28 
      0 	  166399 	   14 	  180420 	   20 
      0 	  168280 	   14 	  269896 	   19 
      0 	  167803 	    9 	  278705 	   27 
      0 	  167862 	   17 	  250838 	   16 
      0 	  172597 	   32 	  129953 	   15 
      0 	  169905 	   16 	  217445 	   24 
      0 	  169077 	   20 	  196812 	   25 
      0 	  166277 	   22 	  209938 	   13 
      0 	  168473 	   17 	  281832 	   19 
      0 	  158149 	   11 	  220033 	   76 
      0 	  165343 	   13 	  274202 	   20 
      0 	  160841 	   16 	  286022 	   48 
      0 	  165402 	   31 	  289662 	   24 
      0 	  160766 	   10 	  299497 	   28 
      0 	  163806 	   17 	  247636 	   38 
      0 	  174209 	   37 	  163966 	   12 
      0 	  169981 	   25 	  285349 	   24 
      0 	  172698 	   19 	  250832 	   29 
      0 	  180029 	   79 	  187785 	   18 
      0 	  163288 	   24 	  217001 	   18 
      0 	  170668 	   16 	  272176 	   15 
      0 	  164356 	   26 	   63326 	   35 
      0 	  171372 	   19 	   60834 	    6 
      0 	  166851 	   13 	   75227 	    8 
      0 	  171906 	   19 	   61475 	   16 
      0 	  160095 	   11 	   61025 	    9 
      0 	  162495 	   11 	   47547 	   12 
      0 	  167719 	   10 	   84462 	   12 
      0 	  175049 	   11 	   28562 	    9 
      0 	  166299 	   21 	  103134 	   17 
      0 	  172328 	   27 	   42903 	   13 
      0 	  167080 	   13 	   68561 	   12 
      0 	  167081 	   14 	  102306 	   14 
      0 	  158350 	   11 	   88135 	   16 
      0 	  155270 	   12 	   94953 	   16 
      3 	  169636 	   61 	   82597 	   10 
      0 	  165803 	   19 	  111286 	   31 
      0 	  164151 	   13 	   65478 	    8 
      0 	  156906 	   10 	   88916 	   30 
      0 	  164772 	   26 	  128172 	   10 
      0 	  165172 	   16 	   96966 	   22 
      0 	  165501 	   16 	   64038 	   11 
      0 	  163005 	   15 	   95356 	   15 
      0 	  156724 	   12 	   87021 	   12 
      0 	  175114 	   33 	   92474 	   18 
      0 	  168663 	   23 	  193088 	   22 
      0 	  154423 	   10 	  181139 	   16 
      0 	  157294 	   12 	  180830 	   24 
      0 	  172898 	   27 	  146980 	   24 
      3 	  170829 	   18 	   96944 	    9 
      1 	  182110 	   21 	  104501 	   12 
      0 	  172495 	   19 	  101717 	   16 
      0 	  163792 	   13 	  151040 	   18 
     81 	  185314 	   49 	  242651 	  106 
      0 	  168950 	   27 	  266835 	   23 
      0 	  171329 	   24 	  254226 	   17 
      0 	  167619 	   20 	  215880 	   35 
      0 	  162197 	   19 	  224880 	   52 
      0 	  169885 	   25 	  149547 	   16 
      0 	  161716 	   15 	  106535 	    8 
      0 	  186153 	   55 	  127298 	   30 
      0 	  170815 	   21 	  131836 	   11 
      0 	  181685 	   31 	  138965 	   13 
      0 	  167616 	   17 	   93470 	   20 
      0 	  177342 	   23 	   86459 	   10 
      0 	  179719 	   19 	   58820 	   12 
      0 	  166347 	   13 	  101513 	   15 
      0 	  170287 	   22 	   59499 	    9 
      0 	  173337 	   27 	   97787 	   28 
      0 	  168131 	   15 	   81823 	   20 
      0 	  172868 	   16 	   85140 	    7 
      0 	  178374 	   94 	   92629 	    9 
      0 	  152990 	   13 	   64214 	    8 
      0 	  155057 	   14 	   51756 	   26 
      0 	  159753 	   12 	   56636 	   11 
      0 	  160711 	   14 	   69317 	   32 
      0 	  167978 	   18 	   91058 	   20 
      0 	  170971 	   28 	   86687 	    9 
      0 	  182004 	   39 	   87806 	   10 
      0 	  171628 	   19 	   61137 	    6 
      0 	  164728 	   16 	   67581 	   14 
      0 	  174409 	   32 	   35056 	   11 
      0 	  169426 	   17 	  108416 	   90 
      0 	  164014 	   27 	   82356 	    8 
      0 	  174424 	   27 	   59495 	   12 
      0 	  173512 	   30 	   73984 	   16 
      0 	  163177 	   23 	   75667 	   11 
      0 	  170100 	   21 	   76228 	    9 
     13 	  174962 	   34 	   66140 	   15 
      5 	  169111 	   38 	   73221 	    7 
      0 	  169189 	   25 	   74067 	   10 
      0 	  175514 	   24 	   83366 	   16 
      6 	  178449 	   96 	   52953 	    9 
      6 	  164209 	   32 	   50174 	   15 
      0 	  164227 	   24 	   47131 	    9 
     84 	  169669 	   34 	   84456 	   39 
      0 	  164188 	   25 	  119954 	   15 
      0 	  168529 	   26 	  102536 	   23 
     67 	  170045 	   44 	  213125 	   14 
   2003 	  169246 	   32 	  153816 	   22 
    288 	  164331 	   19 	  150639 	   25 
      0 	  167936 	   19 	   74030 	    6 
     47 	  171271 	   32 	  123751 	   17 
  17434 	  156131 	   27 	   62582 	   10 
  46567 	  123570 	   18 	   12131 	   10 
  31272 	  150252 	   50 	   21029 	    9 
      0 	  163659 	   15 	   64449 	    9 
    580 	  169085 	   27 	  119380 	   34 
      0 	  168355 	   16 	   78384 	    8 
      0 	  170948 	   23 	   65287 	    5 
   6444 	  167063 	   25 	   53345 	   11 
   8676 	  177317 	   46 	   67296 	    7 
      0 	  180022 	   30 	   69520 	   10 
      0 	  165300 	   20 	   79011 	    8 
      0 	  180307 	   28 	   62830 	    7 
      0 	  170038 	   14 	   88738 	   18 
      0 	  168601 	   17 	   69083 	    9 
      0 	  179302 	   27 	   71346 	    8 
      0 	  172392 	   26 	   32375 	   13 
    218 	  168225 	   25 	   88651 	   32 
   4915 	  164816 	   21 	   66217 	    5 
   7360 	  181681 	  117 	  126774 	   19 
      0 	  175242 	   32 	   70504 	   10 
      0 	  166338 	   13 	  107132 	   27 
      0 	  158592 	    9 	   98553 	   15 
      0 	  167366 	   16 	   79718 	   13 
      0 	  166050 	   11 	  184024 	   24 
      0 	  187686 	   32 	  181913 	   17 
      0 	  166898 	   18 	  194631 	   19 
      0 	  159213 	   13 	   51969 	    5 
      0 	  164814 	   20 	   49149 	    9 
      0 	  164277 	   18 	   51358 	   16 
      0 	  175536 	   25 	   50127 	   11 
      0 	  175153 	   15 	   62081 	    7 
      0 	  180214 	   18 	   41553 	   17 
      0 	  166821 	   10 	   69830 	    7 
      0 	  171590 	   14 	   22011 	    5 
      0 	  180097 	   28 	   68667 	    9 
      0 	  172986 	   14 	   66381 	   13 
     80 	  171191 	   16 	  169823 	  118 
      0 	  169813 	   17 	  287149 	   24 
   2526 	  169698 	   14 	  290996 	   17 
     30 	  180655 	   22 	  287645 	   46 
      0 	  163448 	    7 	  262695 	   26 
      0 	  179434 	   42 	  275996 	   24 
      0 	  159940 	   17 	  277274 	   35 
     10 	  171465 	   14 	  220953 	   19 
      0 	  162155 	   12 	  237216 	   21 
      0 	  174466 	   16 	  244642 	   15 
      0 	  162070 	    7 	  266379 	   37 
      0 	  167040 	   10 	  232370 	   20 
      0 	  168365 	   22 	  220816 	   19 
      0 	  159903 	   15 	  259483 	   13 
      0 	  164065 	   13 	  278297 	   31 
    536 	  169273 	   18 	  299964 	   55 
    573 	  185071 	   26 	  242399 	   24 
      0 	  173316 	   14 	  258562 	   15 
      0 	  186036 	   16 	  280462 	   22 
      0 	  182442 	   16 	  302305 	   29 
      0 	  162560 	   10 	  279985 	   20 
      0 	  174301 	   15 	  269173 	   26 
   1064 	  177416 	   34 	  246827 	   33 
      0 	  181067 	   47 	  206887 	   12 
      0 	  176877 	   18 	  177410 	   13 
      0 	  172587 	   13 	  163206 	   18 
      0 	  161987 	   12 	  294468 	   16 
   1713 	  171618 	   12 	  257562 	   65 
  11270 	  155507 	   12 	  259114 	   29 
    209 	  164880 	   14 	  270660 	   21 
     96 	  188763 	   22 	  288448 	   16 
      0 	  183092 	   17 	  275352 	   15 
    151 	  170139 	   11 	  213639 	   22 
   4638 	  170905 	   18 	  198135 	   13 
   4175 	  159830 	   11 	  183186 	   11 
  18621 	  164562 	   24 	  164497 	   18 
      0 	  156787 	   11 	  301790 	   19 
  31282 	  132514 	    7 	  258969 	   31 
 100995 	   73947 	   14 	  187692 	   16 
 122706 	   66734 	   33 	  128432 	   36 
 102893 	   75683 	   59 	   62278 	   74 
