% num_local_points | num_send_points | num_send_procs | num_recv_points | num_recv_procs 
 116148 	  184492 	   43 	  170631 	   48 
 162871 	  119958 	   10 	  130530 	   13 
 137259 	  154168 	   12 	  149453 	   15 
 158203 	  127244 	   16 	  135005 	   12 
 113599 	  183300 	   32 	  174979 	   27 
 178029 	   98996 	   11 	  111349 	   13 
 146106 	  145503 	   16 	  141788 	   15 
 141299 	  140050 	   16 	  147387 	   11 
 127773 	  168425 	   23 	  162065 	   20 
 137730 	  152841 	   17 	  149919 	   15 
 157842 	  127472 	   15 	  135964 	   12 
 155507 	  131239 	   16 	  130027 	   15 
 129532 	  174440 	   54 	  145119 	   53 
 155112 	  129367 	   16 	  137640 	   18 
 139577 	  141860 	   13 	  134855 	   12 
 138569 	  141767 	    9 	  138357 	    9 
 143970 	  160578 	   35 	  147111 	   36 
 127683 	  150305 	   15 	  138996 	   15 
  87202 	  188884 	   13 	  196769 	   10 
 118197 	  176023 	   22 	  184000 	   19 
  88091 	  197242 	   16 	  192828 	   18 
  44552 	  237080 	   10 	  248085 	   12 
  82379 	  209530 	   38 	  196375 	   41 
 134122 	  143505 	   17 	  138912 	    7 
 109170 	  169890 	   14 	  159466 	   15 
 102811 	  176146 	   13 	  166965 	   15 
 124832 	  148002 	   11 	  167440 	   24 
 111584 	  177272 	   31 	  156299 	   28 
  63007 	  206530 	   10 	  217296 	   15 
 103597 	  174506 	   15 	  184812 	   12 
  60276 	  228247 	   17 	  215416 	   16 
  46618 	  232539 	   13 	  224839 	   17 
  28731 	  246077 	   14 	  263008 	   25 
  66080 	  220917 	   22 	  197598 	   15 
 104155 	  177743 	   13 	  172335 	    6 
  52240 	  235872 	   20 	  234433 	   19 
  66899 	  211903 	   12 	  212672 	   13 
  60185 	  224351 	    9 	  223926 	   16 
  66226 	  211382 	   11 	  224776 	   17 
  92978 	  199163 	   18 	  188910 	    7 
  83259 	  203945 	   16 	  228156 	   22 
  87397 	  219053 	   35 	  196735 	   30 
  83676 	  191342 	   10 	  220758 	   21 
  53874 	  247930 	   39 	  234086 	   43 
  52631 	  224770 	   16 	  232686 	   11 
  46426 	  230384 	   15 	  234730 	   12 
  69323 	  203840 	   11 	  222117 	   17 
  49283 	  222781 	   24 	  220354 	    9 
  37064 	  239585 	   12 	  238033 	   10 
  42682 	  234910 	   12 	  254682 	   12 
 109328 	  197389 	   72 	  197729 	   45 
 126230 	  162170 	   13 	  159833 	   55 
 125800 	  174029 	   24 	  163589 	   26 
 140054 	  133760 	   11 	  148532 	   12 
 135674 	  137281 	   14 	  135166 	   11 
 108320 	  183397 	   32 	  179609 	   35 
  92665 	  175048 	   14 	  172267 	   15 
  93677 	  176609 	   15 	  180574 	   13 
 105789 	  182200 	   27 	  177336 	   25 
  93242 	  182952 	   16 	  176183 	   10 
  81789 	  199824 	   39 	  194710 	   13 
  83195 	  194681 	   12 	  199095 	   37 
 107306 	  172104 	   12 	  169892 	   17 
 114706 	  157013 	   10 	  166933 	   10 
 129135 	  144210 	   12 	  142238 	   15 
 114014 	  169517 	   27 	  164074 	   29 
 118708 	  153461 	   14 	  157070 	   13 
 138019 	  133309 	   16 	  123272 	   14 
 130059 	  142397 	    7 	  155807 	   16 
 130298 	  166270 	   29 	  157516 	   15 
 124664 	  154004 	   15 	  161518 	   29 
 132055 	  144704 	   13 	  151274 	   19 
 129143 	  154015 	   15 	  154875 	   11 
 119768 	  175342 	   32 	  167114 	   23 
 152625 	  130873 	   15 	  139311 	   31 
 101523 	  205527 	   53 	  193413 	   29 
 110039 	  156698 	    8 	  180729 	   43 
  97613 	  176728 	   12 	  176746 	   16 
 121378 	  150526 	   17 	  147070 	   15 
 113337 	  155267 	   12 	  162203 	   16 
  82214 	  187328 	   17 	  184434 	   16 
  88167 	  191216 	   22 	  178310 	   13 
  99204 	  179912 	   13 	  184748 	   20 
  93695 	  184609 	   13 	  188243 	   15 
  92482 	  178831 	   11 	  187172 	   12 
  94220 	  185438 	   29 	  180592 	   21 
  97504 	  177448 	   15 	  172227 	   14 
  83141 	  194049 	   13 	  188954 	    9 
  77924 	  206409 	   21 	  203055 	   18 
 140031 	  170770 	   71 	  144140 	   73 
 190129 	   82411 	   11 	   70872 	    9 
 171335 	  110852 	   21 	  100902 	   24 
 174458 	  100443 	   12 	   99454 	   12 
 168497 	  107192 	   12 	  117640 	   15 
 146076 	  146243 	   21 	  152888 	   21 
 167735 	  108680 	   14 	  103400 	   14 
 192689 	   76338 	    9 	   81206 	   10 
 160111 	  117920 	   24 	  117652 	   22 
 165067 	  111710 	   12 	  103836 	   14 
 170709 	  104908 	   12 	  110027 	    8 
 201076 	  100194 	   39 	  111637 	   40 
 200845 	   71655 	   25 	   68889 	   23 
 185880 	   79036 	   14 	   76218 	   11 
 168844 	  102091 	   12 	   99872 	   16 
 157864 	  111511 	   12 	  102223 	   21 
 103607 	  172728 	   21 	  177576 	   12 
 124222 	  156952 	   14 	  167318 	   11 
 118824 	  161109 	   20 	  170961 	   20 
 111592 	  165044 	   14 	  158097 	   11 
 143089 	  123317 	    9 	  147182 	   20 
 193744 	  103493 	   35 	  111837 	   34 
 157351 	  120878 	   40 	  125434 	   41 
 131133 	  137252 	   14 	  136971 	   13 
 133755 	  146031 	   21 	  137982 	   20 
 123909 	  159097 	   22 	  149532 	   17 
 103991 	  173562 	   11 	  175884 	   21 
 104524 	  164949 	   11 	  177847 	   12 
 104770 	  182218 	   27 	  180473 	   29 
 126279 	  141846 	   12 	  135596 	    8 
 102581 	  169618 	   21 	  167109 	   13 
 146498 	  133335 	   26 	  134580 	   26 
 175668 	   98607 	   35 	  100492 	   33 
 193892 	   65332 	   15 	   67172 	   14 
 194645 	   68133 	   17 	   63387 	   12 
 218514 	   43163 	   10 	   42880 	   17 
 224234 	   38633 	    8 	   38512 	    9 
 216536 	   53603 	   17 	   50274 	   18 
 221216 	   46296 	   12 	   38595 	   10 
 224543 	   53446 	   16 	   41512 	   15 
 204282 	  116626 	   48 	  133910 	   44 
 206746 	   62554 	   16 	   75406 	   15 
 168456 	  115615 	  119 	  111269 	  117 
 151745 	  131080 	   29 	  122110 	   16 
 156564 	  112695 	   10 	  114827 	   27 
 106582 	  176964 	   15 	  180573 	   16 
 129552 	  153166 	   34 	  144354 	   11 
 130547 	  143009 	   15 	  153515 	   34 
 128310 	  152321 	   27 	  151035 	   30 
 154693 	  119303 	   16 	  113575 	   18 
 147465 	  128204 	   13 	  138017 	   13 
 119115 	  171930 	   31 	  161112 	   27 
 139659 	  146460 	   14 	  146950 	   19 
 158864 	  126367 	   15 	  124261 	   16 
 184992 	   94148 	   14 	  100368 	   11 
 138620 	  147936 	   30 	  154472 	   27 
 152122 	  133428 	   16 	  138923 	   14 
 138622 	  145223 	   29 	  147076 	   32 
 112563 	  164790 	    9 	  166229 	   12 
 112735 	  173755 	   16 	  172879 	   15 
 114924 	  159514 	   13 	  163899 	   12 
  97855 	  214289 	   54 	  198365 	   51 
 118984 	  150388 	   14 	  156354 	   13 
 125344 	  155215 	   19 	  151876 	   17 
 121292 	  162182 	   26 	  154380 	   28 
 120740 	  152272 	   11 	  153686 	   13 
 109730 	  167195 	   18 	  167301 	   18 
  73971 	  207137 	   40 	  212906 	   36 
 102581 	  165461 	   19 	  159423 	   14 
 104897 	  166841 	   12 	  168324 	   16 
  99707 	  179834 	   31 	  179929 	   30 
  84078 	  187423 	   18 	  186261 	   13 
  83497 	  183579 	   16 	  192158 	   18 
  70337 	  201016 	   21 	  198554 	   21 
  74642 	  202444 	   15 	  196592 	   10 
  95103 	  176644 	   10 	  185066 	   12 
  96653 	  190998 	   44 	  175912 	    9 
  90037 	  184499 	   12 	  192564 	   39 
  70015 	  207603 	   16 	  206980 	   16 
  61314 	  208707 	   15 	  202192 	   13 
 125090 	  163231 	   36 	  150482 	   28 
 116434 	  177666 	   47 	  162008 	   51 
 169075 	  120513 	   19 	  121515 	   14 
 182606 	   87833 	   13 	   86467 	   11 
 164849 	  115823 	   18 	  123810 	   19 
 173123 	  104603 	   19 	  104769 	   18 
 190175 	   81327 	   12 	   89140 	    9 
 185624 	   99219 	   29 	   84031 	   26 
 178108 	   91735 	   19 	   89764 	   19 
 174490 	   97285 	   11 	  100996 	   13 
 161089 	  117744 	   18 	  111378 	   18 
 164467 	  106753 	   20 	  116132 	   16 
 175749 	  140004 	   33 	  137706 	   38 
 176381 	   90327 	   19 	   95526 	   15 
 206512 	   72456 	   15 	   71936 	    6 
 194257 	   73312 	   12 	   79306 	   19 
 155968 	  116024 	   18 	  125089 	   21 
 168470 	  100179 	   19 	   99963 	   21 
 185540 	   76693 	   12 	   78045 	   10 
 182713 	   76963 	   14 	   77387 	   11 
 184760 	   87632 	   14 	   79506 	   15 
 222294 	   67032 	   23 	   72230 	   23 
 155852 	  138136 	   87 	  143615 	   79 
 135578 	  126480 	   15 	  128129 	   12 
 131498 	  134269 	   21 	  129309 	    6 
 121503 	  145176 	   11 	  144122 	   19 
 114002 	  156652 	   17 	  169296 	   17 
 148788 	  141909 	   32 	  128014 	   34 
 151474 	  127089 	   24 	  117979 	   17 
 114088 	  158222 	   11 	  164477 	   20 
 107715 	  168225 	   19 	  163204 	   19 
 110527 	  177754 	   28 	  165434 	   17 
 166146 	  101693 	   18 	  113267 	   18 
 183400 	   78539 	   35 	   80528 	   32 
 183170 	   76521 	   13 	   77674 	   17 
 184217 	   79583 	   13 	   79410 	   15 
 203337 	   64394 	   12 	   61393 	   15 
 192371 	   83932 	   32 	   91820 	   30 
 180139 	   78746 	   11 	   83648 	   22 
 172686 	  103538 	   21 	   88695 	   11 
 176904 	  117875 	   30 	   97303 	   22 
 192888 	   90788 	   30 	  120367 	   27 
 196922 	   80193 	   84 	   70254 	   11 
 151473 	  127620 	   12 	  143076 	   88 
 150217 	  135693 	   18 	  132029 	   16 
 144933 	  140860 	   25 	  132746 	   17 
 163221 	  107550 	   17 	  120514 	   22 
 152441 	  117020 	   18 	  122808 	   17 
 156364 	  119739 	   24 	  114097 	   23 
 146054 	  122861 	   19 	  126939 	   15 
 152015 	  114702 	   23 	  112920 	   18 
 161862 	  115694 	   19 	  122265 	   14 
 179477 	   85631 	   13 	   92054 	   13 
 169524 	  129132 	   62 	  101948 	   16 
 161021 	  112985 	   21 	  132289 	   56 
 151812 	  119088 	   17 	  117318 	   15 
 158331 	  117054 	   19 	  110280 	   24 
 173928 	   96070 	   18 	   95182 	   14 
 175088 	   95000 	   18 	   89044 	   18 
 173916 	   92767 	   19 	  101139 	   22 
 182926 	   80609 	   15 	   84965 	   13 
 187807 	   90044 	   23 	   81973 	   24 
 188445 	   78596 	   16 	   85975 	   17 
 182247 	   91479 	   19 	   93219 	   19 
 174812 	  123094 	   70 	  112798 	   67 
 180352 	   91467 	   19 	   90056 	   18 
 182089 	   82260 	   16 	   82712 	   18 
 191029 	   73876 	   18 	   77095 	   24 
 200387 	   63329 	   10 	   67647 	   13 
 189982 	   89306 	   33 	   82118 	   32 
 187367 	   79693 	   17 	   79942 	   17 
 190551 	   77657 	   16 	   76663 	   18 
 198362 	   78983 	   18 	   82928 	   20 
 221029 	   61448 	   22 	   60422 	   22 
 203088 	   64967 	   18 	   64804 	   52 
 217831 	   40139 	   58 	   39959 	   12 
 214448 	   43802 	   13 	   42709 	   12 
 212857 	   51591 	   23 	   50679 	   22 
 225295 	   41530 	   16 	   46793 	   14 
 207905 	   65662 	   27 	   57926 	   26 
 210793 	   47755 	   10 	   47823 	   12 
 218877 	   48436 	   20 	   52391 	   23 
 216034 	   61328 	   21 	   63251 	   24 
 215274 	   58607 	   21 	   48553 	   25 
 182492 	   92859 	  113 	   86891 	  125 
  73413 	  200333 	   20 	  224103 	   49 
   1281 	  283358 	   39 	  288165 	   32 
      0 	  271965 	   15 	  294461 	   14 
    317 	  289110 	   34 	  279459 	    9 
     17 	  277180 	   16 	  284239 	   16 
     75 	  273222 	   18 	  276842 	   16 
     92 	  278185 	   23 	  280132 	   21 
     42 	  279852 	   25 	  285368 	   14 
     70 	  271895 	   12 	  287882 	   14 
     19 	  279768 	   17 	  287204 	   16 
      0 	  277375 	   17 	  268662 	   10 
     88 	  283405 	   24 	  278649 	   22 
     21 	  272510 	   19 	  285278 	   18 
     87 	  278284 	   22 	  285556 	   14 
    111 	  280354 	   10 	  285103 	   12 
     23 	  273962 	   13 	  284218 	   27 
    119 	  281075 	   25 	  287311 	   43 
     57 	  290572 	   36 	  282246 	   10 
     17 	  274011 	   11 	  276885 	   13 
      9 	  278133 	   13 	  300995 	   52 
      0 	  274302 	   13 	  279605 	   14 
    116 	  287110 	   46 	  278154 	   18 
    590 	  281498 	   15 	  284501 	   18 
     15 	  272026 	   19 	  281297 	   16 
     48 	  279211 	   20 	  273659 	    8 
      3 	  280418 	   21 	  275257 	   20 
    194 	  271191 	   12 	  275329 	   21 
      0 	  267715 	   14 	  273096 	   13 
    101 	  279615 	   21 	  275942 	   53 
      0 	  272661 	   13 	  276028 	   11 
      0 	  266224 	   11 	  267191 	   11 
     65 	  272861 	   46 	  278079 	   19 
      0 	  268763 	   13 	  284316 	   13 
    112 	  270341 	   20 	  280600 	   15 
     14 	  273255 	   16 	  269932 	   11 
      0 	  273528 	   14 	  267697 	   17 
     13 	  272522 	   16 	  283075 	   22 
      0 	  268106 	   11 	  275549 	   11 
      0 	  266411 	   13 	  283129 	   53 
      0 	  276467 	   22 	  276793 	   14 
      0 	  272979 	   13 	  272520 	   11 
     16 	  283055 	   49 	  272301 	   36 
      3 	  272351 	   16 	  282651 	   49 
      0 	  288651 	   53 	  276747 	   12 
     53 	  274759 	   15 	  279438 	   19 
     14 	  275035 	   15 	  267641 	   15 
      1 	  274622 	   19 	  276016 	   12 
      9 	  269612 	   15 	  276658 	   29 
      8 	  268755 	   14 	  274092 	   16 
     18 	  273986 	   25 	  273090 	   18 
     16 	  272481 	   13 	  271709 	   20 
     28 	  276927 	   20 	  274858 	   27 
      0 	  269076 	   17 	  270321 	   17 
      4 	  273255 	   26 	  275301 	   41 
      0 	  272012 	   17 	  275595 	   38 
      0 	  266445 	   18 	  277768 	   43 
      8 	  286286 	   57 	  271597 	   13 
      7 	  265111 	   14 	  280748 	    9 
     30 	  270956 	   16 	  278191 	   23 
      6 	  268703 	   13 	  280780 	   14 
      0 	  277142 	   21 	  278489 	   13 
     27 	  274207 	   14 	  280047 	   34 
      0 	  274489 	   12 	  270675 	   12 
     15 	  280766 	   33 	  274612 	   17 
      2 	  267290 	   11 	  283882 	   23 
     10 	  267027 	   16 	  284267 	   23 
      4 	  278071 	   26 	  277275 	   16 
     53 	  275691 	   22 	  280797 	   67 
      0 	  270297 	   20 	  283460 	   12 
    203 	  279579 	   55 	  278542 	   14 
      4 	  271993 	   15 	  282656 	   17 
    664 	  272123 	   13 	  277065 	   26 
    168 	  279367 	   17 	  279691 	   17 
      0 	  269114 	   17 	  267329 	   10 
     52 	  272178 	   22 	  271229 	   20 
      1 	  271349 	   17 	  276063 	   16 
     28 	  274582 	   17 	  281487 	   45 
      0 	  267705 	   11 	  280188 	   14 
      0 	  267821 	   13 	  278913 	   13 
    449 	  280783 	   40 	  277084 	   48 
      0 	  271331 	   17 	  276144 	   33 
     18 	  292241 	   46 	  272574 	   17 
     53 	  277455 	   17 	  280681 	   14 
     57 	  269216 	   12 	  266028 	   13 
     57 	  274563 	   21 	  281660 	   19 
      8 	  278551 	   18 	  272326 	   19 
      4 	  272342 	   18 	  270696 	   13 
      1 	  273065 	   23 	  272283 	   11 
     58 	  271556 	   11 	  273787 	   23 
      0 	  266932 	   11 	  277661 	   21 
     30 	  273832 	   18 	  266942 	   17 
      3 	  276420 	   21 	  272288 	   35 
      0 	  270966 	   19 	  263067 	   16 
    119 	  272750 	   35 	  277238 	   17 
      2 	  263325 	   16 	  269065 	   11 
      6 	  262971 	    9 	  278039 	   12 
     78 	  268601 	   19 	  277423 	   25 
     14 	  270611 	   13 	  274993 	   14 
      0 	  267095 	   15 	  270544 	   18 
     29 	  270291 	   22 	  269135 	   15 
     18 	  271719 	   20 	  278015 	   13 
     97 	  267327 	   16 	  285467 	   56 
     92 	  268713 	   13 	  281333 	   32 
      0 	  274746 	   14 	  273683 	   39 
     45 	  291281 	   54 	  274729 	    6 
      7 	  272820 	   35 	  271360 	   10 
     45 	  265414 	   11 	  280511 	   27 
      0 	  270070 	   12 	  270045 	   15 
     54 	  273487 	   25 	  275054 	   16 
      2 	  265352 	   12 	  278642 	   20 
      0 	  273160 	   19 	  281057 	   12 
      0 	  270954 	   23 	  280236 	   16 
     61 	  271367 	    9 	  282843 	   25 
      2 	  276006 	   15 	  275850 	   22 
     27 	  277163 	   21 	  273574 	   19 
     22 	  275644 	   24 	  280383 	   78 
      0 	  267675 	   17 	  273677 	   18 
     16 	  271159 	   83 	  270058 	   13 
      7 	  269023 	   13 	  263791 	   27 
      1 	  273399 	   18 	  267824 	   17 
     17 	  273492 	   28 	  266796 	   28 
      0 	  265255 	   17 	  264031 	   13 
      0 	  267854 	   19 	  265340 	   16 
     23 	  270069 	   30 	  266649 	   19 
      0 	  268151 	   20 	  283590 	   10 
     16 	  263790 	   15 	  287561 	   15 
     14 	  267270 	   22 	  268631 	   59 
      2 	  265815 	   18 	  270884 	   17 
     47 	  281778 	   56 	  271200 	   24 
      2 	  266290 	   17 	  274102 	   15 
     61 	  268412 	   26 	  275928 	   16 
     24 	  268969 	   15 	  275248 	   26 
     31 	  268183 	   15 	  286630 	   15 
     22 	  273857 	   23 	  280795 	   11 
  48952 	  235398 	   28 	  225145 	   21 
  62890 	  201628 	   16 	  206164 	   13 
  84332 	  180259 	   14 	  186429 	   69 
  36291 	  231793 	   57 	  233163 	   17 
  78562 	  187883 	   19 	  193003 	   15 
  48911 	  221344 	   26 	  239463 	   21 
 102504 	  191009 	   34 	  163571 	   15 
  35815 	  230755 	   14 	  257844 	   29 
 110115 	  163149 	   19 	  169980 	   14 
  49058 	  220352 	   24 	  228820 	   18 
 103003 	  164964 	   18 	  172518 	   22 
 130540 	  132967 	   16 	  141584 	   18 
  41842 	  251802 	   51 	  231961 	   15 
   1325 	  266567 	   19 	  254129 	   61 
  17231 	  266263 	   28 	  270332 	    9 
      2 	  264582 	   18 	  284024 	   24 
  16421 	  252589 	   24 	  258106 	   11 
   7249 	  262376 	   18 	  278194 	   27 
      4 	  267629 	   20 	  275874 	   16 
      0 	  301859 	   52 	  277039 	   24 
      0 	  290043 	   31 	  272300 	   14 
      0 	  276673 	   21 	  274142 	   19 
  44250 	  215317 	   19 	  274213 	  109 
      0 	  259548 	    5 	  282585 	   17 
    105 	  323658 	   49 	  279126 	   44 
    123 	  281557 	   39 	  290849 	   32 
  14321 	  275552 	   31 	  260768 	   13 
   4874 	  270228 	   13 	  273732 	   16 
  31121 	  245777 	   15 	  247638 	   15 
  29175 	  248300 	   13 	  248155 	   24 
  58165 	  221647 	   22 	  221584 	   15 
  36660 	  248946 	   24 	  240461 	   14 
  49182 	  224306 	   10 	  220916 	   15 
  17189 	  259741 	   21 	  255713 	   16 
  41593 	  232768 	   12 	  240470 	   17 
  81927 	  199443 	   21 	  198181 	   29 
  68200 	  209908 	   26 	  202432 	   16 
  30195 	  246568 	   13 	  240337 	   13 
  15778 	  256682 	   15 	  264852 	   18 
  41752 	  237498 	   16 	  234812 	   42 
  64990 	  211791 	   19 	  210601 	   11 
  20668 	  261061 	   34 	  253706 	   15 
  27272 	  245347 	   11 	  254085 	   44 
  52326 	  226844 	   46 	  222145 	   14 
  75419 	  200706 	   15 	  197421 	   16 
  51213 	  224367 	   15 	  226325 	   15 
  23462 	  252627 	   15 	  244944 	   16 
  44896 	  224481 	   15 	  229443 	   12 
  38226 	  231933 	   12 	  237882 	   26 
 110149 	  175250 	   27 	  172856 	   21 
 101752 	  171885 	   21 	  160761 	   11 
  92487 	  178183 	   12 	  193193 	   35 
  92776 	  178773 	   33 	  167900 	   15 
 107421 	  158556 	   15 	  162771 	   12 
  82071 	  181585 	   11 	  177733 	   21 
  96764 	  177115 	   25 	  176844 	   15 
  98297 	  172771 	   12 	  170015 	   23 
  69930 	  205572 	   27 	  205072 	   25 
 127083 	  139533 	   15 	  139238 	   13 
 129955 	  138877 	   13 	  152888 	   20 
 136198 	  136135 	   17 	  130396 	   12 
 127539 	  142911 	   13 	  160919 	   61 
 164808 	  117480 	   54 	  108024 	   15 
 187885 	   89362 	   14 	   84210 	    9 
 134840 	  141950 	   17 	  134363 	   24 
  71295 	  211547 	   22 	  188268 	   65 
    175 	  277277 	   62 	  259701 	   32 
    292 	  276317 	   26 	  283334 	   54 
  10386 	  269090 	   46 	  267967 	   17 
   6037 	  264675 	   12 	  275561 	   10 
  49608 	  226222 	   21 	  220569 	   17 
  69149 	  202613 	   15 	  209244 	   22 
   9921 	  266061 	   23 	  256359 	   14 
  45492 	  226161 	   12 	  229864 	   17 
  55273 	  217377 	   13 	  210203 	   23 
  32756 	  237535 	    9 	  234016 	   25 
  73959 	  198921 	   18 	  209360 	   13 
  53964 	  228811 	   27 	  226503 	    9 
  41016 	  232349 	   19 	  236850 	   18 
  51050 	  219387 	   21 	  218495 	   17 
  42072 	  226901 	   13 	  225967 	   16 
  76628 	  192174 	   12 	  193922 	   10 
  92285 	  183029 	   16 	  178738 	   13 
  93272 	  177070 	   13 	  177459 	   10 
 104386 	  175929 	   27 	  161507 	   34 
  77272 	  189805 	   10 	  177213 	    7 
  45303 	  227246 	   24 	  228026 	   27 
      0 	  272217 	   22 	  264741 	   14 
  98986 	  174395 	   18 	  181547 	   17 
 146082 	  122963 	   19 	  118927 	   11 
 104559 	  164374 	   12 	  168383 	   53 
 141451 	  131952 	   51 	  124987 	   12 
 115332 	  159708 	   18 	  163752 	   15 
 138327 	  133050 	   16 	  127251 	   18 
 153086 	  125444 	   30 	  125106 	   27 
 187711 	   81521 	   16 	   81048 	   15 
 166933 	  105325 	   17 	   96194 	   16 
 126710 	  144422 	   18 	  145159 	   21 
 143574 	  126589 	   17 	  125991 	   16 
 162845 	  113942 	   37 	  111974 	   36 
 188662 	   81012 	   12 	   81384 	   14 
 119202 	  159095 	   16 	  153472 	   16 
  63083 	  207517 	   39 	  210029 	   44 
  20956 	  248853 	   20 	  256036 	   40 
  84916 	  193835 	   37 	  189649 	   14 
  86938 	  188988 	   12 	  184558 	   13 
  90092 	  181834 	   13 	  179126 	   14 
  68870 	  206193 	   13 	  206789 	   21 
  48267 	  220281 	   21 	  219472 	   20 
 107464 	  161824 	   19 	  161907 	   14 
  97009 	  177486 	   11 	  174439 	   14 
  82841 	  191375 	   18 	  187939 	   20 
 112010 	  159079 	   18 	  162274 	   19 
  75205 	  200627 	   22 	  197428 	   14 
  62352 	  207011 	   32 	  205663 	   29 
 114189 	  149138 	   14 	  149994 	   17 
 115785 	  152350 	   17 	  147361 	   12 
  97095 	  174412 	   18 	  176208 	   19 
 101357 	  171347 	   16 	  168217 	   13 
 108754 	  156028 	   13 	  155264 	   23 
 135479 	  135669 	   25 	  131807 	   13 
 132931 	  138165 	   16 	  135573 	   16 
 124777 	  145534 	   20 	  138819 	   17 
 112014 	  152951 	   11 	  152609 	   18 
 115103 	  153691 	   15 	  165182 	   42 
  87225 	  194806 	   48 	  188844 	   50 
  64845 	  210445 	   43 	  208705 	   42 
  94062 	  173251 	   12 	  173823 	   12 
 109562 	  161131 	   13 	  156203 	   12 
  93713 	  175579 	   19 	  179423 	   21 
 105046 	  163632 	   25 	  157223 	   21 
  51592 	  216900 	   15 	  220200 	   15 
  51765 	  216872 	   19 	  218203 	   20 
  89766 	  177852 	   10 	  176962 	   11 
  82257 	  193500 	   16 	  189765 	   12 
  78835 	  197265 	   20 	  189562 	   20 
  78348 	  195055 	   25 	  198441 	   22 
  78521 	  186703 	   14 	  181212 	   17 
  53436 	  217980 	   69 	  230636 	   88 
 120142 	  149870 	   30 	  146128 	   14 
 100294 	  173469 	   15 	  173439 	   11 
  67695 	  203239 	   16 	  204303 	   16 
 108828 	  156785 	   12 	  157771 	   16 
 114439 	  155061 	   19 	  153870 	    8 
  37202 	  233348 	   31 	  231941 	   37 
  77376 	  188357 	   13 	  189963 	   15 
  77647 	  190018 	   14 	  189986 	   20 
  95712 	  172774 	   15 	  173330 	    8 
  33095 	  232609 	   18 	  229523 	   16 
  58803 	  202715 	   10 	  204286 	   40 
  55198 	  216621 	   36 	  210721 	   17 
  86872 	  183560 	   15 	  179151 	    9 
  45544 	  226099 	   11 	  220293 	   13 
  24880 	  246575 	   14 	  246446 	   12 
  27268 	  250995 	   19 	  243070 	   36 
  57517 	  218101 	   34 	  206505 	    8 
   8624 	  253598 	   20 	  250390 	   17 
  45623 	  214767 	   12 	  210689 	   17 
 134710 	  136017 	   20 	  131690 	   17 
  91110 	  177833 	   20 	  178678 	   77 
  20748 	  251035 	   72 	  243769 	    8 
   1806 	  262312 	   11 	  266966 	   15 
  36503 	  230160 	   17 	  231429 	   19 
  62035 	  204953 	   15 	  202939 	   20 
  10396 	  251873 	   17 	  253025 	   35 
   6054 	  261274 	   32 	  260083 	   12 
    271 	  265532 	   13 	  266506 	   15 
  26755 	  244239 	   20 	  243954 	   22 
  17384 	  252829 	   17 	  245072 	   18 
   6643 	  259332 	   19 	  260670 	   13 
   9642 	  253844 	   13 	  241583 	   42 
    107 	  263202 	   38 	  248470 	   15 
  38168 	  220778 	   19 	  223108 	   20 
  70654 	  194255 	   20 	  196914 	   16 
  27437 	  239836 	   23 	  232773 	   35 
     85 	  264739 	   38 	  254617 	   22 
     10 	  259116 	   14 	  263275 	   14 
  17360 	  245836 	   21 	  249607 	   19 
  23093 	  249055 	   23 	  258000 	   20 
  11227 	  265900 	   25 	  286745 	   75 
  21668 	  269949 	  102 	  261139 	   50 
  27248 	  243032 	   16 	  246344 	   12 
  38756 	  234789 	   10 	  233572 	    9 
  31038 	  244935 	   18 	  245374 	   25 
  37930 	  241042 	   27 	  249916 	   41 
  51624 	  231802 	   45 	  224286 	   10 
  54836 	  222608 	   10 	  224664 	   16 
  35687 	  237973 	   23 	  249088 	   17 
  59040 	  222765 	   21 	  214493 	   11 
  46469 	  229287 	   11 	  224550 	   15 
  60647 	  215245 	   13 	  211056 	   12 
  13342 	  264123 	   16 	  268290 	   15 
  31444 	  241737 	   10 	  241477 	   46 
  51588 	  234144 	   44 	  238201 	   12 
  77013 	  202060 	   11 	  195326 	   16 
   3049 	  267694 	   22 	  276503 	   20 
   2616 	  274981 	   24 	  284911 	   28 
   8327 	  270105 	   26 	  275143 	    9 
   7068 	  271416 	   11 	  268551 	   17 
  25223 	  256245 	   18 	  253875 	   17 
   2123 	  271517 	   16 	  277480 	   25 
    284 	  279429 	   24 	  271662 	   12 
     58 	  270796 	   11 	  271947 	   31 
  67901 	  209499 	   31 	  209469 	   25 
  26555 	  250781 	   24 	  244839 	    9 
  53208 	  223383 	    9 	  221531 	   20 
 108435 	  170680 	   19 	  157733 	   10 
  77058 	  198677 	   15 	  203499 	   14 
 113530 	  156987 	   17 	  148871 	   24 
  74231 	  226940 	   83 	  220478 	   89 
 136676 	  132209 	   17 	  138760 	   16 
 117931 	  152310 	   19 	  160671 	   13 
 104040 	  173890 	   17 	  179227 	   18 
 105488 	  170300 	   11 	  181235 	   13 
 121341 	  157097 	   14 	  153020 	   11 
 141890 	  129423 	   11 	  136659 	   31 
 117455 	  160846 	   35 	  150216 	   10 
  98945 	  171989 	   17 	  176499 	   15 
 104708 	  164478 	   17 	  170497 	   20 
  98391 	  178267 	   17 	  178550 	   19 
  84226 	  187300 	   18 	  191506 	   10 
  77792 	  194112 	   14 	  205401 	   35 
  55312 	  223955 	   33 	  232821 	   20 
  64374 	  219915 	   24 	  213758 	    9 
  41047 	  236724 	   12 	  243260 	   12 
  62457 	  218671 	   12 	  211234 	   17 
  13153 	  263316 	   15 	  250807 	   19 
 103075 	  166956 	   15 	  163046 	   12 
 116023 	  153951 	   17 	  161300 	   32 
 143126 	  134489 	   32 	  129667 	   13 
  59043 	  215623 	   16 	  230293 	   17 
  48178 	  234012 	   20 	  227757 	   20 
  33321 	  253731 	   17 	  237468 	   16 
  42254 	  227822 	   12 	  236273 	   18 
  81726 	  195880 	   18 	  188919 	   26 
 104616 	  173731 	   27 	  168596 	   20 
 145100 	  125360 	   12 	  131301 	   13 
 115220 	  164426 	   69 	  161153 	   74 
 191212 	   75482 	   18 	   80453 	   15 
 182223 	   93412 	   17 	   90688 	   22 
 138185 	  143686 	   24 	  153695 	   24 
 159109 	  115461 	   24 	  117864 	   22 
 177103 	   91800 	   15 	   96441 	   14 
 182531 	   95948 	   35 	   93305 	   37 
 206422 	   65571 	   22 	   70327 	   17 
 217792 	   55486 	   20 	   61720 	   19 
 173102 	  112613 	   26 	  105540 	   23 
 183354 	  101179 	   21 	  101220 	   20 
 177814 	   95821 	   16 	  100255 	   13 
 161948 	  123181 	   55 	  122742 	   47 
 159197 	  116157 	   16 	  123155 	   21 
  92515 	  186938 	   24 	  183136 	   23 
 133897 	  142747 	   21 	  142089 	   21 
 106642 	  162703 	   11 	  162249 	   20 
 130563 	  145636 	   18 	  140752 	   15 
 154131 	  133727 	   41 	  131390 	   36 
 169898 	  120432 	   19 	  108864 	   19 
 144389 	  140211 	   24 	  137195 	   22 
 134392 	  135308 	   12 	  137974 	   14 
 163830 	  118270 	   24 	  109729 	   17 
 151097 	  132758 	   21 	  130840 	   21 
 174056 	  106059 	   31 	  101761 	   30 
 116178 	  160356 	   14 	  161266 	   16 
 135114 	  142048 	   21 	  138113 	   15 
 160874 	  114357 	   17 	  107085 	   26 
 133998 	  153208 	   99 	  146326 	   16 
  98385 	  184190 	   40 	  196012 	  115 
  38022 	  251919 	   29 	  247084 	   44 
   5078 	  267723 	   15 	  278546 	   34 
    268 	  275549 	   15 	  278117 	   17 
    241 	  278613 	   20 	  274192 	   15 
   8334 	  269504 	   13 	  267200 	   19 
   1986 	  273527 	   19 	  271472 	   22 
  32862 	  245169 	   21 	  238712 	   16 
  58203 	  229053 	   32 	  214379 	   12 
  45131 	  232183 	   11 	  239187 	   34 
  29113 	  248152 	   17 	  256209 	   13 
  11001 	  267119 	   19 	  260683 	   19 
   4898 	  272067 	   13 	  277882 	   16 
  11930 	  260147 	   17 	  261927 	   14 
    111 	  277956 	   20 	  270728 	   16 
    118 	  275338 	   16 	  275717 	   20 
   2301 	  278818 	   29 	  276362 	   38 
  23485 	  248266 	   12 	  244227 	    8 
      6 	  279464 	   42 	  280244 	   13 
   4085 	  268187 	   15 	  278825 	   47 
    628 	  274702 	   11 	  269524 	   17 
   2899 	  271820 	   16 	  271539 	   19 
     77 	  265442 	   15 	  268924 	   14 
    158 	  267192 	   20 	  271794 	   15 
   8934 	  274377 	   23 	  263530 	   19 
    134 	  272036 	   19 	  271473 	   29 
   1399 	  267949 	   14 	  280808 	   22 
      0 	  271615 	   32 	  261398 	   11 
    451 	  266996 	   18 	  285456 	   33 
     19 	  264813 	   16 	  262828 	   14 
     85 	  266809 	   17 	  272123 	   18 
     68 	  270545 	   18 	  256962 	   21 
    722 	  282633 	   22 	  267271 	   17 
      2 	  266726 	   13 	  273083 	   15 
    207 	  269030 	   13 	  275509 	   28 
     49 	  271685 	   18 	  263795 	   15 
      0 	  271512 	   17 	  276944 	   12 
     37 	  282299 	   55 	  275090 	   16 
      0 	  277491 	   19 	  274049 	   12 
      9 	  276469 	   13 	  279733 	   50 
     51 	  282599 	   21 	  276809 	   12 
    154 	  282023 	   64 	  272035 	   21 
     78 	  273205 	   29 	  259134 	   74 
  55742 	  226372 	   52 	  201912 	   31 
  20427 	  251141 	   12 	  269499 	   54 
   5050 	  269304 	   19 	  270634 	   13 
  11514 	  258812 	   14 	  277186 	   15 
    817 	  278031 	   15 	  263339 	   13 
   4946 	  267071 	   16 	  274891 	   16 
  17915 	  255124 	    6 	  256050 	   22 
  18363 	  251834 	    9 	  251813 	    8 
   1881 	  273371 	   18 	  269100 	   23 
  35053 	  247887 	   25 	  227309 	    8 
   9807 	  261405 	   18 	  277367 	   30 
     62 	  271149 	   19 	  278375 	    9 
     45 	  268895 	   16 	  270907 	   16 
   1378 	  267760 	   14 	  270899 	   10 
     26 	  276570 	   16 	  269541 	   17 
      0 	  270740 	   12 	  273443 	   13 
     80 	  277968 	   23 	  269171 	   11 
    861 	  274435 	   24 	  264960 	   10 
   9030 	  258407 	   10 	  267002 	   21 
   1327 	  277438 	   24 	  252030 	   26 
  11766 	  256533 	   12 	  263042 	   22 
   5377 	  263282 	   16 	  262139 	   12 
      0 	  271261 	   30 	  268967 	   16 
      0 	  269283 	   16 	  272217 	   11 
    323 	  274263 	   17 	  271390 	   28 
     12 	  268516 	   14 	  268973 	   18 
   3010 	  266768 	   23 	  267824 	   16 
   9156 	  262730 	   19 	  260246 	   20 
     19 	  273514 	   22 	  264479 	   14 
     22 	  271299 	   24 	  272507 	   19 
     30 	  268501 	   16 	  269446 	   24 
    258 	  280087 	   51 	  269957 	   25 
      0 	  273892 	   16 	  268729 	   14 
      0 	  272615 	   13 	  273378 	   47 
    212 	  271872 	   30 	  273197 	   17 
      5 	  269752 	   14 	  275130 	   13 
     56 	  268090 	   38 	  268139 	   34 
   1114 	  266532 	   17 	  267919 	   38 
   4006 	  265315 	   25 	  265937 	   15 
    783 	  264075 	   14 	  260984 	   15 
   4949 	  263718 	   18 	  260124 	   18 
   3492 	  266581 	   24 	  263327 	   18 
     20 	  265341 	   16 	  266936 	   23 
     65 	  267763 	   14 	  268000 	   15 
  21442 	  252191 	   18 	  242582 	   12 
  22677 	  248440 	   12 	  246671 	   17 
    324 	  284648 	   48 	  264573 	   13 
   2063 	  267054 	   16 	  283147 	   54 
     99 	  274109 	   45 	  274566 	   37 
     56 	  276124 	   14 	  268228 	   50 
     26 	  277658 	   19 	  275307 	   18 
  18375 	  255166 	   11 	  256439 	   21 
  21955 	  256174 	   16 	  250304 	    8 
   3817 	  269497 	   13 	  269306 	   15 
  17076 	  254532 	   16 	  258402 	   10 
     28 	  272713 	   18 	  272460 	   16 
    238 	  283182 	   21 	  271593 	   22 
     44 	  274570 	   21 	  271175 	   22 
    136 	  271314 	   36 	  277588 	   24 
      0 	  269174 	   14 	  279925 	    9 
     54 	  271975 	   15 	  266178 	   40 
     50 	  269931 	   20 	  270354 	   14 
   6385 	  271025 	   22 	  263467 	   16 
   7940 	  263755 	   15 	  262193 	   20 
   1753 	  271303 	   13 	  269304 	   17 
    237 	  274815 	   22 	  268730 	   12 
     38 	  275482 	   21 	  271446 	   14 
      0 	  269145 	   16 	  275323 	   25 
    192 	  267166 	   23 	  275176 	   23 
     25 	  267205 	   12 	  270150 	    7 
    238 	  272418 	   81 	  268308 	   26 
      0 	  270568 	   37 	  265520 	   15 
     24 	  273215 	    9 	  275887 	  110 
   3154 	  268258 	   16 	  268930 	   14 
      0 	  265116 	   11 	  273618 	   12 
     33 	  269058 	   15 	  272854 	   16 
   8793 	  260760 	   14 	  262962 	   15 
   1191 	  271805 	   15 	  260615 	    9 
      1 	  269918 	   10 	  272725 	   15 
   2323 	  266439 	   17 	  266375 	   12 
      0 	  268544 	   12 	  277356 	   10 
    983 	  259647 	    8 	  267273 	   18 
      0 	  271749 	   42 	  272696 	   11 
    286 	  270188 	   14 	  259382 	   47 
   6328 	  265839 	   13 	  263529 	    9 
      0 	  271913 	   14 	  262428 	   10 
    260 	  277630 	   19 	  265773 	   12 
    605 	  273867 	   24 	  271298 	   10 
  13224 	  250254 	   14 	  255856 	    7 
    293 	  261277 	    7 	  263984 	   19 
      0 	  270532 	   24 	  263998 	   11 
    127 	  267240 	   14 	  251513 	   19 
   2815 	  272413 	   53 	  257754 	    9 
      0 	  273195 	   14 	  273881 	   10 
  33176 	  241040 	   10 	  242717 	   48 
   9283 	  261435 	   18 	  268693 	   10 
    135 	  263300 	   11 	  267685 	   23 
  26944 	  242240 	   18 	  235510 	   17 
      0 	  275263 	   17 	  264635 	   11 
    352 	  269239 	   15 	  270310 	   21 
  10440 	  260351 	   20 	  263975 	   15 
   7187 	  263529 	   14 	  269198 	   24 
  73022 	  194119 	   11 	  194235 	   12 
    125 	  262771 	   43 	  271096 	   14 
  11682 	  247995 	   12 	  238543 	   50 
   4459 	  264172 	   25 	  244513 	   12 
   6599 	  261057 	   18 	  251953 	   22 
   9399 	  256651 	   28 	  255744 	   11 
  14989 	  246424 	   11 	  252296 	   25 
  59816 	  205917 	   15 	  196632 	   11 
  19432 	  254143 	   29 	  246749 	   17 
  24010 	  256009 	   18 	  246917 	   27 
  22294 	  273413 	   95 	  251372 	   15 
      0 	  268607 	   17 	  298699 	   76 
   4330 	  269918 	   15 	  291399 	   46 
  16913 	  259170 	   19 	  257824 	   15 
   7205 	  279837 	   45 	  264396 	   11 
   3930 	  273407 	   22 	  275864 	   28 
  22395 	  254668 	   19 	  262154 	   44 
  48000 	  224320 	   14 	  230283 	   13 
   6597 	  273935 	   38 	  268687 	   11 
   3498 	  273055 	   11 	  280177 	   41 
  16405 	  258323 	   11 	  260603 	   12 
     80 	  278870 	   13 	  265904 	   12 
      1 	  273944 	    9 	  277988 	   17 
  29460 	  256156 	   30 	  246827 	   15 
    126 	  279453 	   21 	  274861 	   13 
  27949 	  242931 	   14 	  260441 	   30 
    188 	  276629 	   20 	  274525 	   12 
  38639 	  241777 	   21 	  242131 	   17 
  40475 	  236892 	   18 	  246946 	   22 
  66938 	  205087 	   12 	  208330 	   11 
  19452 	  256461 	   17 	  254815 	   11 
  44893 	  236965 	   31 	  237528 	   16 
  25854 	  246836 	   16 	  257049 	   27 
  33389 	  243105 	   35 	  234487 	   16 
    155 	  277464 	   20 	  276031 	   35 
  12201 	  265838 	   14 	  267425 	   23 
  17051 	  254242 	    9 	  259574 	   14 
     49 	  275317 	   13 	  267558 	   14 
      0 	  272291 	   13 	  262880 	   13 
    212 	  301942 	   78 	  274081 	   12 
      0 	  270587 	   18 	  266910 	   11 
     60 	  280653 	   16 	  283427 	   90 
    110 	  278725 	   25 	  269975 	   14 
    136 	  269281 	   17 	  288475 	   14 
  16963 	  252861 	   15 	  276749 	   26 
  48216 	  234735 	   20 	  225095 	   19 
     95 	  279367 	   15 	  269848 	   15 
  23809 	  250640 	   10 	  269151 	   20 
  62220 	  214502 	   20 	  212478 	   12 
     16 	  280868 	   26 	  281167 	   12 
     10 	  268657 	   15 	  273457 	   20 
      4 	  271745 	   17 	  279144 	   19 
      6 	  271716 	   60 	  272671 	    9 
      0 	  272596 	   19 	  275388 	   16 
  40960 	  230785 	   14 	  233090 	   72 
  13255 	  267377 	   26 	  264249 	   15 
   3483 	  279334 	   19 	  274907 	   38 
  25743 	  249996 	   16 	  253252 	   18 
    418 	  276966 	   33 	  291062 	   20 
     35 	  271916 	   18 	  277499 	   28 
      0 	  267567 	   13 	  275163 	   12 
  22950 	  271212 	   28 	  258719 	   20 
   8355 	  277040 	   22 	  266094 	   22 
   2240 	  277050 	   18 	  278042 	   17 
     72 	  285127 	   40 	  288137 	   14 
      0 	  288751 	   20 	  280966 	   13 
  41548 	  229521 	   13 	  258203 	   39 
  76854 	  199357 	   11 	  203505 	    9 
  32723 	  247015 	   25 	  240764 	   13 
  17101 	  262619 	   15 	  264937 	   20 
  54150 	  228421 	   14 	  224618 	   12 
  74410 	  202406 	   15 	  209886 	   15 
   2294 	  266014 	    8 	  261009 	   16 
  24927 	  252695 	   17 	  241727 	   11 
  15326 	  267749 	   14 	  266642 	   25 
  85707 	  194582 	   10 	  197882 	   17 
    178 	  279333 	   16 	  263659 	   16 
     67 	  281644 	   23 	  273716 	   20 
      0 	  275222 	   12 	  278465 	   25 
     94 	  293656 	   42 	  273480 	   19 
      0 	  281078 	   14 	  289233 	   14 
     46 	  291329 	   36 	  276693 	   35 
      4 	  280778 	   16 	  291098 	   12 
   5245 	  279936 	   27 	  285114 	   32 
      0 	  271536 	   20 	  275048 	   11 
  20849 	  249619 	   12 	  264202 	   27 
   6135 	  270581 	   13 	  262743 	   15 
     16 	  295325 	   22 	  261680 	   17 
      2 	  276842 	   19 	  289207 	   19 
   1748 	  269632 	   16 	  273074 	   22 
  12467 	  269167 	   22 	  261124 	   20 
     61 	  285421 	   26 	  270542 	   14 
      0 	  282541 	   13 	  278747 	   23 
   5672 	  279682 	   14 	  272093 	   27 
      4 	  273952 	   13 	  282031 	   11 
     43 	  286162 	   93 	  288718 	   16 
      0 	  268115 	   16 	  276880 	   19 
      0 	  271420 	   17 	  277699 	   19 
     28 	  272780 	   17 	  279456 	   99 
   6585 	  272798 	   29 	  265809 	   16 
   1897 	  286778 	   39 	  262517 	   12 
   5620 	  270075 	   15 	  275265 	   28 
    889 	  268587 	   15 	  285383 	   46 
     42 	  277605 	   31 	  274799 	   13 
     16 	  272276 	   16 	  267536 	    9 
     10 	  271601 	   26 	  281493 	   30 
  29217 	  241833 	   11 	  246789 	   13 
      0 	  274291 	   13 	  265277 	   14 
  33342 	  246625 	   25 	  237649 	   24 
     79 	  270096 	   15 	  269277 	   13 
      0 	  277750 	   28 	  269339 	   15 
      0 	  277556 	   22 	  282822 	   23 
      0 	  268037 	   13 	  271232 	   15 
      1 	  272781 	   18 	  276484 	   35 
     85 	  274413 	   19 	  275289 	   22 
   5825 	  275181 	   29 	  264152 	    7 
  17163 	  257854 	   11 	  250831 	   13 
   3949 	  275467 	   14 	  272728 	   13 
    271 	  279104 	   36 	  273549 	   33 
      0 	  277667 	   25 	  280413 	   18 
      0 	  277092 	   18 	  273286 	   40 
   6818 	  272382 	   15 	  269574 	   23 
  12119 	  262040 	   17 	  267277 	   13 
      0 	  272644 	   11 	  276769 	   13 
   3210 	  268950 	   14 	  273033 	   11 
  27515 	  251844 	   27 	  239547 	   21 
   1220 	  290404 	   98 	  270865 	   17 
   2606 	  268947 	   16 	  290995 	  108 
  51608 	  218933 	    8 	  218005 	   10 
  26768 	  245895 	   22 	  242993 	   15 
  47901 	  226503 	   18 	  224104 	   20 
  73997 	  200751 	   27 	  190934 	   15 
      0 	  271197 	   12 	  272005 	   12 
  23817 	  252227 	   15 	  239611 	   23 
  85783 	  186626 	   23 	  192942 	   11 
    411 	  271025 	   12 	  278806 	   12 
    249 	  279444 	   18 	  275658 	   22 
      0 	  274987 	   12 	  260759 	   12 
   6921 	  275996 	   44 	  271055 	   21 
      1 	  270042 	   23 	  277878 	   11 
  41540 	  230506 	   15 	  226284 	   40 
  41010 	  245359 	   22 	  243983 	   18 
  32578 	  250484 	   23 	  252237 	   26 
  16786 	  253627 	   13 	  256911 	   12 
   9192 	  282060 	   34 	  272492 	   21 
    234 	  280985 	   17 	  273243 	   34 
      0 	  281543 	   17 	  275405 	   10 
      0 	  269026 	   10 	  300937 	   27 
      0 	  283632 	   18 	  289362 	   14 
      0 	  275729 	    9 	  272232 	   18 
  20471 	  277035 	   46 	  256558 	   16 
      0 	  276766 	   15 	  278621 	   12 
  11285 	  269051 	    8 	  273836 	   52 
    553 	  276920 	   21 	  284271 	   13 
      0 	  278326 	   16 	  278032 	    8 
      0 	  275646 	   15 	  277656 	   20 
      0 	  276287 	    9 	  276140 	   13 
      0 	  289273 	   22 	  274630 	   17 
    766 	  277571 	   16 	  273249 	   10 
    324 	  271084 	   16 	  276491 	    9 
  29720 	  253157 	   18 	  259015 	   22 
  46520 	  229499 	    8 	  239440 	   13 
      0 	  292331 	   45 	  267749 	   11 
      0 	  294802 	   27 	  270556 	   21 
      0 	  281133 	    9 	  284227 	   45 
      0 	  298364 	   26 	  290032 	    9 
      0 	  268346 	   17 	  305494 	   26 
      0 	  279300 	   28 	  293984 	   13 
   7542 	  274704 	   18 	  288704 	   34 
    249 	  276689 	   12 	  276252 	   18 
  13450 	  281123 	   24 	  245573 	   14 
     24 	  278712 	    9 	  300637 	   25 
      0 	  289439 	   18 	  285738 	   18 
     19 	  276833 	    9 	  272892 	   20 
  10696 	  281990 	   24 	  267502 	    8 
      0 	  269842 	   12 	  282289 	   14 
      0 	  282922 	   17 	  281832 	   23 
  42778 	  229714 	   11 	  222025 	   17 
  77967 	  198968 	   22 	  193200 	   12 
  55051 	  219056 	   16 	  221733 	   24 
  34913 	  241455 	   13 	  256985 	   11 
  42794 	  246458 	   16 	  222116 	   11 
 109464 	  170580 	   11 	  179711 	   14 
  45201 	  238117 	   15 	  233719 	   13 
  96132 	  221703 	  119 	  187012 	  119 
 138204 	  146378 	   12 	  148285 	   15 
 148898 	  133977 	   15 	  132987 	   12 
 150756 	  148209 	   33 	  148030 	   34 
 212805 	   62633 	   19 	   68426 	   21 
 223945 	   48746 	   21 	   50263 	   19 
 214436 	   68355 	   27 	   64721 	   28 
 187045 	   94188 	   15 	   96368 	   16 
 156803 	  134774 	   17 	  128018 	   15 
 164014 	  119675 	   13 	  123307 	   12 
 170431 	  114551 	   28 	  118301 	   30 
 173244 	  106305 	   12 	  107287 	   15 
 180605 	  100049 	   18 	  102472 	   16 
 177129 	  109533 	   23 	   97814 	   11 
 170922 	  103991 	   13 	  115303 	   22 
 117895 	  175781 	   41 	  168398 	   43 
 137114 	  145529 	   18 	  142715 	   21 
 134722 	  148489 	   15 	  139364 	   12 
 150678 	  127734 	    9 	  126163 	   15 
 131621 	  155824 	   22 	  156917 	   21 
 153903 	  118384 	   13 	  123683 	   15 
 158124 	  118838 	   25 	  113723 	   20 
  96370 	  191510 	   24 	  196175 	   27 
 115733 	  173090 	   15 	  171781 	   10 
 137500 	  137270 	   11 	  140147 	   12 
 108992 	  182749 	   15 	  186186 	   15 
 113477 	  172576 	   14 	  181286 	   11 
 134164 	  176539 	   62 	  160491 	   64 
 138441 	  145812 	   18 	  152926 	   27 
 138360 	  144196 	   13 	  140330 	   15 
 133025 	  147916 	   14 	  152600 	   13 
 139620 	  143784 	   21 	  141793 	   11 
 106828 	  181342 	   13 	  171798 	   20 
  76110 	  209780 	   15 	  213069 	   16 
 122014 	  161234 	   11 	  160464 	   11 
 109808 	  186396 	   18 	  192907 	   14 
 120937 	  168546 	   17 	  176201 	   13 
 161223 	  117616 	   22 	  117775 	   26 
 148990 	  137069 	   14 	  141423 	   14 
 147753 	  156337 	   35 	  164513 	   33 
 152658 	  131974 	   59 	  141343 	   68 
