% num_local_points | num_send_points | num_send_procs | num_recv_points | num_recv_procs 
  95176 	  127517 	   43 	  193864 	   55 
  86136 	  135075 	   17 	  194134 	   16 
  31818 	  174983 	   11 	  268722 	   19 
  41301 	  166499 	    6 	  260611 	   15 
  14788 	  200834 	   11 	  282052 	   32 
      8 	  214618 	   29 	  291470 	   13 
  33682 	  182234 	   18 	  254710 	   18 
  23187 	  184553 	    9 	  270541 	   14 
   9864 	  208086 	   17 	  276057 	   24 
      0 	  200441 	   11 	  288333 	   19 
   3090 	  201388 	   14 	  293036 	   15 
   6710 	  214417 	   23 	  282364 	   20 
     12 	  203344 	   10 	  285200 	   64 
      0 	  214064 	   15 	  287184 	   24 
      0 	  209735 	   13 	  282176 	   17 
      0 	  206029 	   16 	  283779 	   11 
     89 	  219581 	   53 	  295289 	   39 
      0 	  210233 	   12 	  274425 	   16 
      0 	  199242 	    8 	  271296 	   12 
      0 	  220705 	   20 	  286927 	   21 
      0 	  210445 	    8 	  193609 	   21 
      0 	  206222 	    8 	  195003 	   12 
      6 	  211036 	   32 	  224389 	   44 
      0 	  217874 	   28 	  282266 	   12 
      0 	  207064 	   15 	  280914 	   18 
      0 	  206413 	   14 	  275172 	   19 
      0 	  202408 	   10 	  293906 	   29 
      0 	  214535 	   24 	  278125 	   34 
      0 	  206212 	   14 	  262430 	   20 
      0 	  214888 	   16 	  286230 	   16 
      0 	  226846 	   37 	  210560 	   18 
      0 	  206608 	   12 	  197124 	   19 
      0 	  215000 	   15 	  183369 	   30 
      0 	  201610 	    8 	  274521 	   18 
      0 	  211251 	   14 	  292329 	    8 
      0 	  199433 	   12 	  289954 	   22 
      0 	  211742 	   28 	  287792 	   17 
      0 	  206831 	   28 	  279478 	   17 
      0 	  202211 	   11 	  287447 	   23 
      0 	  206661 	   16 	  292485 	    8 
      0 	  203867 	   15 	  319472 	   29 
      0 	  205082 	   18 	  291868 	   35 
      0 	  213099 	   15 	  319620 	   28 
      0 	  208819 	   15 	  280886 	   49 
      0 	  214461 	   22 	  280793 	   14 
      0 	  206641 	   11 	  271839 	   15 
      0 	  209518 	   13 	  247643 	   21 
      0 	  222783 	   18 	  149091 	   10 
      0 	  205011 	   11 	  165996 	   12 
      0 	  200234 	    8 	  120472 	   14 
      0 	  205860 	   12 	  162291 	   46 
      0 	  205199 	   11 	  287035 	   56 
      0 	  220921 	   18 	  287404 	   30 
      0 	  209351 	   10 	  296107 	   16 
      0 	  219468 	   22 	  292080 	   14 
      0 	  220544 	   35 	  291388 	   40 
      0 	  206898 	    8 	  279167 	   20 
      0 	  218849 	   19 	  287876 	   16 
      0 	  221806 	   42 	  282764 	   28 
      0 	  199665 	   13 	  285398 	   12 
      0 	  197975 	   13 	  273792 	   16 
      0 	  200536 	   13 	  284224 	   39 
      0 	  201805 	   19 	  286691 	   19 
      0 	  208990 	   18 	  284237 	   14 
      0 	  214658 	   13 	  285226 	   17 
      0 	  212116 	   13 	  291172 	   34 
      0 	  226371 	   72 	  290346 	   16 
      0 	  207509 	   13 	  292630 	   15 
      0 	  228168 	   25 	  287079 	   17 
      0 	  204717 	    9 	  295843 	   18 
     11 	  216805 	   12 	  291544 	   32 
   6244 	  197791 	   11 	  286729 	   21 
      0 	  220157 	   32 	  289801 	   14 
      0 	  205922 	   13 	  289909 	   26 
     16 	  209088 	   13 	  295067 	   34 
      0 	  194384 	   10 	  285411 	   36 
     24 	  219432 	   27 	  294490 	   50 
      0 	  201357 	   10 	  274911 	   18 
      0 	  204868 	   16 	  268109 	   18 
      0 	  197944 	   16 	  277899 	   19 
      0 	  220598 	   38 	  286312 	   20 
      0 	  204885 	   11 	  273923 	   16 
      0 	  208517 	   13 	  284265 	   24 
      0 	  199357 	    9 	  284746 	   19 
      0 	  209084 	   14 	  278581 	   15 
      0 	  207940 	   12 	  286606 	   27 
      0 	  214544 	   25 	  277083 	   18 
      0 	  212320 	   12 	  277923 	   12 
      0 	  215195 	   15 	  275880 	   23 
      0 	  208577 	   15 	  279105 	   87 
      0 	  199396 	    8 	  263102 	   14 
      0 	  212090 	   18 	  277999 	   29 
      0 	  221064 	   30 	  284676 	   16 
      0 	  212125 	   15 	  289120 	   20 
      0 	  197499 	   11 	  308361 	   25 
      0 	  200775 	   16 	  286073 	   15 
      0 	  212442 	   14 	  290276 	   14 
      0 	  217892 	   32 	  293032 	   29 
      0 	  198888 	    9 	  282333 	   19 
      0 	  205692 	   15 	  278652 	   12 
      0 	  231246 	   54 	  317316 	   49 
      0 	  194366 	    9 	  271179 	   27 
      0 	  195156 	    7 	  268185 	   16 
      0 	  199315 	   16 	  265285 	   19 
      0 	  198396 	   15 	  265389 	   23 
      0 	  200618 	   17 	  267135 	   13 
      0 	  208483 	   18 	  297568 	   11 
      0 	  204306 	   14 	  273903 	   24 
      0 	  208700 	   22 	  227799 	   13 
      0 	  195589 	    9 	  246959 	   20 
      0 	  204933 	   11 	  294499 	   36 
      0 	  203950 	   12 	  287647 	   48 
      0 	  203837 	   12 	  277573 	   17 
      0 	  217765 	   30 	  274160 	   26 
      0 	  202844 	   14 	  273643 	   22 
      0 	  202791 	   12 	  283154 	   25 
      0 	  201367 	   10 	  287219 	   18 
      0 	  202137 	   13 	  291388 	   37 
      0 	  210124 	   22 	  273678 	   11 
      0 	  232620 	   72 	  273418 	   16 
      0 	  201743 	    9 	  291234 	   31 
     11 	  199857 	   11 	  275981 	   40 
      0 	  218336 	   22 	  266648 	   19 
      0 	  206088 	    9 	  260238 	   16 
      0 	  211186 	   11 	  275548 	   21 
      0 	  217510 	   14 	  267660 	   14 
      0 	  215687 	   20 	  268622 	   22 
      0 	  209209 	   13 	  267928 	   13 
      0 	  212052 	   14 	  269732 	   20 
      0 	  203118 	   11 	  343990 	   53 
      0 	  211156 	   25 	  285973 	   20 
      0 	  199705 	    8 	  276397 	  126 
      0 	  208278 	   15 	  276421 	   19 
      0 	  200086 	   13 	  280293 	   30 
      0 	  209092 	   24 	  283652 	   19 
      0 	  226742 	   38 	  280780 	   14 
      0 	  194029 	    7 	  292316 	   38 
      0 	  194055 	   14 	  281420 	   35 
      0 	  194345 	   12 	  290259 	   20 
      0 	  199648 	   11 	  283405 	   17 
      0 	  195712 	   11 	  290001 	   33 
      0 	  195791 	   20 	  292536 	   23 
      0 	  195351 	   14 	  284885 	   20 
      0 	  202401 	   11 	  287029 	   14 
      0 	  213733 	   21 	  304536 	   33 
      0 	  207398 	   15 	  290803 	   17 
      0 	  194373 	   10 	  289355 	   37 
      0 	  216511 	   33 	  277200 	   14 
      0 	  213319 	   36 	  296995 	   16 
      0 	  200943 	   21 	  289025 	   15 
      0 	  200553 	   10 	  300791 	   62 
      0 	  196990 	   12 	  281596 	   16 
      0 	  206672 	   22 	  286743 	   22 
      0 	  207897 	   23 	  276468 	   33 
      0 	  197018 	   12 	  276398 	   16 
      0 	  204136 	   12 	  284301 	   23 
      0 	  201364 	   10 	  290758 	   44 
      0 	  216101 	   28 	  280458 	   17 
      0 	  198472 	   10 	  276298 	   19 
      0 	  201935 	   14 	  279864 	   36 
      0 	  198548 	   11 	  279927 	   17 
      0 	  220681 	   29 	  277279 	   22 
      0 	  194281 	   12 	  274548 	   25 
      0 	  200059 	   36 	  283138 	   15 
      0 	  190368 	   13 	  277066 	   15 
      0 	  191601 	   14 	  271780 	   12 
      0 	  196146 	   15 	  288321 	   50 
      0 	  196218 	   11 	  285323 	   20 
      0 	  195699 	    9 	  278273 	   17 
      0 	  199949 	   17 	  278399 	   35 
      0 	  192096 	   12 	  284409 	   59 
      0 	  197720 	   12 	  291434 	   19 
      0 	  201934 	   14 	  286048 	   14 
      0 	  227199 	   36 	  288139 	   21 
      0 	  220482 	   40 	  284913 	   23 
      0 	  201383 	   15 	  280206 	   12 
      0 	  193103 	   13 	  278304 	   34 
      6 	  212359 	  117 	  268644 	   21 
      0 	  199453 	   11 	  277773 	   14 
     14 	  214218 	   28 	  272069 	   19 
      7 	  199596 	   14 	  280358 	   19 
      0 	  203395 	   14 	  310890 	   45 
      0 	  201877 	   16 	  274399 	   20 
      0 	  211685 	   31 	  286974 	    9 
      0 	  200544 	   11 	  249391 	   20 
      0 	  214169 	   28 	  242314 	   21 
      0 	  203305 	   15 	  247413 	   25 
      0 	  203590 	   12 	  263807 	   16 
      0 	  204819 	   14 	  266034 	   16 
      0 	  219229 	   30 	  270064 	   22 
      0 	  209505 	   15 	  291690 	   30 
      0 	  208537 	   14 	  294952 	   94 
      0 	  211285 	   14 	  271135 	   16 
      0 	  202341 	    9 	  265613 	   10 
      0 	  211930 	   17 	  265229 	   23 
      0 	  213054 	   26 	  286935 	   21 
      0 	  208318 	   13 	  282200 	   42 
      0 	  208358 	   16 	  271687 	   22 
      0 	  206665 	   30 	  275771 	   23 
      0 	  205696 	    9 	  279575 	   23 
      0 	  216748 	   16 	  277485 	   21 
      0 	  204690 	   12 	  283266 	   23 
      0 	  202089 	   16 	  270602 	   37 
      0 	  235584 	   54 	  262667 	   23 
      0 	  201533 	   15 	  267878 	   18 
      0 	  207769 	   18 	  261329 	   19 
      0 	  201153 	   15 	  286488 	   39 
      0 	  206651 	   27 	  268704 	   30 
      0 	  202808 	   13 	  266780 	   15 
      0 	  206385 	   18 	  275759 	   30 
      0 	  201922 	   15 	  319030 	   35 
      0 	  214424 	   40 	  267701 	   15 
      0 	  201209 	   14 	  293324 	   97 
      0 	  200832 	   18 	  277885 	   20 
      0 	  199484 	   13 	  276300 	   21 
      0 	  202586 	   32 	  286566 	   25 
      0 	  202544 	   17 	  274943 	   21 
      0 	  201969 	   16 	  274335 	   28 
      0 	  198922 	   17 	  279171 	   19 
      0 	  207957 	   22 	  275549 	   24 
      0 	  202150 	   10 	  289747 	   20 
      0 	  203144 	   15 	  281937 	   20 
      0 	  196033 	    9 	  265768 	   23 
      0 	  202875 	   11 	  298844 	   72 
      0 	  214438 	   45 	  269195 	   19 
      0 	  204322 	   11 	  270561 	   32 
      0 	  208176 	   15 	  279131 	   18 
      0 	  206246 	   15 	  272802 	   24 
      0 	  206452 	   19 	  279944 	   27 
      0 	  207300 	   29 	  272495 	   16 
      0 	  215523 	   49 	  270554 	   32 
      0 	  204716 	   12 	  278410 	   21 
      0 	  217852 	   20 	  281031 	   24 
      0 	  204841 	   10 	  291661 	   78 
      0 	  215276 	   19 	  271160 	   23 
      0 	  200740 	   13 	  270492 	   22 
      0 	  207489 	   17 	  275299 	   30 
      0 	  203910 	   11 	  267548 	   20 
      0 	  215106 	   28 	  282474 	   43 
      0 	  201238 	   13 	  275242 	   20 
      0 	  190227 	   12 	  275144 	   19 
      0 	  199467 	   17 	  284750 	   26 
      0 	  203601 	   17 	  282985 	   28 
      0 	  196611 	   14 	  270815 	   62 
      0 	  198030 	   21 	  258908 	   17 
      0 	  221293 	   29 	  264034 	   15 
      0 	  211535 	   24 	  268955 	   27 
      0 	  194063 	   12 	  273925 	   16 
      0 	  201448 	   20 	  276242 	   34 
      0 	  203177 	   17 	  265474 	   17 
      0 	  202551 	   11 	  275941 	   29 
      0 	  203364 	   18 	  278484 	   29 
      0 	  199580 	   20 	  268209 	   30 
      0 	  189733 	    9 	  225711 	  125 
      0 	  194286 	   13 	   81125 	   29 
      0 	  191310 	   15 	   87744 	   19 
      0 	  202070 	   12 	   67802 	    7 
      0 	  193187 	   15 	   69027 	    5 
      0 	  216465 	   24 	   65151 	    7 
      0 	  225048 	   88 	   65346 	   10 
      0 	  192643 	   14 	   75230 	   11 
      0 	  196509 	   13 	   44328 	    7 
      0 	  190058 	   12 	   52856 	    5 
      0 	  196492 	   19 	   51672 	    8 
      0 	  199206 	   16 	   66534 	    6 
      0 	  197407 	   11 	   68690 	   12 
      0 	  213419 	   33 	   51404 	   12 
      0 	  194406 	   15 	   54635 	    7 
      0 	  209077 	   23 	   46893 	    6 
      0 	  200928 	    8 	   38112 	   13 
      0 	  207574 	   20 	   45938 	   18 
      0 	  196504 	   15 	   30709 	    3 
      0 	  209416 	   28 	   39874 	    5 
      0 	  199910 	   19 	  104546 	   34 
      0 	  194300 	   37 	  118157 	   13 
      0 	  191688 	   16 	   73000 	   14 
      0 	  190078 	   12 	   77783 	   12 
      0 	  193911 	   14 	  148853 	   10 
      0 	  192341 	    9 	  180348 	    8 
      0 	  190861 	   10 	  187639 	   17 
      0 	  205486 	   33 	   82661 	   16 
      0 	  191295 	   12 	   79202 	    9 
      0 	  198260 	   13 	  163149 	   49 
      0 	  199960 	   15 	  237587 	   12 
      0 	  217018 	   31 	  262830 	   14 
      0 	  213929 	   26 	  172549 	   19 
      0 	  200223 	   22 	  125688 	    9 
      0 	  204736 	   85 	  197601 	   15 
      0 	  204609 	   12 	  271977 	   13 
      0 	  203648 	   16 	  273364 	   18 
      0 	  198954 	   15 	  273048 	   24 
      0 	  201678 	   21 	  255627 	   11 
      0 	  196132 	   16 	  239940 	   46 
      0 	  197902 	   18 	   49662 	    8 
      0 	  198871 	   14 	   54386 	    5 
      0 	  205153 	   25 	   65590 	   21 
      0 	  198654 	   19 	   60720 	   28 
      0 	  201920 	   20 	   39895 	    4 
      0 	  197288 	   22 	   47124 	    9 
      0 	  209929 	   20 	   48603 	    6 
      0 	  198753 	   13 	   57453 	    7 
      0 	  190429 	   13 	   38556 	   11 
      0 	  208846 	   24 	   33893 	    6 
      0 	  217627 	   64 	   43182 	    9 
      0 	  195546 	   17 	   38214 	   11 
      0 	  203024 	   18 	   56671 	   12 
      0 	  200508 	   20 	   44490 	    8 
      0 	  199119 	   16 	   70865 	   31 
      0 	  205475 	   18 	  244588 	   36 
      0 	  197213 	   14 	  125955 	   38 
      0 	  198776 	   20 	   78804 	    8 
      0 	  192800 	    9 	   65394 	    7 
      0 	  193318 	   16 	  135653 	   18 
      0 	  197198 	   17 	  171278 	   14 
      0 	  201731 	   26 	  217815 	   12 
      0 	  208779 	   17 	   95472 	   23 
      0 	  195440 	   22 	   53613 	    6 
      0 	  219665 	   68 	   63714 	   10 
      0 	  194247 	   19 	  143269 	   19 
      0 	  203067 	   16 	  158745 	   22 
      0 	  197535 	   16 	  128704 	   15 
      0 	  196031 	   14 	  143250 	   47 
      0 	  191905 	   14 	   85743 	    7 
      0 	  191854 	   10 	  126553 	   11 
      0 	  211114 	   33 	   70433 	   12 
      0 	  199556 	   15 	  159532 	   23 
      0 	  198645 	   15 	  151350 	   14 
      0 	  201587 	   17 	  198612 	   11 
      0 	  203603 	   14 	   84324 	   17 
      0 	  195109 	   16 	   84915 	   11 
      0 	  207966 	   22 	   66858 	   27 
      0 	  198350 	   17 	   50152 	    6 
      0 	  191997 	   59 	   58630 	    5 
      0 	  190607 	   14 	   75785 	   29 
      0 	  189708 	   13 	   35643 	   20 
      0 	  193990 	   22 	   42064 	    7 
      0 	  198489 	   14 	   39366 	    7 
      0 	  193015 	   12 	   41045 	    5 
      0 	  208141 	   28 	   44122 	    9 
      0 	  192113 	   11 	   46099 	    7 
      0 	  196884 	   11 	   46752 	    6 
      0 	  200458 	   21 	   57593 	    8 
      0 	  195191 	   14 	   48901 	   12 
      0 	  203596 	   22 	   48480 	    9 
      0 	  200191 	   19 	   45211 	    8 
      0 	  205539 	  114 	  208457 	   30 
      0 	  223065 	   49 	  242212 	   19 
      0 	  216093 	   39 	  255973 	   19 
      0 	  217276 	   34 	  108134 	   11 
      0 	  220037 	   32 	  180618 	   13 
      0 	  212513 	   29 	  210428 	   30 
      0 	  231336 	   69 	  274845 	   17 
      0 	  212591 	   18 	  268385 	   20 
      0 	  211569 	   28 	  262164 	   18 
      0 	  208823 	   22 	  258986 	   16 
      0 	  207489 	   16 	  199335 	   50 
      0 	  214031 	   22 	  252841 	   32 
      0 	  212729 	   49 	  100806 	   39 
      0 	  195946 	   12 	   61858 	    4 
      0 	  200900 	    9 	   81547 	    6 
      0 	  196585 	   12 	   75099 	   16 
      0 	  207880 	   22 	   50890 	    8 
      0 	  207745 	   15 	   66721 	   10 
      0 	  200741 	   15 	  132477 	   13 
      0 	  195895 	   10 	  162966 	   12 
      0 	  196489 	   12 	  243418 	   16 
      0 	  197719 	   21 	  156078 	   23 
      0 	  200310 	   17 	  147456 	   20 
      0 	  206079 	   10 	  143926 	   17 
      0 	  198180 	   11 	   74765 	   48 
      0 	  227772 	   69 	   40489 	    9 
      0 	  213922 	   28 	   47761 	    6 
     28 	  218674 	   37 	   49354 	   12 
     17 	  220100 	   52 	   52702 	    8 
      0 	  207390 	   44 	   59182 	   14 
      0 	  211978 	   22 	   46268 	    6 
      0 	  211754 	   15 	   55357 	    7 
      0 	  206936 	   15 	   57309 	   10 
      0 	  207066 	   36 	   62519 	    7 
      0 	  212225 	   27 	   70252 	    8 
     28 	  223032 	   55 	   66279 	   46 
      0 	  210872 	   19 	   62728 	    9 
      0 	  215917 	   33 	   70938 	   20 
      0 	  205686 	   12 	  128872 	   13 
      0 	  202941 	   18 	  126056 	   14 
      0 	  210242 	   19 	  148510 	   19 
      0 	  217423 	   43 	   74281 	   10 
      0 	  224206 	   51 	   82970 	    9 
      0 	  218649 	   33 	  135062 	   22 
      0 	  217415 	   48 	  166475 	   13 
      0 	  197174 	   11 	  170538 	   57 
      0 	  199038 	   20 	   57363 	   10 
      0 	  193835 	   10 	   65603 	    9 
      0 	  209973 	   20 	   75352 	   13 
      0 	  205756 	   15 	   70856 	    9 
      0 	  195963 	   22 	  104159 	   24 
      0 	  195573 	   20 	   94441 	    8 
      0 	  194328 	   12 	  177946 	   13 
      0 	  196431 	   19 	  144375 	   19 
      0 	  197654 	   10 	  146562 	   14 
      0 	  205059 	   14 	  218518 	   14 
      0 	  209442 	   49 	   99576 	   61 
      0 	  204079 	   48 	  151631 	   10 
      0 	  206887 	   38 	  216151 	   28 
      0 	  202041 	   28 	  248448 	   13 
      0 	  215274 	   24 	  237640 	   31 
      0 	  206044 	   15 	  236826 	   19 
      0 	  214303 	   28 	  270528 	   28 
      0 	  213653 	   27 	  276004 	   18 
      0 	  221061 	   86 	  280774 	   23 
     25 	  213259 	   39 	  250753 	   94 
      0 	  211444 	   65 	  270864 	   20 
      0 	  207710 	   30 	  271868 	   49 
      0 	  212351 	   32 	  278942 	   36 
      0 	  212955 	   31 	  237731 	   14 
      0 	  203852 	   16 	  251363 	   17 
      0 	  202832 	   61 	  248199 	   18 
      0 	  216961 	   36 	  228426 	   25 
      0 	  216498 	   29 	  208072 	   15 
      0 	  206988 	   21 	  168472 	   13 
      0 	  223796 	   51 	  164683 	   14 
      0 	  200748 	   19 	  247512 	   16 
      0 	  195504 	   16 	  211588 	   16 
      0 	  205457 	   28 	  186998 	   27 
      0 	  198987 	   17 	  162413 	   13 
      0 	  199168 	   25 	  131846 	   12 
      0 	  197118 	   16 	  128074 	   16 
      0 	  201794 	   17 	  124118 	   35 
      0 	  197120 	   19 	  105724 	    9 
      0 	  250131 	   71 	  105878 	   12 
      0 	  211761 	   12 	  192965 	   40 
   4107 	  239867 	   50 	  274854 	   19 
  13724 	  196022 	   37 	  247065 	   19 
      0 	  221223 	   31 	  279471 	   19 
      0 	  205833 	   12 	  273350 	   19 
      0 	  211685 	   16 	  279639 	   15 
      0 	  211943 	   13 	  262315 	   31 
      0 	  209607 	   13 	  270772 	   25 
      0 	  227197 	   28 	  255245 	   13 
      0 	  219871 	   16 	  252202 	   41 
      0 	  220666 	   22 	  259864 	   19 
      0 	  205975 	   12 	  278394 	   14 
      0 	  218461 	   22 	  266219 	   27 
      0 	  220241 	   27 	  277873 	   18 
      0 	  218638 	   15 	  278553 	   25 
      0 	  225968 	   20 	  273790 	   28 
      0 	  225041 	   39 	  246555 	   15 
      0 	  217584 	   47 	  249130 	   21 
      0 	  205136 	   13 	  264509 	   13 
     69 	  202689 	   15 	  266418 	   59 
    150 	  206052 	    9 	  217752 	   16 
      0 	  203961 	   16 	  200306 	   10 
      0 	  203043 	   13 	  175095 	   23 
      0 	  199953 	   13 	  179292 	   62 
      0 	  196668 	   12 	  187453 	   29 
      0 	  216361 	   28 	  162900 	   46 
     10 	  207518 	   21 	  142975 	   13 
      0 	  202623 	   12 	  165354 	    9 
      0 	  202281 	   13 	  133233 	   12 
      0 	  195418 	   34 	  112720 	   18 
      0 	  197688 	   16 	  110092 	   10 
      0 	  196641 	   13 	   93927 	   12 
      0 	  198924 	   23 	   97144 	   14 
      0 	  197271 	   12 	   91667 	   18 
      0 	  199386 	   14 	   98342 	   10 
      0 	  200495 	   21 	   88173 	    6 
      0 	  214504 	   21 	  126880 	   14 
      0 	  197002 	   11 	  136559 	   11 
      0 	  201706 	   12 	   90781 	    9 
     16 	  205115 	   18 	  108757 	    9 
      0 	  197209 	    9 	  106657 	   10 
      0 	  201554 	   14 	   77727 	    6 
     23 	  216867 	   54 	   69581 	   24 
      0 	  216660 	   15 	   56651 	    4 
      0 	  222026 	   20 	   72958 	   20 
      0 	  221030 	   21 	   68120 	   10 
      0 	  229358 	   67 	   73053 	   11 
      0 	  208634 	   11 	   59365 	    5 
      4 	  223823 	   47 	  181498 	   48 
      0 	  217603 	   24 	  240653 	   14 
      0 	  224505 	   25 	  270799 	   17 
      0 	  215706 	   18 	  229566 	   20 
      0 	  214905 	   31 	  255899 	   27 
      0 	  214122 	   24 	  270117 	   17 
      0 	  210501 	   19 	  271567 	   17 
      0 	  209271 	   17 	  250554 	   24 
      0 	  205387 	   33 	  261886 	   19 
      0 	  203469 	   24 	  220379 	   39 
      0 	  202258 	   53 	  152986 	   12 
      8 	  205224 	   14 	  157113 	   11 
     12 	  194836 	   16 	  203768 	   44 
     27 	  203038 	   17 	  154830 	   38 
      0 	  208778 	   30 	  134382 	   11 
      0 	  196114 	   16 	  101468 	   11 
      0 	  204276 	   15 	  109356 	   12 
      0 	  198832 	   15 	  130744 	   18 
      0 	  205750 	   19 	  181310 	   18 
      2 	  204061 	   17 	  196741 	   13 
      2 	  198275 	   14 	  242896 	   15 
      0 	  221006 	   36 	  203240 	   21 
      0 	  224238 	   19 	  219667 	   23 
      0 	  220553 	   42 	  247778 	   17 
      0 	  217617 	   38 	  262086 	   33 
      0 	  223369 	   18 	  268040 	   18 
      0 	  218143 	   25 	  264213 	   15 
      0 	  214931 	   20 	  274765 	   23 
      0 	  206339 	   14 	  273739 	   17 
      0 	  209999 	   17 	  268060 	   29 
      0 	  210773 	   19 	  272775 	   16 
      0 	  211427 	   23 	  267521 	   20 
      0 	  196952 	   11 	  270349 	   21 
      0 	  195707 	   34 	  273710 	   22 
     50 	  194238 	   11 	  279998 	   50 
     10 	  192015 	   13 	  281404 	   56 
     33 	  200627 	   18 	  277041 	   48 
      0 	  195623 	   11 	  275079 	   14 
      0 	  202264 	   16 	  270411 	   15 
      0 	  196639 	   13 	  273438 	   28 
      0 	  198723 	   23 	  271039 	   25 
      0 	  194765 	   18 	  271825 	   21 
      0 	  200562 	   17 	  274733 	   24 
      0 	  195264 	   15 	  270629 	   15 
      0 	  198621 	   17 	  271640 	   17 
      0 	  200412 	   16 	  272681 	   24 
      0 	  196029 	   13 	  268044 	   25 
      0 	  207616 	   49 	  261310 	   19 
      0 	  199155 	   23 	  153442 	   81 
      0 	  203720 	   43 	  108766 	   10 
      0 	  198934 	   12 	  152331 	    9 
      0 	  200057 	   12 	  118277 	   11 
      0 	  197613 	   15 	  100663 	   13 
      0 	  201146 	   18 	  120217 	    8 
     26 	  200847 	   25 	  197704 	   35 
  15314 	  179072 	   13 	  220413 	   17 
    158 	  198522 	   14 	  252049 	   20 
      0 	  197903 	   20 	  177447 	    8 
      0 	  194783 	    9 	  228524 	   18 
      0 	  199753 	   13 	  129425 	   31 
      0 	  195963 	   14 	   63447 	   12 
      0 	  205053 	   19 	   74420 	    7 
      0 	  198182 	   20 	   53762 	    7 
      0 	  204379 	   23 	   61606 	    7 
      0 	  200090 	   17 	   71700 	   28 
      0 	  200052 	   69 	   97260 	    7 
      0 	  215504 	   33 	  143071 	   17 
      0 	  217008 	   22 	   78400 	   13 
      0 	  211098 	   38 	   74040 	   14 
      0 	  205764 	   14 	  119319 	   83 
      1 	  199692 	   14 	  268294 	   11 
      0 	  199586 	   20 	  274075 	   20 
     11 	  203714 	   18 	  271176 	   21 
      4 	  196751 	   10 	  261945 	   23 
      0 	  202229 	   38 	  264083 	   36 
      0 	  206386 	   41 	  271973 	   14 
      0 	  202764 	   30 	  244017 	   17 
     10 	  202736 	   75 	  252167 	   22 
      0 	  194758 	   13 	  266358 	   21 
      0 	  200185 	   17 	  241845 	   15 
      0 	  193524 	   10 	  227391 	   40 
     12 	  195916 	   15 	  248469 	   19 
      0 	  191968 	    9 	  160851 	   18 
      0 	  192240 	   17 	  189689 	   18 
     23 	  195488 	   32 	  233900 	   36 
      0 	  198102 	   14 	  260820 	   25 
      0 	  203414 	   15 	  261768 	   18 
      0 	  202874 	   18 	  273404 	   23 
      0 	  201172 	   18 	  275609 	   25 
    732 	  190415 	   10 	  320029 	   75 
     66 	  195673 	   22 	  293340 	   57 
      0 	  194859 	   40 	  280878 	   16 
      0 	  191570 	   15 	  272321 	   12 
      0 	  191582 	   20 	  282549 	   30 
      0 	  201019 	   22 	  295949 	   49 
      0 	  202880 	   24 	  270218 	   12 
      0 	  199000 	   39 	  280653 	   20 
      0 	  193020 	   10 	  286729 	   22 
      0 	  193511 	   21 	  255392 	   14 
      0 	  194898 	   24 	  202978 	   15 
      0 	  198556 	   13 	  214071 	   14 
      0 	  204046 	   25 	  278525 	   19 
      0 	  199388 	   20 	  247342 	   45 
      0 	  221563 	  103 	  233673 	   11 
      0 	  201967 	   17 	  225484 	   15 
      0 	  202013 	   10 	  267743 	   23 
      0 	  197631 	   12 	  290230 	   30 
      0 	  203695 	   15 	  284406 	   12 
      0 	  207133 	   27 	  276781 	   19 
      0 	  218902 	   46 	  284255 	   20 
      0 	  197847 	   11 	  282309 	   27 
      0 	  195646 	    6 	  270045 	   15 
      0 	  203891 	   24 	  123767 	   33 
      0 	  207676 	   19 	   90789 	   19 
      0 	  199933 	   14 	   67168 	    7 
      0 	  206614 	   10 	   70688 	   15 
      0 	  212689 	   14 	   74673 	    9 
      0 	  212530 	   17 	   91794 	   12 
      0 	  200006 	    8 	  107041 	   18 
      2 	  205035 	   15 	  258815 	   76 
      0 	  213558 	   45 	  272666 	   16 
      0 	  212100 	   13 	  274840 	   14 
     34 	  202937 	   20 	  287135 	   21 
   7330 	  199736 	   22 	  257946 	   14 
      0 	  201703 	   18 	  280450 	   15 
      0 	  209056 	   26 	  278230 	   35 
      0 	  206271 	   10 	  275869 	   12 
      0 	  205664 	   15 	  271467 	   17 
      0 	  199928 	   19 	  285387 	   24 
      0 	  207633 	   20 	  275785 	   21 
      0 	  204092 	   24 	  278202 	   12 
      0 	  200060 	   11 	  258489 	   33 
      0 	  212789 	   31 	   96602 	   13 
      0 	  209494 	   25 	   74573 	    6 
      2 	  215560 	   27 	   76601 	    8 
    617 	  225681 	   81 	   63998 	   10 
      0 	  206486 	   21 	   63992 	   14 
      0 	  205300 	   17 	   53243 	    7 
      0 	  205141 	   14 	   76910 	   23 
      0 	  207028 	   18 	   77874 	    9 
      0 	  203688 	   11 	   67875 	   10 
      0 	  200535 	    8 	   65575 	   13 
      0 	  206895 	   15 	   59090 	   13 
      0 	  203391 	   12 	   72093 	   13 
      2 	  216433 	   35 	  111403 	   19 
      0 	  203507 	   13 	  163259 	   19 
      0 	  202337 	   17 	  175550 	   13 
   5992 	  195637 	   14 	  193549 	   78 
  12051 	  204584 	   17 	  267658 	   18 
      0 	  202694 	   19 	  281516 	   26 
  20513 	  176799 	    8 	  264983 	   28 
      0 	  200844 	   15 	  272503 	   26 
  10180 	  189166 	   32 	  271820 	   16 
      0 	  219823 	   29 	  287813 	   44 
      0 	  210888 	   20 	  285919 	   21 
      0 	  217813 	   38 	  293254 	   24 
      0 	  214108 	   28 	  284311 	   28 
      0 	  209063 	   33 	  279744 	   25 
      0 	  206188 	   18 	  282127 	   18 
      0 	  207920 	   14 	  225366 	   44 
     13 	  212979 	   69 	  124980 	   16 
      0 	  201089 	   16 	   78244 	   18 
      0 	  202501 	   18 	  118128 	   17 
      0 	  206498 	   17 	  140216 	   18 
      0 	  205080 	   25 	   93582 	   10 
      2 	  199701 	   20 	  188930 	   36 
      0 	  202581 	   16 	  266269 	   23 
      0 	  199701 	   15 	  268908 	   25 
      0 	  208429 	   36 	  261692 	   17 
      0 	  201391 	   14 	  280224 	   21 
      0 	  208012 	   23 	  242540 	   24 
      0 	  209825 	   19 	  237911 	   30 
      0 	  210719 	   27 	  191561 	   13 
      1 	  201397 	   16 	  218524 	   16 
      2 	  208692 	   19 	  265411 	   28 
      7 	  203192 	   16 	  261480 	   21 
     89 	  197811 	   14 	  278767 	  121 
      0 	  222394 	   57 	  272335 	   45 
      0 	  215300 	   29 	  265890 	   36 
      0 	  211510 	   15 	  247464 	   20 
      0 	  225616 	   44 	  242653 	   16 
      0 	  216282 	   18 	  243617 	   22 
      0 	  205744 	   13 	  227378 	   23 
      0 	  217862 	   25 	  248280 	   18 
      0 	  202526 	   11 	  216981 	   13 
      0 	  213390 	   25 	  224195 	   31 
      0 	  205508 	   20 	  191892 	   13 
      0 	  206921 	   25 	  166176 	   16 
      0 	  214993 	   30 	  155538 	   16 
      0 	  217133 	   16 	  170728 	   12 
      0 	  217696 	   22 	  135471 	   14 
      0 	  208059 	   17 	  128460 	   17 
      0 	  196605 	   14 	  124680 	   34 
      0 	  209615 	  103 	  112237 	    6 
      0 	  208320 	   38 	  101357 	   11 
      1 	  219507 	   29 	  153105 	   46 
      0 	  207798 	   16 	  273960 	   20 
      0 	  212449 	   16 	  279731 	   23 
      0 	  207177 	   19 	  264583 	   18 
      0 	  207468 	   12 	  277093 	   19 
      0 	  220283 	   18 	  280813 	   25 
      0 	  207909 	   22 	  266700 	   33 
      0 	  217653 	   16 	  267665 	   23 
      0 	  221432 	   35 	  256738 	   13 
      0 	  217515 	   13 	  254954 	   39 
      0 	  226235 	   22 	  263783 	   20 
      0 	  220058 	   19 	  275313 	   23 
      0 	  226996 	   21 	  270314 	   26 
      0 	  223689 	   32 	  270505 	   23 
      0 	  216156 	   45 	  278654 	   20 
      0 	  205362 	   14 	  283037 	   32 
      0 	  209375 	   16 	  247066 	   18 
      0 	  205327 	    8 	  236059 	   10 
      0 	  203892 	   17 	  268607 	   18 
      0 	  198800 	   14 	  256758 	   15 
     21 	  199733 	   18 	  237297 	   52 
      0 	  198002 	   13 	  208463 	   13 
     20 	  213740 	   23 	  172959 	   19 
     20 	  207339 	   19 	  189771 	   71 
      0 	  203185 	   10 	  184775 	   31 
    245 	  208081 	   34 	  166695 	   44 
      0 	  191320 	   10 	  131988 	    9 
      0 	  198788 	   18 	  173517 	   12 
      0 	  196231 	   12 	  128371 	    9 
      0 	  201241 	   19 	  120625 	   10 
      0 	  196282 	   14 	  111266 	   16 
      0 	  199772 	   18 	   98697 	    5 
      0 	  199633 	   15 	   96335 	   16 
      0 	  211753 	   24 	   84410 	    5 
      0 	  198310 	   14 	  106825 	   19 
      0 	  202650 	   13 	   94401 	    6 
     63 	  207777 	   19 	  111368 	   11 
      0 	  199773 	   12 	  142979 	    7 
      0 	  203858 	   16 	   96475 	   10 
     12 	  215523 	   55 	   98705 	   11 
      0 	  216189 	   19 	  119466 	   10 
      0 	  225529 	   25 	   75228 	    7 
      0 	  210278 	   12 	   75328 	   14 
     10 	  229852 	   68 	   55860 	   16 
      0 	  209676 	   13 	   68221 	   17 
      0 	  225290 	   56 	   71630 	    8 
      0 	  214796 	   15 	   66794 	   11 
      0 	  226900 	   23 	   66194 	    6 
      0 	  213351 	   13 	  134285 	   26 
      0 	  213807 	   32 	  255193 	   19 
      0 	  214828 	   25 	  243756 	   18 
      0 	  210242 	   19 	  271558 	   24 
      0 	  209720 	   28 	  264968 	   18 
      0 	  206413 	   31 	  266429 	   21 
      0 	  200722 	   23 	  250288 	   26 
     15 	  197258 	   29 	  237769 	   24 
      0 	  196999 	   15 	  258133 	   14 
   7437 	  202032 	   14 	  229110 	   51 
    104 	  205072 	   22 	  162645 	   13 
      0 	  195783 	   13 	  146205 	   13 
      0 	  196529 	   18 	  178084 	   32 
      0 	  198249 	   11 	  268779 	   43 
     81 	  203187 	   23 	  268136 	   18 
      3 	  204832 	   21 	  268122 	   17 
      0 	  202532 	   17 	  269164 	   24 
      0 	  200714 	   18 	  265998 	   23 
      0 	  225879 	   49 	  272578 	   27 
      0 	  218620 	   16 	  268491 	   19 
      0 	  221085 	   32 	  265048 	   16 
     13 	  202147 	   37 	  276597 	   21 
      0 	  193953 	   15 	  270571 	   18 
     38 	  197122 	   17 	  287679 	   62 
      0 	  194249 	   14 	  280963 	   41 
      0 	  198090 	   22 	  172163 	   51 
      0 	  194310 	   15 	  135022 	   14 
      0 	  196567 	   19 	  106849 	   16 
      0 	  195652 	   12 	  101251 	    6 
      0 	  196644 	   25 	  135431 	   13 
      0 	  194126 	   16 	  190357 	    9 
     38 	  198736 	   14 	  230516 	   17 
      0 	  200190 	   18 	  226628 	   23 
      0 	  198509 	   15 	  212588 	   24 
      0 	  200432 	   13 	  169803 	   24 
      0 	  211867 	   49 	  244089 	   11 
   6391 	  196884 	   32 	  263378 	   47 
      0 	  205191 	   47 	  273792 	   15 
      0 	  221119 	   23 	  267869 	   17 
      0 	  216692 	   18 	  275580 	   27 
      0 	  219853 	   17 	  274814 	   23 
      0 	  203995 	   14 	  270542 	   16 
      0 	  207708 	   21 	  271698 	   18 
      0 	  212242 	   12 	  272052 	   26 
     16 	  216224 	   24 	  266038 	   26 
      0 	  204066 	   15 	  274260 	   10 
     35 	  202593 	   35 	  274277 	   31 
      0 	  199729 	   13 	  275645 	   15 
      0 	  200286 	   16 	  181468 	  104 
      0 	  195245 	   14 	  113058 	   10 
      0 	  202647 	   21 	  146221 	   12 
      0 	  202943 	   20 	  132126 	   13 
      0 	  197207 	   11 	   96833 	   11 
      0 	  196017 	   15 	  117895 	    9 
      0 	  200540 	   10 	  183851 	   16 
      0 	  203635 	   22 	  227694 	   16 
      0 	  198929 	   13 	  266399 	   11 
      0 	  203139 	   24 	  191476 	   18 
      0 	  198171 	   13 	  218682 	   10 
      0 	  194553 	   13 	  162040 	   34 
      0 	  201979 	   24 	   65974 	    6 
      0 	  202701 	   14 	   74344 	    6 
      0 	  206634 	   82 	   59006 	    7 
      0 	  215934 	   37 	   57927 	    7 
      0 	  215176 	   21 	   62446 	    5 
     20 	  214079 	   18 	  101555 	   14 
      0 	  211296 	   16 	  141001 	   11 
      0 	  207307 	   10 	   84871 	   12 
      0 	  200574 	   18 	   67611 	    7 
      0 	  206094 	   12 	   78621 	    8 
      0 	  197119 	    9 	  278825 	   52 
      0 	  199850 	   43 	  281444 	   13 
      3 	  209560 	   33 	  272502 	   26 
      1 	  205084 	   28 	  265937 	   19 
      0 	  204962 	   55 	  263123 	   14 
      7 	  203690 	   17 	  247690 	   23 
      0 	  196854 	   10 	  265175 	   17 
      0 	  196897 	    9 	  259264 	   29 
      2 	  199477 	   18 	  264941 	   11 
      0 	  193801 	   15 	  247828 	   15 
     61 	  189379 	    8 	  239434 	   45 
  31183 	  166144 	   17 	  205691 	   14 
      0 	  207388 	   17 	  193736 	   21 
      0 	  196511 	   11 	  156183 	   12 
      0 	  203740 	   14 	  233611 	   27 
      0 	  200881 	   21 	  270338 	   14 
      2 	  190590 	   13 	  264927 	   19 
      0 	  199194 	   14 	  283003 	   32 
      0 	  198035 	   44 	  293335 	   20 
   7574 	  185393 	   17 	  314451 	   74 
  37958 	  150685 	    8 	  269370 	   54 
      0 	  206594 	   26 	  278166 	   19 
      0 	  209026 	   20 	  275242 	   14 
      0 	  200206 	   27 	  286343 	   32 
      0 	  196989 	   10 	  286633 	   50 
      0 	  201104 	   16 	  277242 	   16 
      0 	  199911 	   30 	  274036 	   14 
      0 	  208205 	   14 	  286802 	   49 
      0 	  216530 	   15 	  270320 	   16 
      0 	  208711 	   14 	  212057 	   14 
      0 	  227786 	   93 	  198688 	   19 
      0 	  200795 	   16 	  275811 	   18 
      0 	  200857 	   15 	  259642 	   15 
      0 	  199417 	   14 	  238623 	   27 
      0 	  204310 	   15 	  227836 	   11 
     21 	  207335 	   29 	  253587 	   20 
     37 	  216226 	   43 	  288429 	   25 
      0 	  197060 	   19 	  280342 	   14 
      0 	  197743 	   13 	  280599 	   13 
      0 	  201626 	   15 	  287729 	   18 
     12 	  207442 	   37 	  276105 	   33 
      0 	  200261 	   11 	  273711 	   20 
     46 	  208362 	   12 	  169751 	   37 
    105 	  212540 	   11 	   96295 	   16 
      0 	  210832 	   14 	   67358 	   11 
      0 	  202014 	    9 	   68670 	    9 
      0 	  207164 	   16 	   65168 	   10 
     44 	  215459 	   31 	   97808 	    8 
      0 	  208624 	   10 	  106751 	    7 
    201 	  205244 	   14 	  209007 	   82 
      0 	  204837 	   20 	  260938 	   16 
      0 	  201780 	   21 	  277453 	   16 
      0 	  209440 	   19 	  281299 	   28 
      0 	  207570 	   19 	  280563 	   21 
      0 	  201772 	    8 	  278980 	   18 
      2 	  200742 	   14 	  288940 	   23 
      0 	  212535 	   32 	  287418 	   15 
      0 	  199362 	   10 	  258663 	   15 
      4 	  202264 	    9 	  279185 	   24 
      0 	  215438 	   37 	  279545 	   23 
      0 	  211682 	   25 	  271373 	   13 
      0 	  216910 	   19 	  283492 	   18 
     51 	  226589 	   77 	  281820 	   76 
      0 	  204807 	   22 	  279160 	   18 
      0 	  203645 	   14 	  290947 	   43 
      0 	  199172 	   12 	  288661 	   22 
      0 	  209389 	   26 	  295042 	   26 
      0 	  200192 	   17 	  289707 	   35 
      0 	  202645 	   16 	  275190 	   15 
      4 	  201897 	   15 	  282658 	   20 
      0 	  208383 	   21 	  281736 	   30 
      0 	  204568 	   15 	  276718 	   23 
      0 	  206195 	   10 	  281084 	   20 
      0 	  206806 	   11 	  280090 	   14 
      0 	  199723 	   18 	  110335 	   36 
      0 	  218603 	   27 	   89571 	    6 
      0 	  202604 	   12 	   76414 	    9 
      0 	  195467 	   10 	   71657 	   16 
      0 	  199775 	   16 	   77800 	    8 
      0 	  204463 	   60 	   68124 	   13 
      0 	  197863 	   15 	   60972 	   12 
      0 	  203917 	   19 	   53155 	    8 
      0 	  203031 	   13 	   74900 	   17 
      0 	  210931 	   26 	   56361 	   12 
      0 	  204621 	   17 	   64161 	   11 
      0 	  209677 	   20 	   75765 	   14 
      0 	  210292 	   17 	   96734 	   17 
      0 	  210027 	   32 	  177277 	   16 
      0 	  201472 	   16 	  163954 	   13 
      0 	  201550 	   19 	  166103 	   33 
      0 	  197616 	   14 	  110019 	    9 
      0 	  203195 	   22 	  218878 	   38 
      0 	  204954 	   22 	  269273 	   13 
      0 	  205227 	   20 	  159098 	   28 
      0 	  200093 	   13 	  104234 	   13 
      0 	  199683 	   17 	  153865 	   16 
      0 	  227427 	   45 	   86273 	   13 
      0 	  221028 	   14 	  157898 	   20 
      0 	  212946 	   30 	  273743 	   23 
      0 	  215547 	   23 	  269558 	   18 
      0 	  206030 	   25 	  245331 	   24 
      0 	  216062 	   25 	  244490 	   28 
      0 	  208161 	   15 	  200413 	   13 
      8 	  209834 	   14 	  199414 	   16 
  35298 	  193802 	   42 	  197349 	   21 
   6858 	  220545 	   36 	  273194 	   20 
   1113 	  213966 	   15 	  268343 	  107 
      0 	  204404 	   12 	  274033 	   24 
      0 	  217515 	   29 	  267670 	   17 
      0 	  217852 	   19 	  285801 	   35 
      0 	  221944 	   22 	  289506 	   52 
      0 	  215254 	   19 	  264894 	   16 
      0 	  202610 	   17 	  246800 	   10 
      0 	  201878 	   16 	  199184 	   31 
      0 	  204279 	   22 	  256928 	   14 
      0 	  210058 	   28 	  259908 	   16 
      0 	  206857 	   14 	  188642 	   26 
      0 	  218514 	   16 	  162782 	   12 
      0 	  213484 	   14 	  105975 	   13 
      0 	  204923 	   18 	   85823 	   17 
      0 	  200100 	   94 	   67915 	   10 
      0 	  195034 	   14 	  168671 	   29 
      0 	  198532 	   13 	  185306 	   20 
      0 	  197724 	   14 	  164469 	    9 
      0 	  201217 	   16 	  107990 	    9 
      0 	  206409 	   30 	   80928 	    8 
      5 	  218625 	   39 	   91966 	   24 
      0 	  204579 	   13 	   62951 	   10 
      0 	  201087 	   12 	  151467 	   32 
      0 	  214494 	   32 	  177208 	   23 
      0 	  199427 	   18 	  131291 	   10 
      0 	  201706 	   15 	  152876 	   11 
      0 	  205989 	   16 	   80563 	    8 
      4 	  216223 	   26 	   71836 	   15 
      0 	  220021 	   15 	   58082 	    9 
     80 	  214913 	   36 	  127878 	   86 
      0 	  199157 	   10 	  130184 	    9 
      0 	  218389 	   23 	   87112 	   13 
      0 	  219440 	   19 	  105330 	   16 
      0 	  217474 	   23 	  152600 	   12 
      0 	  209232 	   43 	   74614 	    8 
      0 	  199056 	   12 	   79336 	   14 
      0 	  218839 	   25 	   64843 	    6 
      0 	  207197 	   20 	   62523 	    7 
      0 	  220075 	   20 	   65465 	   13 
      0 	  214155 	   34 	   59339 	    9 
      9 	  227699 	   99 	   64334 	   11 
      0 	  217470 	   25 	   56906 	    7 
     88 	  202840 	   15 	  194346 	   36 
      8 	  210671 	   34 	  191566 	   15 
      0 	  211616 	   29 	  177113 	   24 
      5 	  216437 	   46 	  271364 	   14 
      0 	  203906 	   17 	  250390 	   23 
     22 	  210250 	   20 	  230931 	   22 
      0 	  218961 	   22 	   71699 	    7 
      0 	  198679 	   16 	  158870 	   20 
      0 	  214006 	   24 	  128205 	   11 
     54 	  215183 	   32 	   81366 	   12 
    139 	  216872 	   27 	   83137 	   11 
  13804 	  204394 	   21 	  149198 	   10 
  24456 	  198110 	   38 	   73259 	   40 
  44699 	  163831 	   34 	   16426 	    5 
    712 	  213760 	   20 	   63183 	    6 
      0 	  212097 	   19 	   63545 	   11 
      5 	  214063 	   20 	   67361 	    7 
      0 	  215251 	   22 	   77736 	   13 
      0 	  223192 	   49 	  128184 	   10 
      0 	  219247 	   31 	   78005 	    8 
     40 	  206483 	   18 	   99102 	   20 
   1790 	  211453 	   17 	   89039 	    8 
      0 	  224218 	   26 	  153187 	   10 
      0 	  207066 	   14 	   72324 	   14 
      0 	  204879 	   13 	   75050 	   36 
      0 	  216447 	   25 	   70964 	    7 
   1281 	  208464 	   18 	  167540 	   21 
   2872 	  224977 	   25 	  111751 	    9 
      0 	  217850 	   30 	  144475 	   28 
      0 	  222637 	   24 	  212705 	   16 
     97 	  239183 	  119 	  199265 	   13 
      0 	  208113 	   13 	  275903 	   27 
      0 	  216192 	   13 	  274500 	   19 
      0 	  216243 	   16 	  241069 	   22 
      0 	  208571 	   12 	   66081 	    6 
      0 	  217592 	   32 	  103198 	   12 
      0 	  207700 	   20 	  148013 	   20 
      0 	  205232 	   21 	   48903 	   10 
      0 	  204706 	   18 	   50230 	    8 
      0 	  212635 	   25 	   49076 	   16 
      0 	  207424 	   15 	   64515 	    8 
      0 	  209459 	   17 	   45492 	    7 
      0 	  201606 	   11 	   77297 	    9 
      0 	  209738 	   15 	  125490 	   13 
  19762 	  200770 	   27 	  177106 	  124 
     33 	  211932 	   12 	  288899 	   21 
      0 	  212408 	   21 	  297595 	   16 
      0 	  202853 	   14 	  303068 	   43 
      0 	  206856 	   15 	  284476 	   26 
      0 	  220550 	   23 	  285213 	   22 
      1 	  214111 	   14 	  292167 	   32 
      0 	  219732 	   42 	  287706 	   21 
      0 	  203733 	   15 	  283974 	   20 
      0 	  203544 	   13 	  278659 	   15 
      0 	  221273 	   16 	  296794 	   36 
      0 	  203562 	    8 	  292941 	   19 
      0 	  204820 	   10 	  287878 	   20 
      0 	  208283 	   23 	  290428 	   16 
      0 	  200229 	   10 	  297578 	   29 
    444 	  203068 	   22 	  298639 	   50 
    633 	  224885 	   26 	  283565 	   25 
      0 	  208103 	   11 	  273321 	   14 
      0 	  218814 	   15 	  294747 	   19 
      0 	  202446 	    7 	  295520 	   25 
      0 	  225695 	   15 	  276000 	   17 
      0 	  204559 	    9 	  280553 	   23 
   1213 	  221093 	   29 	  296446 	   32 
      0 	  219081 	   50 	  284285 	   11 
      0 	  209310 	   19 	  266552 	   15 
      0 	  215141 	   14 	  278766 	   18 
      0 	  200925 	   12 	  296708 	   16 
   2065 	  206267 	   14 	  297429 	   74 
  12830 	  203950 	   12 	  274688 	   31 
     87 	  226692 	   22 	  295303 	   20 
      0 	  213545 	    9 	  284037 	   18 
      0 	  218604 	   16 	  297397 	   16 
    159 	  209505 	   10 	  282511 	   21 
   2975 	  220656 	   18 	  289000 	   15 
   4099 	  198582 	   11 	  275268 	   10 
  22292 	  198977 	   25 	  253162 	   16 
      0 	  196770 	   13 	  296814 	   16 
  15484 	  185571 	   13 	  266939 	   31 
  47335 	  151849 	   11 	  235319 	   17 
 106350 	  116442 	   35 	  195395 	   40 
 136721 	   88941 	   59 	  132210 	   77 
