% num_local_points | num_send_points | num_send_procs | num_recv_points | num_recv_procs 
 490072 	   77641 	   33 	   65114 	   36 
 499161 	   47458 	   16 	   49753 	   15 
 495733 	   68080 	   22 	   62616 	   22 
 499199 	   45002 	   15 	   48543 	   14 
 501664 	   52027 	   19 	   53694 	   19 
 500151 	   47762 	   14 	   51497 	   15 
 492452 	   70231 	   38 	   59202 	   39 
 483837 	   52010 	   14 	   47038 	   15 
 478832 	   93082 	   25 	   78584 	   26 
 482797 	   56039 	   18 	   62654 	   18 
 477532 	   56249 	   16 	   46761 	   16 
 482668 	   71421 	   35 	   73607 	   33 
 480651 	   72186 	   14 	   58379 	   15 
 480754 	   69781 	   26 	   69121 	   25 
 472275 	   53394 	   15 	   49892 	   15 
 472443 	   64343 	   15 	   57109 	   14 
 475571 	   78176 	   22 	   73627 	   23 
 478648 	   75845 	   15 	   66490 	   15 
 471361 	   67399 	   13 	   69052 	   15 
 476509 	   71821 	   16 	   73554 	   16 
 487297 	   88454 	   27 	   95610 	   26 
 478939 	   96907 	   33 	  103547 	   32 
 473867 	   66760 	   13 	   72849 	   14 
 469647 	   70477 	   18 	   66574 	   18 
 475009 	   58705 	   14 	   61484 	   12 
 490512 	   96501 	   61 	  115281 	   61 
 484786 	   74919 	   23 	   75701 	   21 
 483686 	   72349 	   26 	   74528 	   26 
 480137 	   50956 	   17 	   52820 	   17 
 479211 	   55377 	   20 	   52708 	   19 
 484581 	   70012 	   35 	   68302 	   36 
 487431 	   53570 	   12 	   57097 	   12 
 485520 	   55060 	   20 	   55442 	   19 
 485072 	   56051 	   13 	   53372 	   13 
 488363 	   57209 	   17 	   52682 	   16 
 489441 	   53353 	   28 	   56280 	   24 
 489608 	   54968 	   24 	   51358 	   17 
 494626 	   39921 	   25 	   47582 	   32 
 483858 	   59242 	   29 	   58473 	   29 
 481108 	   51713 	   14 	   53676 	   15 
 483265 	   39315 	   14 	   40713 	   13 
 479123 	   45237 	   20 	   43268 	   19 
 480735 	   63615 	   23 	   60667 	   16 
 480508 	   52548 	   14 	   54833 	   13 
 484129 	   89087 	   51 	   71034 	   53 
 476082 	   57828 	   17 	   44063 	   17 
 487066 	   48222 	   14 	   49455 	   14 
 487562 	   62871 	   20 	   68761 	   20 
 488884 	   51625 	   18 	   55837 	   18 
 486546 	   34562 	   13 	   36361 	   13 
 488405 	   78058 	   34 	   77049 	   33 
 480326 	   42843 	   17 	   33989 	   16 
 477422 	   53351 	   19 	   41698 	   19 
 488209 	   50383 	   17 	   62329 	   18 
 486725 	   36783 	   16 	   42316 	   17 
 494131 	   72856 	   39 	   89935 	   39 
 473305 	   42471 	   19 	   39025 	   19 
 473135 	   61720 	   20 	   50467 	   20 
 480659 	   53027 	   21 	   61482 	   21 
 479294 	   50038 	   11 	   48868 	   11 
 488820 	   66911 	   29 	   77562 	   29 
 477683 	   24985 	   11 	   24985 	   11 
 478462 	   37983 	   12 	   27044 	   12 
 480960 	   39062 	   16 	   30862 	   16 
 494153 	   64255 	   34 	   76701 	   33 
 491622 	   48194 	   97 	   58477 	   98 
 487197 	   59824 	   21 	   56549 	   21 
 483990 	   54948 	   27 	   49096 	   14 
 491390 	   50596 	   23 	   57105 	   31 
 490682 	   45318 	   16 	   49618 	   16 
 490463 	   57318 	   24 	   52711 	   24 
 491640 	   47723 	   12 	   45269 	   13 
 494312 	   58894 	   26 	   59084 	   21 
 492377 	   59288 	   27 	   61666 	   25 
 489105 	   44415 	   14 	   48673 	   13 
 482826 	   89676 	   37 	   82937 	   34 
 483440 	   48530 	   22 	   47247 	   22 
 484000 	   45933 	   14 	   43387 	   17 
 482282 	   60989 	   28 	   65773 	   30 
 480750 	   47848 	   24 	   47069 	   24 
 484787 	   41721 	   16 	   47009 	   16 
 475210 	   58920 	   21 	   57164 	   20 
 477903 	   52247 	   32 	   45557 	    8 
 480002 	   45949 	   13 	   50574 	   32 
 485360 	   59916 	   28 	   59299 	   21 
 487368 	   56490 	   38 	   49406 	   41 
 488412 	   49297 	   14 	   49331 	   14 
 488067 	   38754 	   14 	   42618 	   14 
 476047 	   63073 	   19 	   47847 	   19 
 487529 	   35780 	   14 	   38612 	   12 
 489818 	   77647 	   31 	   78257 	   30 
 487518 	   33437 	   14 	   41894 	   14 
 485788 	   36537 	   17 	   41306 	   17 
 479661 	   43446 	   13 	   42797 	   13 
 476595 	   46476 	   15 	   33726 	   15 
 491351 	   67704 	   70 	   78172 	   62 
 473143 	   35246 	   10 	   34225 	   10 
 480438 	   45340 	   20 	   49055 	   17 
 479731 	   67815 	   22 	   64063 	   21 
 479880 	   49919 	   23 	   45136 	   20 
 489378 	   54731 	   23 	   62900 	   20 
 477958 	   35127 	   22 	   36455 	   22 
 478262 	   37459 	   10 	   30489 	   11 
 487397 	   43204 	   22 	   51655 	   25 
 472144 	   65519 	   22 	   43665 	   19 
 495925 	   46130 	   22 	   68043 	   24 
 493387 	   43600 	   68 	   45167 	   71 
 493211 	   52927 	   19 	   52774 	   17 
 487678 	   45552 	   19 	   44645 	   18 
 489222 	   33521 	   18 	   36862 	   16 
 486160 	   47058 	   13 	   54382 	   12 
 488432 	   81983 	   48 	   79501 	   42 
 480418 	   50684 	   15 	   46048 	   17 
 487845 	   32014 	   15 	   32608 	   14 
 483549 	   37989 	   15 	   42122 	   16 
 487171 	   44825 	   19 	   48133 	   19 
 487530 	   65410 	   49 	   61698 	   51 
 483920 	   35974 	   16 	   32276 	   16 
 483373 	   30372 	   13 	   35885 	   20 
 488443 	   43496 	   25 	   38531 	   26 
 493284 	   40626 	   19 	   47471 	   20 
 486613 	   40475 	   43 	   33245 	   39 
 482063 	   20720 	   10 	   19518 	   11 
 489249 	   26781 	   15 	   33973 	   15 
 483311 	   44315 	   20 	   35209 	   21 
 493311 	   31788 	   18 	   41072 	   20 
 485527 	   56214 	   94 	   50419 	  111 
 480446 	   60569 	   34 	   75758 	   42 
 462057 	   74443 	   24 	   75269 	   13 
 452600 	   87113 	   19 	   83277 	   20 
 453852 	   86455 	   18 	   83068 	   18 
 453441 	   83762 	   17 	   89091 	   16 
 453922 	   78313 	   17 	   72668 	   17 
 458949 	   80133 	   16 	   80816 	   14 
 461194 	   81269 	   21 	   86901 	   20 
 453803 	   86558 	   25 	   86265 	   28 
 451537 	   93356 	   35 	  102461 	   39 
 442270 	   92965 	   16 	   91402 	   16 
 441627 	   98509 	   19 	   99993 	   18 
 433047 	   91707 	   12 	   93723 	   16 
 434445 	   97649 	   16 	   97066 	   15 
 430378 	  100823 	   33 	   97881 	   36 
 427737 	   97808 	   17 	   99449 	   17 
 424891 	   96578 	   12 	  102648 	   16 
 427047 	   97980 	   16 	   97595 	   12 
 427012 	  104870 	   17 	  105471 	   17 
 428157 	  114343 	   37 	  111555 	   40 
 427266 	  109497 	   23 	  109852 	   24 
 435199 	  106832 	   38 	  112242 	   39 
 427996 	  105065 	   18 	  103189 	   18 
 429412 	  106504 	   18 	  105629 	   18 
 430161 	   98289 	   13 	  103095 	   15 
 430755 	  106571 	   23 	  101317 	   17 
 430781 	   95426 	   33 	   99747 	   28 
 443600 	   95827 	   38 	   94438 	   44 
 440147 	   82526 	   14 	   81403 	   13 
 438406 	   92821 	   19 	   93388 	   19 
 438689 	   99435 	   19 	  103208 	   24 
 431318 	   87965 	   15 	   85600 	   12 
 439524 	   91903 	   19 	   95056 	   19 
 436777 	  100215 	   42 	  101983 	   47 
 433596 	  100629 	   16 	   99590 	   15 
 429704 	  107668 	   22 	  106692 	   23 
 423215 	   95961 	   14 	   98425 	   16 
 424179 	  102435 	   16 	  104742 	   16 
 425590 	  113287 	   30 	  114689 	   34 
 432203 	  106578 	   29 	  107265 	   35 
 442017 	   91468 	   29 	   92068 	   30 
 441037 	   85737 	   12 	   83365 	   12 
 435115 	  103556 	   19 	  104035 	   20 
 430723 	   94235 	   13 	   96695 	   13 
 428605 	  102549 	   19 	  100746 	   18 
 428072 	   99616 	   28 	   99463 	   27 
 430856 	   84317 	   15 	   88701 	   16 
 429952 	   91443 	   17 	   93962 	   13 
 429827 	   99260 	   17 	  100591 	   18 
 430950 	   97706 	   16 	   94837 	   15 
 428653 	  103634 	   34 	  111425 	   42 
 434775 	  104648 	   38 	  100681 	   37 
 429296 	   93297 	   14 	   91050 	   11 
 427168 	  100373 	   18 	  103646 	   18 
 426825 	  101324 	   17 	  101003 	   17 
 431384 	   95123 	   11 	   95091 	   13 
 427897 	   99966 	   20 	  101741 	   21 
 424722 	  108357 	   61 	  102824 	   57 
 425489 	   97787 	   13 	  100073 	   15 
 423944 	  101825 	   20 	   99336 	   17 
 423196 	  102857 	   19 	  101540 	   21 
 427000 	   91015 	   22 	   92751 	   18 
 426235 	   85906 	   14 	   86540 	   12 
 428454 	   92450 	   47 	   90792 	   47 
 433519 	   91573 	   21 	   97443 	   19 
 435126 	   88477 	   25 	   84727 	   24 
 430932 	   78141 	   13 	   91498 	   12 
 439204 	   78075 	   19 	   82676 	   17 
 435923 	   88456 	   54 	   84472 	   50 
 435406 	   82034 	   20 	   82725 	   19 
 440839 	   77516 	   26 	   92482 	   21 
 450956 	   72758 	   15 	   75947 	   14 
 446747 	   76018 	   19 	   76391 	   15 
 461813 	   99067 	   41 	  122433 	   53 
 463247 	   68037 	   26 	   97591 	   21 
 451884 	   66102 	   24 	   69826 	   19 
 453514 	   61870 	   22 	   63097 	   19 
 459377 	   58816 	   17 	   62388 	   15 
 442229 	  210342 	   71 	  139783 	   71 
 472572 	   84637 	   33 	   90259 	   36 
 475713 	   64075 	   11 	   62100 	   11 
 471816 	   69919 	   20 	   62192 	   18 
 476732 	   53685 	   14 	   56904 	   13 
 479865 	   60330 	   16 	   59649 	   14 
 475971 	   65989 	   22 	   63692 	   23 
 477809 	   54106 	   11 	   57063 	   12 
 476641 	   70017 	   29 	   69972 	   30 
 477270 	   52213 	   16 	   58626 	   16 
 479089 	   63429 	   33 	   68575 	   32 
 473711 	   60982 	   16 	   58991 	   17 
 472700 	   50662 	   11 	   49391 	   11 
 482384 	   59972 	   21 	   66450 	   21 
 481370 	   51101 	   24 	   54253 	   24 
 476362 	   38252 	   11 	   35541 	   11 
 478873 	   45946 	   16 	   44191 	   16 
 484006 	   50477 	   19 	   56717 	   19 
 481497 	   44659 	   14 	   47042 	   14 
 490585 	   38490 	   37 	   45527 	   40 
 492259 	   36468 	   12 	   34028 	   12 
 465677 	   86086 	   47 	   67311 	   50 
 459782 	   88992 	   42 	   82572 	   49 
 471257 	   64674 	   16 	   68988 	   15 
 469517 	   59700 	   17 	   63376 	   17 
 473351 	   53249 	   14 	   52146 	   13 
 462184 	   76303 	   16 	   75511 	   23 
 469517 	   61921 	   21 	   66522 	   16 
 463768 	   65740 	   20 	   70375 	   21 
 467873 	   59850 	   14 	   62045 	   12 
 472695 	   52993 	   10 	   55887 	   11 
 465192 	   72889 	   22 	   62216 	   26 
 455194 	   79469 	   22 	   81439 	   23 
 474657 	   51106 	   17 	   58145 	   14 
 479089 	   53932 	   45 	   53973 	   48 
 487033 	   41182 	   15 	   42732 	   15 
 486601 	   43742 	   18 	   42495 	   15 
 486987 	   39759 	   16 	   39107 	   17 
 492182 	   44321 	   28 	   47245 	   28 
 487113 	   43945 	   14 	   38612 	   13 
 481956 	   63288 	   38 	   61573 	   35 
 483612 	   51503 	   13 	   51831 	   14 
 478019 	   51332 	   18 	   49183 	   16 
 478892 	   53971 	   13 	   56481 	   13 
 479139 	   51725 	   13 	   51520 	   15 
 476275 	   47681 	   16 	   46148 	   17 
 476784 	   46545 	   25 	   47526 	   24 
 479439 	   46296 	   13 	   44526 	   13 
 483223 	   44683 	   20 	   46790 	   18 
 485720 	   34503 	   14 	   33366 	   14 
 486047 	   41722 	   12 	   38808 	   12 
 485213 	   54993 	   32 	   56401 	   38 
 479319 	   51287 	   30 	   50726 	   25 
 476288 	   50311 	   17 	   46805 	   17 
 474634 	   46274 	   15 	   48312 	   17 
 478378 	   51097 	   14 	   49389 	   13 
 482591 	   47400 	   19 	   46906 	   17 
 479866 	   49546 	   16 	   51192 	   16 
 476170 	   57727 	   66 	   55589 	   75 
 469668 	   57710 	   15 	   55553 	   15 
 471139 	   48827 	   15 	   54902 	   14 
 468340 	   60946 	   28 	   57070 	   27 
 462983 	   61939 	   15 	   63029 	   15 
 449670 	   76875 	   32 	   70503 	   34 
 462694 	   54624 	   13 	   61447 	   13 
 453138 	   76822 	   19 	   68153 	   19 
 460264 	   65044 	   27 	   69566 	   26 
 455269 	   61097 	   20 	   58734 	   19 
 456407 	   65490 	   59 	   66099 	   70 
 460035 	   55355 	   14 	   53343 	   14 
 452965 	   61630 	   13 	   60764 	   14 
 454462 	   70106 	   26 	   70183 	   25 
 462784 	   61761 	   17 	   63588 	   18 
 463812 	   52109 	   14 	   53435 	   13 
 424246 	  111921 	   31 	  105285 	   31 
 437598 	   75433 	   18 	   75166 	   18 
 437586 	   83215 	   28 	   80696 	   29 
 442473 	   83705 	   23 	   82613 	   19 
 473836 	   94067 	   61 	  135894 	   60 
 484097 	   86761 	   40 	   57446 	   39 
 478604 	   57502 	   19 	   51082 	   18 
 483067 	   64625 	   31 	   65314 	   32 
 485468 	   60157 	   15 	   65569 	   15 
 476851 	   54615 	   11 	   53019 	   10 
 473511 	   65949 	   10 	   66098 	   10 
 470134 	   70099 	   32 	   71474 	   36 
 465232 	   73635 	   26 	   74346 	   20 
 467057 	   65032 	   18 	   67122 	   18 
 467243 	   63523 	   17 	   65481 	   16 
 463843 	   72749 	   19 	   70039 	   15 
 464902 	   75823 	   26 	   70249 	   26 
 461414 	   72199 	   17 	   72138 	   18 
 457839 	   78843 	   12 	   76716 	   11 
 467980 	   99084 	   63 	   90406 	   64 
 489287 	   35376 	   15 	   39295 	   13 
 488914 	   48774 	   18 	   53579 	   15 
 488453 	   48012 	   25 	   46287 	   24 
 481100 	   42865 	   15 	   43015 	   14 
 480580 	   53698 	   20 	   54994 	   16 
 478201 	   58599 	   29 	   61841 	   28 
 478794 	   57864 	   23 	   62256 	   21 
 469710 	   68168 	   17 	   69268 	   17 
 465550 	   65444 	   16 	   61792 	   17 
 466722 	   84288 	   29 	   82216 	   29 
 465193 	   67906 	   23 	   66193 	   23 
 462952 	   67994 	   17 	   68250 	   17 
 466131 	   75055 	   19 	   68774 	   22 
 484171 	   49686 	   56 	   45280 	   59 
 487922 	   34790 	   15 	   36917 	   18 
 488473 	   52433 	   19 	   50441 	   17 
 491597 	   40904 	   27 	   41224 	   29 
 496221 	   28237 	   18 	   32164 	   16 
 494047 	   51241 	   22 	   47767 	   19 
 493597 	   52716 	   39 	   58860 	   33 
 474694 	   65108 	   23 	   66430 	   23 
 468640 	   63513 	   18 	   61282 	   17 
 479376 	   62623 	   32 	   57787 	   29 
 490537 	   52768 	   22 	   51870 	   22 
 486275 	   52830 	   18 	   56069 	   16 
 486284 	   68441 	   28 	   64263 	   28 
 482457 	   48619 	   15 	   47741 	   15 
 492111 	   35950 	   19 	   37728 	   20 
 490817 	   62850 	   95 	   72815 	   97 
 478013 	   57633 	   23 	   61145 	   24 
 471659 	   65384 	   19 	   63807 	   17 
 472773 	   75884 	   22 	   68746 	   22 
 479447 	   72309 	   24 	   70724 	   24 
 482716 	   46403 	   14 	   48691 	   14 
 474350 	   66290 	   17 	   65523 	   17 
 477539 	   59549 	   19 	   62060 	   17 
 476084 	   61288 	   26 	   63726 	   25 
 474622 	   67710 	   33 	   76771 	   31 
 467053 	   66779 	   16 	   66688 	   16 
 463750 	   68520 	   14 	   64677 	   14 
 467256 	   69788 	   20 	   72367 	   22 
 465450 	   61778 	   16 	   64856 	   16 
 461325 	   68088 	   27 	   74528 	   26 
 457525 	   66056 	   15 	   62269 	   16 
 466922 	   56139 	   16 	   59541 	   14 
 458070 	   68314 	   16 	   66504 	   18 
 458233 	   75605 	   15 	   81160 	   16 
 458107 	   88940 	   48 	   91260 	   43 
 455438 	   77610 	   20 	   74993 	   21 
 456672 	   93626 	   48 	   66306 	   57 
 479016 	   57623 	   38 	   63453 	   39 
 467467 	   58459 	   13 	   60528 	   14 
 470501 	   67456 	   16 	   75975 	   17 
 464178 	   70820 	   17 	   61087 	   19 
 469651 	   64637 	   18 	   74128 	   19 
 461797 	   65921 	   18 	   68886 	   16 
 458721 	   63476 	   13 	   67443 	   13 
 457605 	   74838 	   12 	   77465 	   12 
 454672 	   83584 	   20 	   82736 	   22 
 455637 	   84215 	   25 	   74456 	   28 
 460266 	   61302 	   13 	   68235 	   13 
 455227 	   76773 	   29 	   82499 	   27 
 457367 	   70880 	   13 	   70217 	   14 
 457297 	   70262 	   17 	   68492 	   14 
 454956 	   76152 	   18 	   75020 	   21 
 455007 	   70826 	   17 	   73827 	   19 
 453935 	   88808 	   37 	   87066 	   35 
 456407 	   80196 	   22 	   73392 	   24 
 460375 	   63096 	   26 	   63407 	   23 
 465355 	   63352 	   18 	   62484 	   17 
 466669 	   60766 	   18 	   57308 	   18 
 466088 	   53030 	   13 	   57711 	   14 
 466556 	   61339 	   13 	   59394 	   13 
 466429 	   68011 	   33 	   66097 	   37 
 464060 	   71607 	   34 	   73532 	   31 
 458304 	   70407 	   14 	   67285 	   15 
 458536 	   79989 	   11 	   77729 	   11 
 463500 	   67628 	   15 	   68388 	   15 
 459114 	   75873 	   20 	   81031 	   22 
 452444 	   80214 	   28 	   83487 	   28 
 454359 	   68320 	   12 	   67852 	   13 
 452884 	   82900 	   15 	   78720 	   16 
 459858 	   67784 	   16 	   65584 	   13 
 453588 	   82581 	   19 	   87971 	   21 
 449570 	   76600 	   18 	   73173 	   19 
 453599 	   80975 	   78 	   82201 	   90 
 447950 	   75150 	   14 	   75626 	   12 
 447349 	   79285 	   17 	   80215 	   17 
 445865 	   86407 	   16 	   78786 	   20 
 457103 	   65170 	   16 	   75000 	   12 
 445792 	   66517 	   11 	   66248 	   14 
 441543 	   79781 	   35 	   77728 	   39 
 449270 	   80925 	   16 	   75294 	   17 
 452901 	   72603 	   23 	   73274 	   14 
 442972 	   65116 	   12 	   68289 	   18 
 447346 	   70732 	   18 	   66863 	   18 
 451274 	   82629 	   38 	   78269 	   41 
 459841 	   61414 	   15 	   67195 	   16 
 450902 	   61390 	   15 	   57485 	   13 
 460677 	   66861 	   15 	   69395 	   18 
 456348 	   72924 	   19 	   73000 	   18 
 444611 	   86277 	   35 	   78507 	   38 
 451716 	   74185 	   22 	   68592 	   21 
 473461 	   42751 	   25 	   43092 	   24 
 475731 	   39826 	   14 	   35754 	   13 
 479994 	   53243 	   21 	   52104 	   21 
 512715 	  116849 	   68 	  133358 	   70 
 469057 	   56618 	   14 	   58845 	   13 
 464736 	   82392 	   33 	   75139 	   34 
 468382 	   62133 	   13 	   60961 	   12 
 470185 	   69739 	   27 	   77360 	   32 
 466400 	   69330 	   13 	   68866 	   13 
 468479 	   61847 	   11 	   59131 	   10 
 468922 	   67499 	   25 	   71340 	   21 
 469688 	   70919 	   20 	   70584 	   17 
 476100 	   59367 	   15 	   59527 	   14 
 472909 	   73547 	   22 	   74788 	   20 
 466640 	   77116 	   27 	   73418 	   25 
 462120 	   72287 	   18 	   74266 	   19 
 461728 	   74137 	   13 	   68697 	   13 
 456506 	   77179 	   22 	   67675 	   11 
 441778 	  106607 	   59 	  108635 	   62 
 447135 	   87534 	   21 	   93515 	   19 
 444737 	   78125 	   15 	   76984 	   14 
 446465 	   92497 	   14 	   86859 	   16 
 452755 	  104162 	   20 	  102284 	   18 
 457839 	   73341 	   13 	   77307 	   15 
 452408 	   78052 	   47 	   84160 	   53 
 455436 	   71976 	   26 	   72911 	   29 
 458396 	   67021 	   18 	   69112 	   16 
 457733 	   83469 	   25 	   78094 	   23 
 462250 	   76383 	   21 	   80009 	   21 
 464531 	   68070 	   17 	   64998 	   17 
 469938 	   89634 	   36 	   98801 	   33 
 468062 	   70295 	   13 	   70071 	   12 
 475246 	   59405 	   23 	   59638 	   23 
 469965 	   65001 	   17 	   65488 	   20 
 471640 	   63710 	   19 	   61027 	   19 
 460617 	   72475 	   17 	   70555 	   16 
 450168 	   98143 	   21 	   91544 	   23 
 446577 	   87854 	   16 	   86863 	   15 
 442116 	  110859 	   33 	  111616 	   29 
 456927 	   84161 	   25 	   83428 	   25 
 454800 	   78459 	   21 	   83614 	   22 
 450348 	   81763 	   16 	   76076 	   15 
 455756 	   98969 	   22 	  102321 	   22 
 452455 	   95927 	   16 	   90209 	   16 
 447948 	  102089 	   22 	   98769 	   21 
 443089 	  101452 	   18 	  103481 	   16 
 438473 	  103725 	   69 	  105311 	   67 
 441619 	   84085 	   11 	   84626 	   12 
 445775 	  101654 	   30 	  102079 	   35 
 444637 	   85716 	   12 	   82375 	   11 
 442855 	   96989 	   22 	  103339 	   21 
 435665 	  102050 	   20 	   99516 	   17 
 436400 	   93053 	   11 	   87915 	   11 
 443544 	   89940 	   20 	   94862 	   15 
 427404 	  113263 	   23 	  113952 	   25 
 432475 	  103026 	   15 	  106145 	   15 
 426308 	  122614 	   20 	  110777 	   22 
 444092 	  101388 	   28 	  101390 	   29 
 449261 	   85428 	   17 	   85629 	   17 
 447312 	   89867 	   20 	   83703 	   13 
 454027 	   73977 	   13 	   70943 	   20 
 456324 	   97256 	   73 	  101111 	   82 
 455830 	   80649 	   19 	   77370 	   18 
 456182 	   74979 	   16 	   73557 	   17 
 452524 	   93836 	   15 	   92736 	   16 
 454173 	   89415 	   22 	   95923 	   20 
 441834 	   94847 	   14 	   94014 	   16 
 447357 	   87553 	   33 	   84309 	   32 
 457255 	   82012 	   22 	   80277 	   22 
 458009 	   81916 	   18 	   83809 	   17 
 452783 	  104785 	   26 	  100819 	   22 
 446428 	   81229 	   20 	  104913 	   19 
 431511 	   96569 	   14 	   86414 	   18 
 444180 	  118718 	   42 	  115998 	   41 
 440541 	   97962 	   11 	  104053 	   13 
 438722 	  101397 	   19 	   97585 	   16 
 430009 	  109068 	   19 	  119067 	   20 
 428163 	  109939 	   20 	  114720 	   19 
 421037 	  105978 	   19 	   97558 	   16 
 425349 	  119164 	   35 	  107546 	   38 
 439971 	  115723 	   20 	  135392 	   19 
 425991 	  128744 	   22 	  131496 	   22 
 417371 	  125716 	   19 	  108502 	   14 
 432036 	  100722 	   14 	  129518 	   19 
 416973 	  126819 	   19 	  114688 	   18 
 427282 	  126139 	   24 	   94892 	   22 
 456921 	   75020 	   15 	   82916 	   15 
 445489 	  105475 	   17 	   91188 	   18 
 459928 	   86934 	   16 	   72960 	   17 
 475828 	  107756 	   90 	   85150 	   93 
 493754 	   62393 	   18 	   57536 	   18 
 498396 	   64324 	   30 	   66540 	   31 
 496480 	   38851 	   24 	   39488 	   22 
 495162 	   44991 	   16 	   43371 	   15 
 497835 	   58728 	   23 	   60645 	   24 
 497288 	   46104 	   18 	   46024 	   17 
 499017 	   51596 	   18 	   50173 	   19 
 493330 	   79890 	   37 	   68331 	   37 
 494159 	   53107 	   13 	   56784 	   14 
 491116 	   54447 	   19 	   53802 	   19 
 490998 	   72394 	   23 	   75120 	   23 
 485546 	   65531 	   16 	   68334 	   17 
 492946 	   56250 	   17 	   67121 	   17 
 493648 	   81424 	   47 	   78141 	   49 
 492456 	   55025 	   15 	   50654 	   15 
 488948 	   71698 	   19 	   73937 	   19 
 479075 	   66724 	   16 	   62012 	   16 
 492598 	   61297 	   14 	   73454 	   14 
 491102 	   54787 	   21 	   57922 	   22 
 502948 	   69885 	   51 	   85160 	   59 
