% num_local_points | num_send_points | num_send_procs | num_recv_points | num_recv_procs 
 243036 	   56626 	   53 	   44362 	   51 
 245582 	   36679 	   16 	   36135 	   16 
 245144 	   45639 	   15 	   39682 	   16 
 250507 	   31610 	   19 	   40421 	   17 
 246509 	   53475 	   36 	   47819 	   35 
 247180 	   32532 	   16 	   32954 	   14 
 248202 	   43318 	   18 	   43575 	   15 
 247157 	   34282 	   19 	   38847 	   18 
 249633 	   47318 	   24 	   48263 	   24 
 247145 	   44913 	   17 	   44536 	   18 
 246703 	   39897 	   16 	   40864 	   15 
 249499 	   36324 	   18 	   39805 	   18 
 244528 	   58411 	   57 	   49178 	   58 
 241109 	   41770 	   18 	   39648 	   19 
 237548 	   42594 	   17 	   39244 	   19 
 237859 	   41288 	   15 	   39710 	   14 
 237407 	   73051 	   37 	   67793 	   38 
 229751 	   47740 	   18 	   40143 	   18 
 229822 	   44673 	   13 	   43537 	   12 
 236178 	   53872 	   22 	   60803 	   25 
 227508 	   52042 	   20 	   39960 	   19 
 228952 	   50177 	   16 	   51385 	   16 
 232086 	   64590 	   43 	   63986 	   42 
 234668 	   42301 	   13 	   43894 	   15 
 234748 	   47736 	   17 	   44975 	   18 
 228197 	   55832 	   16 	   44594 	   15 
 236560 	   35033 	   15 	   48968 	   27 
 227442 	   54474 	   33 	   40713 	   26 
 223034 	   51560 	   16 	   48956 	   18 
 227676 	   44796 	   17 	   45636 	   17 
 223679 	   50276 	   17 	   47591 	   18 
 220088 	   60837 	   19 	   54936 	   16 
 223862 	   53292 	   27 	   56955 	   29 
 227744 	   54822 	   18 	   48328 	   17 
 227994 	   49232 	   16 	   41872 	   14 
 224552 	   69816 	   19 	   69540 	   20 
 221604 	   53369 	   14 	   56320 	   13 
 222662 	   53835 	   14 	   54051 	   16 
 223559 	   58542 	   21 	   56093 	   23 
 225901 	   52252 	   13 	   52366 	   14 
 231186 	   64685 	   29 	   80626 	   29 
 228226 	   57003 	   33 	   50498 	   30 
 230666 	   54461 	   23 	   69428 	   26 
 222170 	   77617 	   46 	   70793 	   44 
 223255 	   55544 	   13 	   61250 	   14 
 222251 	   53700 	   13 	   53359 	   13 
 219861 	   63671 	   23 	   63256 	   21 
 221638 	   55129 	   12 	   51167 	   13 
 217285 	   60329 	   15 	   61542 	   12 
 221999 	   50455 	   15 	   52759 	   15 
 242839 	   55103 	   52 	   81739 	   49 
 244648 	   50308 	   60 	   46191 	   57 
 244714 	   47312 	   28 	   44484 	   26 
 245031 	   33010 	   18 	   35635 	   18 
 243607 	   38944 	   17 	   40229 	   16 
 243978 	   50901 	   34 	   50717 	   33 
 240608 	   33827 	   16 	   36043 	   18 
 241163 	   37163 	   19 	   39019 	   18 
 240908 	   53573 	   28 	   48125 	   27 
 241973 	   29968 	   14 	   32403 	   14 
 242413 	   36982 	   18 	   36900 	   17 
 246565 	   51334 	   44 	   50990 	   42 
 247167 	   25661 	   13 	   25289 	   15 
 247211 	   25802 	   12 	   28917 	   12 
 246422 	   31471 	   14 	   30841 	   14 
 247111 	   37459 	   28 	   37798 	   29 
 244687 	   42452 	   17 	   39962 	   17 
 246356 	   40243 	   16 	   39676 	   16 
 245808 	   41623 	   17 	   39440 	   17 
 245806 	   39257 	   20 	   40272 	   17 
 248013 	   38861 	   34 	   41799 	   29 
 246411 	   23425 	   20 	   24734 	   20 
 247133 	   25014 	   14 	   26290 	   13 
 243703 	   33714 	   25 	   34936 	   24 
 246699 	   30452 	   34 	   26519 	   31 
 248139 	   35186 	   32 	   39313 	   32 
 246428 	   43674 	   42 	   43483 	   44 
 245482 	   30543 	   16 	   30832 	   14 
 245842 	   27848 	   17 	   29746 	   14 
 245237 	   31765 	   16 	   31131 	   16 
 247663 	   33274 	   19 	   37561 	   18 
 245479 	   24418 	   15 	   22249 	   16 
 244226 	   25700 	   22 	   24645 	   24 
 245020 	   25621 	   15 	   24950 	   14 
 245780 	   24430 	   12 	   24733 	   12 
 244435 	   41604 	   29 	   40565 	   24 
 247144 	   27090 	   14 	   28027 	   15 
 243514 	   28297 	   12 	   29214 	   14 
 247543 	   27737 	   19 	   27699 	   21 
 241834 	   65264 	   77 	   50457 	   80 
 230696 	   42675 	   14 	   34440 	   14 
 235973 	   40869 	   22 	   36214 	   22 
 240330 	   39137 	   12 	   37891 	   12 
 240146 	   40372 	   17 	   38466 	   17 
 239627 	   58037 	   23 	   61600 	   23 
 236827 	   43466 	   14 	   49415 	   17 
 238608 	   41476 	   19 	   39560 	   14 
 239160 	   45731 	   31 	   51578 	   33 
 239063 	   40985 	   15 	   38206 	   14 
 239329 	   35448 	   14 	   40197 	   14 
 242149 	   57673 	   43 	   66693 	   43 
 226176 	   44713 	   27 	   34761 	   25 
 228041 	   36465 	   15 	   35356 	   15 
 224550 	   54696 	   17 	   43055 	   15 
 219037 	   59341 	   25 	   47084 	   25 
 220512 	   53165 	   15 	   55130 	   15 
 227122 	   50611 	   16 	   63166 	   15 
 224966 	   51932 	   20 	   54037 	   23 
 220576 	   49927 	   16 	   44049 	   16 
 224397 	   41777 	   12 	   55521 	   24 
 240991 	   50200 	   38 	   71291 	   35 
 238008 	   56807 	   45 	   50097 	   45 
 237520 	   26502 	   16 	   26766 	   16 
 237510 	   29352 	   21 	   26330 	   21 
 238527 	   30815 	   18 	   24090 	   18 
 241144 	   29058 	   24 	   27945 	   24 
 243081 	   30867 	   15 	   34053 	   15 
 245534 	   43323 	   31 	   46472 	   31 
 241432 	   35639 	   11 	   36083 	   10 
 241929 	   35781 	   16 	   32483 	   15 
 244845 	   46059 	   30 	   54885 	   29 
 236367 	   39786 	   35 	   43083 	   34 
 230228 	   30103 	   16 	   31148 	   16 
 229611 	   28620 	   12 	   28381 	   13 
 228382 	   36778 	   16 	   32348 	   18 
 224728 	   40525 	   11 	   33380 	   14 
 225477 	   42365 	   20 	   40844 	   20 
 225571 	   44124 	   16 	   38168 	   13 
 222492 	   54399 	   16 	   41540 	   17 
 245953 	   75037 	   50 	  100395 	   46 
 236772 	   35619 	   17 	   44638 	   15 
 237372 	   43919 	  124 	   48415 	  120 
 235661 	   43166 	   18 	   40232 	   19 
 236960 	   54415 	   30 	   51869 	   28 
 236278 	   51744 	   20 	   52969 	   20 
 238327 	   34060 	   16 	   40131 	   13 
 239126 	   43889 	   35 	   41199 	   35 
 236090 	   47262 	   28 	   45386 	   27 
 234252 	   34423 	   14 	   39671 	   19 
 234652 	   41147 	   16 	   39183 	   15 
 232050 	   59896 	   32 	   56746 	   31 
 236811 	   48031 	   19 	   51625 	   19 
 232857 	   40936 	   11 	   39045 	   16 
 232186 	   42198 	   15 	   38992 	   11 
 234469 	   58612 	   34 	   57315 	   29 
 236513 	   39610 	   15 	   44004 	   13 
 235780 	   57965 	   35 	   55723 	   35 
 234335 	   42205 	   11 	   44745 	   12 
 233967 	   50773 	   18 	   53111 	   18 
 232515 	   44571 	   15 	   44572 	   14 
 230945 	   70436 	   54 	   72536 	   54 
 233158 	   45002 	   22 	   38831 	   19 
 234979 	   46613 	   20 	   48390 	   21 
 233073 	   35164 	   14 	   42073 	   28 
 232709 	   47838 	   26 	   36969 	   16 
 238328 	   40353 	   19 	   41355 	   23 
 238348 	   43169 	   41 	   46960 	   44 
 237736 	   35253 	   16 	   38154 	   17 
 233593 	   43122 	   23 	   40002 	   18 
 235330 	   35180 	   29 	   39115 	   29 
 238518 	   36185 	   16 	   38819 	   14 
 240985 	   39237 	   19 	   40453 	   19 
 237069 	   44501 	   24 	   41569 	   24 
 234577 	   40468 	   14 	   38340 	   14 
 235146 	   43911 	   16 	   46293 	   16 
 235653 	   41283 	   14 	   40080 	   13 
 234757 	   42700 	   44 	   43213 	   43 
 235025 	   39519 	   19 	   38463 	   17 
 237481 	   37228 	   15 	   37291 	   14 
 234109 	   48801 	   27 	   54720 	   33 
 226249 	   74727 	   61 	   58615 	   54 
 228597 	   48675 	   17 	   60603 	   18 
 228159 	   52155 	   16 	   45357 	   13 
 228283 	   60643 	   22 	   58826 	   22 
 223257 	   53962 	   22 	   53604 	   20 
 226153 	   43246 	   14 	   47804 	   12 
 217538 	   69208 	   29 	   56191 	   29 
 220987 	   39632 	   13 	   42393 	   21 
 228948 	   43954 	   20 	   45254 	   13 
 227303 	   53474 	   20 	   49310 	   18 
 225740 	   50143 	   22 	   52667 	   22 
 226648 	   86810 	   39 	   85821 	   37 
 219697 	   47893 	   14 	   51481 	   20 
 222645 	   48279 	   22 	   56417 	   11 
 220582 	   53033 	   18 	   50162 	   19 
 221519 	   51559 	   20 	   55590 	   21 
 222511 	   45145 	   20 	   45225 	   19 
 221410 	   39643 	    9 	   40091 	   10 
 221139 	   39854 	   14 	   39189 	   15 
 214370 	   58514 	   18 	   45780 	   16 
 223090 	   67265 	   26 	   71562 	   26 
 226379 	   55822 	   85 	   71202 	   85 
 226520 	   43119 	   23 	   34941 	   14 
 227848 	   37056 	   13 	   38833 	   12 
 229098 	   41369 	   21 	   38829 	   21 
 231464 	   42559 	   18 	   50029 	   21 
 226605 	   52908 	   34 	   53446 	   34 
 222633 	   45021 	   17 	   38703 	   18 
 227145 	   48762 	   22 	   44026 	   19 
 228241 	   41941 	   21 	   40985 	   21 
 230407 	   38350 	   19 	   43485 	   22 
 227405 	   50207 	   31 	   57720 	   18 
 219217 	   50702 	   38 	   47530 	   31 
 217200 	   43802 	   16 	   44080 	   17 
 217382 	   45854 	   13 	   43712 	   13 
 214236 	   50490 	   13 	   43988 	   15 
 225298 	   48735 	   30 	   63180 	   31 
 220338 	   46590 	   22 	   42915 	   25 
 218991 	   47443 	   12 	   43478 	   13 
 216524 	   60820 	   16 	   53738 	   25 
 236625 	   63869 	   35 	   77868 	   28 
 222269 	   44870 	   21 	   43845 	   12 
 225566 	   51722 	   88 	   50431 	   87 
 224361 	   52941 	   17 	   56981 	   16 
 225049 	   53641 	   15 	   53109 	   15 
 226949 	   51116 	   23 	   54035 	   22 
 222156 	   48473 	   19 	   47937 	   19 
 220395 	   52741 	   25 	   51561 	   23 
 225360 	   43867 	   20 	   46939 	   16 
 224654 	   46764 	   21 	   50036 	   21 
 221848 	   62445 	   27 	   61912 	   18 
 220288 	   48287 	   15 	   52359 	   16 
 216595 	   50368 	   19 	   56363 	   19 
 225812 	   82364 	   65 	   77138 	   62 
 219138 	   47331 	   18 	   46036 	   15 
 215793 	   60555 	   22 	   56324 	   25 
 223931 	   42685 	   16 	   45615 	   16 
 218613 	   57038 	   21 	   51887 	   22 
 215866 	   51893 	   19 	   52808 	   21 
 216646 	   46201 	   14 	   51414 	   14 
 213697 	   45143 	   15 	   54695 	   25 
 221454 	   59844 	   27 	   56823 	   16 
 217420 	   65948 	   20 	   62132 	   19 
 216256 	   77801 	   71 	   75488 	   68 
 213836 	   51227 	   18 	   52184 	   19 
 213481 	   53280 	   20 	   47533 	   19 
 212141 	   54704 	   17 	   58067 	   27 
 214316 	   50664 	   17 	   53643 	   16 
 217199 	   62911 	   32 	   62695 	   33 
 214780 	   52759 	   16 	   50762 	   18 
 214094 	   54542 	   19 	   52482 	   16 
 215277 	   61139 	   16 	   69086 	   20 
 215428 	   63052 	   18 	   69062 	   23 
 206571 	   66797 	   24 	   54454 	   52 
 206546 	   54890 	   59 	   50806 	   13 
 207026 	   50805 	   13 	   52062 	   13 
 205122 	   57515 	   21 	   56477 	   21 
 213014 	   54207 	   15 	   63189 	   15 
 203817 	   70487 	   27 	   61183 	   28 
 206215 	   52596 	   10 	   52998 	   12 
 215636 	   53561 	   20 	   62419 	   22 
 207817 	   70614 	   20 	   69011 	   23 
 204899 	   66480 	   21 	   58487 	   25 
 203476 	   68434 	  113 	   72364 	  130 
 195534 	   73193 	   21 	   86102 	   53 
 182899 	   92421 	   41 	   96466 	   40 
 170711 	  117511 	   35 	  112919 	   19 
 165919 	  107286 	   14 	  111822 	   13 
 162087 	  121087 	   22 	  119077 	   22 
 161156 	  113741 	   11 	  112205 	   19 
 159187 	  125507 	   25 	  123827 	   23 
 162977 	  114957 	   17 	  113130 	   15 
 161499 	  112416 	   13 	  110802 	   15 
 161602 	  107656 	    9 	  110160 	   21 
 162219 	  110129 	   20 	  105630 	   10 
 163809 	  112542 	   24 	  114375 	   23 
 172722 	  109146 	   22 	  108603 	   18 
 168411 	  114542 	   14 	  114322 	   13 
 168757 	  110133 	   13 	  109059 	   14 
 171558 	  107360 	   27 	  105749 	   27 
 169052 	  119889 	   37 	  115480 	   44 
 174091 	   99987 	   18 	   92409 	   12 
 179116 	   93546 	   14 	   91699 	   16 
 183500 	  102019 	   47 	  109523 	   53 
 176413 	  101731 	   15 	  101899 	   19 
 176894 	   95792 	   15 	   93427 	   19 
 177363 	  102641 	   24 	  100494 	   17 
 174180 	  101922 	   23 	  105407 	   19 
 170154 	  103826 	   12 	  100619 	   14 
 167029 	  100205 	   12 	  104057 	   17 
 169489 	  110423 	   22 	  106453 	   19 
 166964 	  105974 	   12 	  108743 	   12 
 166664 	  108806 	   46 	  104887 	   52 
 165434 	   98345 	   11 	  102828 	   11 
 167748 	   99849 	   13 	   98263 	   15 
 163811 	  109842 	   21 	  111631 	   22 
 159667 	  107158 	   13 	  103952 	   16 
 160178 	  105302 	   11 	  113742 	   19 
 159169 	  110032 	   19 	  109472 	   11 
 161601 	  110522 	   14 	  111680 	   15 
 159121 	  112240 	   21 	  110223 	   23 
 158950 	  109874 	   16 	  116512 	   12 
 158087 	  114808 	   13 	  119847 	   56 
 159146 	  122982 	   48 	  117670 	   12 
 158707 	  119440 	   16 	  114357 	   10 
 163634 	  118891 	   32 	  119415 	   34 
 167740 	  121905 	   52 	  120957 	   53 
 178909 	   95615 	   14 	   95655 	   11 
 168397 	  112280 	   23 	  107735 	   24 
 167358 	  106260 	   14 	  102915 	   17 
 171529 	   99796 	   18 	  103891 	   13 
 175407 	  101881 	   26 	   93926 	   27 
 179336 	   90776 	   13 	   85829 	   17 
 185182 	   87143 	   15 	   85845 	   24 
 188906 	   90383 	   23 	   80020 	   17 
 194083 	   76596 	   28 	   76200 	   24 
 195465 	   75079 	   15 	   70776 	   15 
 200340 	   73153 	   44 	   74906 	   34 
 216321 	   59842 	   36 	   63604 	   40 
 214161 	   61821 	   41 	   57640 	   50 
 210879 	   59019 	   18 	   57548 	   17 
 209544 	   59241 	   14 	   58937 	   13 
 208480 	   64833 	   19 	   62764 	   27 
 206006 	   67253 	   16 	   68499 	   16 
 206208 	   67082 	   15 	   66811 	   12 
 209520 	   68680 	   31 	   70770 	   32 
 203587 	   63942 	   13 	   59020 	   13 
 205302 	   59557 	   16 	   61791 	   15 
 210906 	   63754 	   25 	   66741 	   22 
 210084 	   65038 	   26 	   62346 	   23 
 209129 	   57909 	   17 	   59798 	   18 
 208037 	   70073 	   58 	   72662 	   65 
 205861 	   64771 	   11 	   64435 	   15 
 207466 	   63077 	   15 	   62571 	   13 
 200447 	   73097 	   18 	   76781 	   17 
 197351 	   78266 	   27 	   77238 	   27 
 196328 	   72310 	   15 	   71116 	   18 
 198680 	   67080 	   11 	   70878 	   11 
 195882 	   78398 	   18 	   77354 	   19 
 192721 	   79649 	   17 	   79644 	   16 
 193784 	   82709 	   41 	   83765 	   46 
 194381 	   79718 	   13 	   79926 	   14 
 200157 	   78190 	   17 	   72948 	   14 
 210712 	   64613 	   38 	   69809 	   48 
 211458 	   69102 	   39 	   65452 	   41 
 215546 	   58024 	   18 	   56596 	   19 
 218305 	   52127 	   14 	   46996 	   13 
 222426 	   54292 	   15 	   47372 	   11 
 229067 	   46425 	   23 	   45410 	   24 
 225946 	   50023 	   24 	   46223 	   21 
 224836 	   49810 	   12 	   46854 	   15 
 225489 	   43849 	   13 	   41744 	   13 
 227705 	   46252 	   24 	   45010 	   26 
 229466 	   46864 	   25 	   43600 	   22 
 232242 	   36802 	   18 	   33154 	   19 
 235057 	   35509 	   37 	   34770 	   36 
 237411 	   30111 	   17 	   32312 	   19 
 238283 	   30045 	   19 	   30469 	   21 
 236932 	   28763 	   14 	   28481 	   14 
 235776 	   32070 	   15 	   34126 	   12 
 234098 	   37271 	   27 	   37570 	   27 
 234224 	   32553 	   19 	   33629 	   14 
 235992 	   29744 	   13 	   33893 	   16 
 233195 	   41862 	   18 	   38374 	   13 
 232609 	   37387 	   16 	   37418 	   14 
 233342 	   49484 	   47 	   53655 	   57 
 242837 	   29729 	   44 	   30862 	   31 
 239153 	   31693 	   38 	   31708 	   42 
 234188 	   36188 	   13 	   31802 	   13 
 234450 	   33714 	   14 	   33274 	   12 
 239181 	   33454 	   26 	   39461 	   25 
 238555 	   25043 	   14 	   21581 	   17 
 236664 	   31403 	   19 	   30542 	   18 
 237128 	   36047 	   23 	   34373 	   24 
 234962 	   36277 	   12 	   35670 	   17 
 235444 	   33238 	   15 	   33793 	   15 
 239218 	   33524 	   27 	   37322 	   27 
 231924 	   47180 	   24 	   46215 	   25 
 233371 	   34209 	   22 	   34085 	   21 
 232062 	   42233 	   82 	   35911 	   78 
 236650 	   35138 	   14 	   29553 	   16 
 239751 	   28365 	   16 	   25007 	   14 
 238428 	   32994 	   25 	   27871 	   27 
 239010 	   30148 	   19 	   28461 	   16 
 236605 	   31695 	   30 	   28865 	   30 
 235232 	   31071 	   16 	   26429 	   14 
 231969 	   35261 	   20 	   35265 	   17 
 226870 	   40547 	   26 	   39404 	   24 
 228663 	   34714 	   17 	   31398 	   13 
 226162 	   34167 	   16 	   34833 	   16 
 222192 	   49009 	   56 	   45692 	   59 
 221742 	   46414 	   16 	   47209 	   16 
 221540 	   47112 	   26 	   48964 	   27 
 224164 	   46164 	   17 	   46071 	   15 
 223819 	   50576 	   18 	   49979 	   18 
 220277 	   48630 	   28 	   52909 	   30 
 220268 	   41332 	   17 	   41271 	   16 
 218992 	   44141 	   27 	   53053 	   13 
 218137 	   47440 	   15 	   47553 	   26 
 219940 	   45927 	   16 	   51016 	   15 
 217225 	   51739 	   62 	   49581 	   68 
 215736 	   53979 	   20 	   50405 	   17 
 215693 	   48837 	   15 	   52030 	   15 
 208541 	   56578 	   22 	   57184 	   24 
 210957 	   52035 	   19 	   59311 	   15 
 208790 	   61383 	   28 	   65001 	   27 
 212446 	   55808 	   15 	   55008 	   15 
 213704 	   56478 	   19 	   61716 	   18 
 210677 	   59385 	   26 	   59334 	   23 
 212114 	   53876 	   18 	   54641 	   17 
 210788 	   60788 	   52 	   58124 	   13 
 183991 	  118936 	   18 	  141975 	   62 
 135452 	  134566 	   28 	  168479 	   12 
 134129 	  127360 	   19 	  130666 	   25 
 135246 	  125734 	   15 	  129540 	   14 
 126248 	  134466 	   28 	  137100 	   29 
 135338 	  128150 	   18 	  127834 	   16 
 133059 	  134666 	   25 	  139056 	   24 
 136442 	  132196 	   17 	  127764 	   15 
 138675 	  128180 	   21 	  134422 	   17 
 152391 	  240960 	  111 	  157323 	  108 
 217569 	   63371 	   44 	   61027 	   16 
 211448 	   64653 	   33 	   69467 	   45 
 204065 	   73012 	   17 	   84142 	   33 
 205409 	   69324 	   13 	   71791 	   13 
 199404 	   74823 	   22 	   68371 	   19 
 203625 	   70788 	   11 	   73230 	   17 
 203195 	   88790 	   28 	   86289 	   25 
 202059 	   77064 	   19 	   75439 	   15 
 200728 	   78481 	   14 	   79085 	   16 
 200288 	   78527 	   20 	   77140 	   17 
 203520 	   70289 	   14 	   74913 	   12 
 203273 	   78261 	   25 	   72849 	   22 
 206487 	   69692 	   26 	   70149 	   29 
 206075 	   71178 	   14 	   73069 	   15 
 203089 	   67429 	   13 	   68218 	   12 
 205874 	   69993 	   19 	   71894 	   22 
 205561 	   81939 	   40 	   85600 	   42 
 203213 	   74467 	   15 	   69753 	   15 
 205588 	   68588 	   17 	   72136 	   15 
 205417 	   73715 	   45 	   81394 	   46 
 202004 	   77712 	   19 	   76013 	   14 
 200278 	   69653 	   13 	   71494 	   19 
 201504 	   72586 	   16 	   73025 	   16 
 200729 	   69563 	   16 	   66396 	   16 
 204851 	   63520 	   19 	   68916 	   12 
 197944 	   84241 	   23 	   79144 	   26 
 200931 	   74238 	   23 	   85222 	   24 
 193141 	   78603 	   16 	   71400 	   13 
 194964 	   75938 	   34 	   88201 	   37 
 191594 	   74679 	   17 	   71055 	   15 
 192995 	   70784 	   12 	   74142 	   13 
 194329 	   78376 	   26 	   70030 	   22 
 199241 	   73676 	   13 	   76837 	   16 
 197361 	   71404 	   28 	   72358 	   21 
 194777 	   70328 	   15 	   73812 	   24 
 193378 	   76766 	   14 	   73378 	   13 
 193297 	   79963 	   18 	   87232 	   21 
 192185 	   75977 	   14 	   77810 	   14 
 194731 	   91075 	   55 	   95146 	   61 
 188882 	   84323 	   16 	   85676 	   16 
 187938 	   84386 	   20 	   81066 	   13 
 190220 	   87015 	   25 	   84288 	   26 
 197173 	   91938 	   65 	   67101 	   68 
 213806 	   55954 	   13 	   51905 	   32 
 213761 	   65338 	   50 	   71121 	   56 
 209325 	   67233 	   19 	   69762 	   19 
 206861 	   65119 	   14 	   66586 	   13 
 203998 	   66046 	   16 	   71498 	   15 
 203885 	   71486 	   24 	   73864 	   24 
 205837 	   66784 	   14 	   66791 	   14 
 204250 	   70466 	   18 	   66412 	   16 
 204360 	   76657 	   21 	   73180 	   23 
 208383 	   77646 	   27 	   71749 	   31 
 213459 	   65065 	   21 	   77774 	   21 
 207066 	   59945 	   13 	   64260 	   12 
 203319 	   68601 	   22 	   70658 	   24 
 202058 	   67775 	   16 	   67341 	   16 
 204294 	   62985 	   15 	   67666 	   15 
 199443 	   74991 	   18 	   73097 	   12 
 199270 	   71564 	   14 	   74757 	   16 
 196657 	   74456 	   16 	   78444 	   13 
 192384 	   88153 	   35 	   79120 	   39 
 204288 	   66735 	   12 	   60603 	   14 
 206890 	   70488 	   29 	   73491 	   30 
 200178 	   68417 	   16 	   66595 	   15 
 203794 	   72762 	   24 	   80135 	   21 
 195667 	   76727 	   12 	   78440 	   12 
 196906 	   78321 	   55 	   83513 	   58 
 196616 	   75090 	   16 	   69438 	   12 
 198910 	   73042 	   17 	   75663 	   15 
 198887 	   75932 	   18 	   79253 	   18 
 191846 	   80531 	   28 	   79660 	   24 
 193207 	   76949 	   14 	   76313 	   14 
 192040 	   72159 	   15 	   73365 	   14 
 191938 	   80147 	   19 	   77439 	   20 
 191724 	   74704 	   15 	   76876 	   17 
 192796 	   85049 	   38 	   83371 	   39 
 192722 	   76442 	   16 	   80560 	   15 
 194503 	   75785 	   17 	   70453 	   17 
 202253 	   73763 	   44 	   67632 	   41 
 201873 	   73795 	   38 	   77769 	   38 
 202112 	   74316 	   14 	   73262 	   14 
 201910 	   70281 	   14 	   72484 	   15 
 200491 	   75617 	   16 	   68755 	   18 
 203764 	   69294 	   22 	   74357 	   23 
 199539 	   73082 	   21 	   74898 	   22 
 200623 	   74755 	   16 	   70933 	   13 
 198800 	   67773 	   14 	   71785 	   13 
 196952 	   73623 	   21 	   71056 	   21 
 201455 	   73486 	   22 	   72647 	   24 
 203692 	   63435 	   18 	   67784 	   17 
 195786 	   71841 	   34 	   71130 	   30 
 200635 	   67347 	   15 	   67257 	   14 
 199734 	   70172 	   21 	   63894 	   11 
 201349 	   64601 	   12 	   69342 	   17 
 202530 	   65379 	   15 	   65462 	   15 
 200350 	   70246 	   23 	   71444 	   23 
 201473 	   67610 	   18 	   64647 	   11 
 201377 	   65845 	   15 	   66396 	   16 
 203578 	   68550 	   16 	   68682 	   16 
 203861 	   68842 	   15 	   66084 	   17 
 204277 	   80519 	   47 	   76956 	   41 
 208103 	   62505 	   18 	   68106 	   46 
 201355 	   69099 	   42 	   71923 	   39 
 199756 	   69619 	   13 	   70143 	   15 
 201407 	   66254 	   16 	   66970 	   11 
 200296 	   72458 	   25 	   67841 	   25 
 199119 	   63707 	   14 	   69007 	   26 
 202436 	   63961 	   18 	   62651 	   18 
 199568 	   71780 	   22 	   70823 	   21 
 201736 	   72223 	   16 	   68769 	   12 
 202824 	   67972 	   21 	   68090 	   14 
 203898 	   67198 	   20 	   65438 	   23 
 198302 	   79121 	   23 	   84334 	   22 
 203264 	   63752 	   17 	   59410 	   18 
 198985 	   74394 	   83 	   77569 	   89 
 198944 	   72161 	   16 	   69332 	   15 
 204423 	   63204 	   15 	   66056 	   12 
 196942 	   77016 	   20 	   72399 	   22 
 204962 	   66850 	   22 	   70962 	   20 
 202401 	   65904 	   36 	   65972 	   13 
 201778 	   64032 	   15 	   66478 	   39 
 202425 	   65572 	   19 	   64864 	   21 
 199128 	   69397 	   22 	   71069 	   22 
 203835 	   58514 	   19 	   60511 	   13 
 203238 	   57018 	   14 	   55543 	   17 
 201984 	   71683 	   42 	   64182 	   46 
 208704 	   62311 	   18 	   62940 	   18 
 203937 	   65057 	   16 	   65179 	   12 
 207902 	   62414 	   20 	   55333 	   20 
 208880 	   67054 	   20 	   70683 	   22 
 208190 	   68622 	   37 	   71849 	   38 
 204701 	   57284 	   21 	   56295 	   11 
 204252 	   53997 	   13 	   54520 	   17 
 202591 	   66700 	   21 	   63210 	   20 
 205369 	   63127 	   20 	   65464 	   20 
 205440 	   66019 	   70 	   63463 	   88 
 214201 	   50499 	   14 	   49557 	   13 
 214260 	   48857 	   18 	   50818 	   15 
 210349 	   55038 	   17 	   55866 	   20 
 208798 	   54942 	   18 	   51974 	   19 
 209549 	   58388 	   33 	   58742 	   32 
 213292 	   52442 	   12 	   53068 	   13 
 214486 	   58680 	   19 	   58550 	   17 
 213963 	   55755 	   20 	   58874 	   25 
 213274 	   53787 	   20 	   49844 	   17 
 215687 	   51807 	   15 	   54602 	   14 
 199455 	   75287 	   37 	   69380 	   42 
 217368 	   47246 	   19 	   48277 	   14 
 227818 	   38275 	   22 	   35298 	   22 
 230397 	   37276 	   20 	   33879 	   19 
 233629 	   34083 	   38 	   32736 	   38 
 235120 	   29521 	   22 	   29737 	   20 
 236440 	   29381 	   17 	   29703 	   15 
 236884 	   30415 	   22 	   31141 	   22 
 237676 	   31184 	   25 	   29969 	   21 
 257973 	  101785 	  102 	  101198 	   87 
 219047 	   51863 	   17 	   69621 	   54 
 219142 	   54727 	   13 	   54714 	   13 
 217977 	   56980 	   18 	   52227 	    9 
 217360 	   61327 	   26 	   58307 	   25 
 216688 	   71317 	   44 	   71196 	   45 
 218149 	   58537 	   15 	   58095 	   13 
 219182 	   55052 	   17 	   58991 	   17 
 218875 	   63913 	   21 	   69067 	   19 
 216919 	   58902 	   13 	   57748 	   15 
 218191 	   56562 	   16 	   56980 	   17 
 220114 	   58142 	   16 	   54487 	   13 
 224338 	   48175 	   12 	   51919 	   16 
 217879 	   63231 	   44 	   59472 	   49 
 223119 	   53601 	   17 	   59757 	   14 
 221851 	   47951 	   26 	   48321 	   17 
 225773 	   45216 	   26 	   43336 	   25 
 230724 	   47213 	   28 	   50453 	   29 
 230176 	   44474 	   12 	   45438 	   13 
 228133 	   48806 	   19 	   50359 	   21 
 227849 	   52853 	   24 	   49351 	   19 
 229025 	   39611 	   16 	   45475 	   25 
 227857 	   46175 	   15 	   41654 	   14 
 218823 	   55340 	   37 	   53922 	   32 
 221031 	   54959 	   27 	   52915 	   25 
 215932 	   57265 	   12 	   57930 	   14 
 216778 	   59893 	   22 	   62281 	   23 
 214149 	   64279 	   14 	   61884 	   15 
 217701 	   56024 	   18 	   55050 	   15 
 205803 	   87153 	   85 	   72469 	   30 
 200707 	   75966 	   23 	   84853 	   88 
 209001 	   65650 	   19 	   66203 	   16 
 211023 	   60618 	   16 	   63532 	   17 
 206313 	   70957 	   23 	   65817 	   19 
 209674 	   64278 	   16 	   68539 	   12 
 208451 	   69000 	   16 	   70426 	   15 
 204394 	   82682 	   35 	   85624 	   36 
 207171 	   65309 	   16 	   65081 	   15 
 208627 	   64215 	   18 	   63234 	   18 
 207497 	   75107 	   23 	   73721 	   23 
 210997 	   58206 	   21 	   61443 	   21 
 210619 	   63263 	   18 	   60193 	   17 
 213680 	   63722 	   38 	   68982 	   38 
 221944 	   58381 	   31 	   64275 	   27 
 220077 	   53329 	   13 	   51126 	   13 
 222938 	   58514 	   15 	   62056 	   16 
 225497 	   51636 	   21 	   46901 	   18 
 217185 	   54948 	   19 	   57212 	   18 
 217713 	   54926 	   14 	   55057 	   10 
 213321 	   81333 	   37 	   79352 	   37 
 215216 	   55949 	   22 	   52927 	   21 
 226145 	   54691 	   21 	   55430 	   23 
 224122 	   52951 	   21 	   53389 	   20 
 221941 	   47782 	   17 	   49804 	   18 
 219391 	   59964 	   23 	   60217 	   24 
 204838 	   77224 	   30 	   67969 	   30 
 202233 	   66966 	   20 	   68450 	   21 
 202728 	   74832 	   20 	   74552 	   19 
 198198 	   86648 	   71 	   83951 	   75 
 203523 	   68320 	   20 	   68543 	   15 
 203054 	   71705 	   17 	   74619 	   23 
 199470 	   78107 	   28 	   77450 	   23 
 203779 	   66405 	   19 	   63462 	   22 
 205525 	   63515 	   18 	   64655 	   13 
 207687 	   69405 	   36 	   71603 	   40 
 205066 	   71094 	   24 	   65424 	   16 
 211765 	   65763 	   19 	   71994 	   19 
 207472 	   70247 	   26 	   68926 	   24 
 209600 	   71940 	   21 	   68731 	   22 
 210973 	   62516 	   17 	   66014 	   18 
 211104 	   73180 	   55 	   74295 	   52 
 213620 	   62419 	   33 	   57739 	   20 
 216431 	   51932 	   18 	   61739 	   24 
 217320 	   61825 	   21 	   62869 	   20 
 217524 	   63018 	   21 	   58331 	   18 
 209862 	   62215 	   18 	   64381 	   18 
 210684 	   78361 	   41 	   74118 	   38 
 217470 	   65748 	   19 	   68365 	   20 
 218557 	   62316 	   25 	   62089 	   22 
 215918 	   66003 	   23 	   57237 	   13 
 219028 	   51338 	   15 	   57054 	   19 
 213435 	   64394 	   27 	   62407 	   24 
 210238 	   66545 	   31 	   71174 	   31 
 204582 	   75668 	   21 	   76429 	   18 
 205921 	   72833 	   23 	   67691 	   14 
 207105 	   63992 	   16 	   67447 	   26 
 200423 	   75886 	  107 	   70202 	   18 
 197868 	   70163 	   19 	   88033 	  120 
 191196 	   79989 	   39 	   84693 	   40 
 186122 	   95120 	   30 	   98891 	   34 
 183522 	   88647 	   12 	   87406 	   15 
 182117 	   90350 	   15 	   94687 	   18 
 182972 	   92012 	   24 	   88775 	   22 
 183801 	  100867 	   22 	   93213 	   23 
 192319 	   80319 	   23 	   80443 	   16 
 196158 	   80611 	   17 	   81127 	   16 
 195999 	   86243 	   34 	   86778 	   35 
 192009 	   80114 	   16 	   80932 	   15 
 191163 	   82083 	   16 	   80923 	   17 
 189340 	   88143 	   18 	   87813 	   21 
 189091 	   86156 	   14 	   86339 	   16 
 187847 	   85073 	   15 	   89237 	   17 
 188113 	   89479 	   23 	   88816 	   24 
 188866 	   98072 	   34 	   99503 	   41 
 190256 	   85317 	   13 	   85119 	   13 
 187833 	   86932 	   20 	   87114 	   14 
 186860 	   92464 	   43 	  105015 	   49 
 180748 	   91003 	   19 	   89277 	   16 
 184284 	   89629 	   13 	   93207 	   19 
 182128 	   92720 	   16 	   84625 	   16 
 186358 	   82852 	   20 	   84219 	   15 
 186714 	   81555 	   12 	   88537 	   19 
 182653 	  103039 	   26 	  101086 	   31 
 183025 	   96027 	   21 	  100979 	   21 
 177223 	   95626 	   15 	   91235 	   14 
 180043 	   93826 	   34 	  104723 	   36 
 173377 	   91666 	   18 	   88713 	   14 
 178976 	   86700 	   13 	   92379 	   20 
 176031 	   94220 	   20 	   87171 	   23 
 179859 	   89106 	   19 	   88058 	   17 
 181622 	   85583 	   15 	   90476 	   16 
 178283 	   94851 	   24 	   99625 	   28 
 173561 	   97722 	   15 	   91469 	   15 
 177771 	   98211 	   20 	   97417 	   13 
 174056 	   94629 	   14 	  101306 	   18 
 172810 	  106291 	   60 	  100842 	   13 
 169875 	  103999 	   17 	  112126 	   52 
 170352 	   98419 	   14 	  102572 	   13 
 171482 	  112404 	   27 	  103420 	   29 
 178632 	  104269 	   65 	   90463 	   74 
 190071 	   83691 	   30 	   72534 	   28 
 196667 	   89017 	   56 	   92233 	   54 
 191826 	   82617 	   17 	   78628 	   12 
 189694 	   78946 	   12 	   94006 	   22 
 187935 	   83112 	   17 	   77633 	   14 
 188830 	   84326 	   20 	   89376 	   16 
 187111 	   84808 	   21 	   87708 	   22 
 185889 	   89922 	   11 	   86948 	   11 
 188820 	   91690 	   23 	   85239 	   25 
 196117 	   86366 	   27 	   69403 	   12 
 197563 	   80672 	   21 	  105277 	   28 
 189077 	   78928 	   14 	   83059 	   13 
 186290 	   84749 	   22 	   86864 	   22 
 186683 	   82487 	   18 	   82323 	   13 
 184422 	   84293 	   15 	   89340 	   17 
 180518 	   91833 	   15 	   93394 	   12 
 182787 	   89563 	   15 	   91183 	   13 
 181108 	   91276 	   15 	   89592 	   14 
 179113 	  103588 	   32 	   97794 	   28 
 184390 	   86834 	   11 	   80515 	   31 
 190406 	   88806 	   27 	   88562 	   31 
 183173 	   84967 	   14 	   92454 	   17 
 180740 	   93612 	   20 	   91182 	   18 
 176798 	   90826 	   10 	   98082 	   15 
 175241 	  100506 	   37 	  102710 	   34 
 178702 	   92926 	   17 	   88298 	   16 
 179314 	   91707 	   13 	   93309 	   18 
 179271 	   93442 	   22 	   95664 	   19 
 181843 	   85605 	   18 	   82298 	   14 
 181905 	   85066 	   14 	   86731 	   20 
 178756 	   98097 	   24 	   96381 	   24 
 179167 	   92340 	   22 	   95481 	   25 
 176235 	   95078 	   20 	   90963 	   15 
 173562 	  103436 	   49 	  109163 	   45 
 175540 	   99731 	   20 	   97839 	   17 
 179121 	   96506 	   15 	   97062 	   15 
 183441 	   91852 	   33 	   85793 	   33 
 186856 	   82263 	   40 	   80855 	   37 
 189561 	   78616 	   17 	   79983 	   16 
 190532 	   77175 	   25 	   73540 	   16 
 191178 	   73509 	   14 	   75096 	   18 
 192135 	   77034 	   18 	   76734 	   17 
 193015 	   77758 	   24 	   77093 	   23 
 191517 	   73284 	   16 	   76595 	   15 
 192501 	   76288 	   15 	   77261 	   16 
 190980 	   81467 	   18 	   80369 	   18 
 192330 	   78931 	   15 	   74355 	   14 
 191934 	   93036 	   48 	   87438 	   53 
 197432 	   72211 	   16 	   80251 	   31 
 188413 	   91018 	   47 	   90966 	   48 
 183932 	   90668 	   18 	   90803 	   18 
 183851 	   89968 	   19 	   95182 	   21 
 182275 	   92634 	   15 	   86516 	   13 
 186177 	   91227 	   17 	   89699 	   17 
 192041 	   81069 	   14 	   80182 	   12 
 189731 	   83169 	   17 	   86037 	   18 
 190741 	   83802 	   18 	   84193 	   21 
 191543 	   88943 	   27 	   81634 	   29 
 190075 	   78832 	   22 	   89770 	   25 
 186128 	   84227 	   17 	   84856 	   14 
 183557 	   88384 	   37 	   92310 	   42 
 185220 	   84115 	   16 	   83561 	   15 
 183128 	   85873 	   16 	   84153 	   17 
 183379 	   88740 	   22 	   89473 	   23 
 184362 	   85978 	   20 	   84519 	   17 
 187669 	   81677 	   18 	   79197 	   15 
 184569 	   87548 	   22 	   82352 	   15 
 191047 	   80645 	   15 	   86713 	   25 
 182592 	   92915 	   26 	   95584 	   27 
 181468 	   90973 	   17 	   90609 	   15 
 183879 	   91128 	   25 	   89016 	   27 
 187181 	   86848 	   14 	   84782 	   16 
 185867 	   92519 	   97 	   95144 	  109 
 184280 	   86716 	   15 	   85475 	   14 
 185819 	   81918 	   13 	   85317 	   12 
 181687 	   95684 	   21 	   90962 	   20 
 187810 	   82290 	   18 	   85074 	   21 
 185209 	   80598 	   11 	   82873 	   14 
 185374 	   93745 	   23 	   85130 	   23 
 190020 	   79489 	   11 	   78903 	   19 
 190226 	   78049 	   21 	   88450 	   15 
 185600 	   76484 	   12 	   80069 	   21 
 185235 	   77940 	   13 	   75956 	   15 
 184535 	   90305 	   45 	   81935 	   51 
 193465 	   72955 	   13 	   78261 	   12 
 186038 	   76833 	   13 	   79139 	   13 
 187118 	   86317 	   19 	   76346 	   21 
 193985 	   84845 	   20 	   85675 	   22 
 193376 	   79860 	   26 	   80381 	   10 
 186179 	   76067 	   11 	   79275 	   24 
 186897 	   74217 	   13 	   74669 	   13 
 184708 	   82547 	   25 	   80517 	   23 
 186872 	   81629 	   18 	   79792 	   14 
 190782 	   83853 	   53 	   75084 	   15 
 193724 	   80771 	   16 	   85066 	   51 
 197544 	   77404 	   15 	   80730 	   15 
 195452 	   73657 	   21 	   74707 	   21 
 193642 	   69009 	   17 	   69673 	   17 
 194997 	   72885 	   19 	   68705 	   11 
 199231 	   74586 	   19 	   72811 	   26 
 190167 	   74314 	   13 	   80104 	   20 
 197521 	   79489 	   24 	   79634 	   28 
 199144 	   70603 	   14 	   70452 	   12 
 195859 	   76511 	   17 	   76224 	   17 
 186555 	   92633 	   46 	   87794 	   49 
 197884 	   69663 	   14 	   72548 	   15 
 209518 	   62268 	   26 	   51986 	   25 
 216231 	   54639 	   16 	   53833 	   19 
 215820 	   52748 	   32 	   55983 	   31 
 218415 	   48584 	   17 	   43646 	   12 
 219075 	   49312 	   16 	   52346 	   18 
 220002 	   61154 	   29 	   55128 	   28 
 225456 	   57464 	   17 	   62990 	   18 
 236089 	  104114 	   79 	   85790 	   86 
 210770 	   84018 	   48 	  120790 	   54 
 203163 	   71029 	   17 	   71189 	   18 
 201057 	   68244 	   14 	   70153 	   14 
 196295 	   84949 	   31 	   76718 	   31 
 201510 	   92176 	   45 	   91979 	   45 
 203102 	   73241 	   15 	   76163 	   14 
 199377 	   73878 	   15 	   71551 	   11 
 203392 	   78891 	   38 	   83514 	   43 
 201145 	   75161 	   13 	   76260 	   14 
 198281 	   74998 	   15 	   70740 	   12 
 201385 	   74969 	   12 	   79240 	   15 
 205714 	   69171 	   13 	   68242 	   14 
 205009 	   75284 	   31 	   70160 	   15 
 202091 	   77299 	   25 	   80932 	   30 
 204797 	   65363 	   16 	   70850 	   17 
 207359 	   67971 	   27 	   65762 	   21 
 215023 	   65704 	   23 	   67564 	   22 
 214667 	   63722 	   18 	   60284 	   16 
 211162 	   60374 	   12 	   64050 	   14 
 210923 	   63641 	   20 	   65232 	   17 
 212222 	   66783 	   30 	   66146 	   30 
 213932 	   63441 	   20 	   64994 	   18 
 204468 	   75742 	   41 	   71449 	   36 
 203671 	   74317 	   23 	   74545 	   24 
 204840 	   73253 	   16 	   76308 	   20 
 200734 	   75770 	   16 	   73785 	   16 
 198197 	   76973 	   13 	   73670 	   15 
 199960 	   71847 	   14 	   72315 	   15 
 195819 	   88941 	   32 	   78452 	   17 
 185042 	  106981 	   83 	  108557 	   89 
 190490 	   79484 	   18 	   82078 	   15 
 193362 	   81112 	   19 	   83922 	   17 
 188038 	   84423 	   29 	   88381 	   25 
 189748 	   82540 	   18 	   79986 	   16 
 191036 	   80485 	   16 	   82581 	   15 
 190672 	   84079 	   22 	   82269 	   23 
 191679 	   84864 	   15 	   82230 	   14 
 195757 	   84139 	   14 	   91695 	   15 
 190909 	  102539 	   29 	   91483 	   20 
 203215 	   70342 	   18 	   78306 	   21 
 199251 	   73081 	   19 	   71133 	   17 
 198237 	   75738 	   60 	   74689 	   14 
 195509 	   70497 	   16 	   77870 	   72 
 197566 	   77245 	   16 	   75386 	   18 
 201538 	   77985 	   25 	   79461 	   39 
 199257 	   69453 	   19 	   72147 	   17 
 197536 	   71715 	   17 	   71834 	   20 
 201432 	   77599 	   34 	   78638 	   31 
 197070 	   75348 	   22 	   71619 	   14 
 203159 	   64550 	   14 	   67739 	   18 
 203200 	   85192 	   30 	   82380 	   25 
 204856 	   72608 	   22 	   67624 	   21 
 211452 	   67949 	   19 	   71902 	   18 
 210250 	   77255 	   45 	   68542 	   13 
 206124 	   76803 	   25 	   95695 	   46 
 218141 	   61772 	   14 	   65201 	   14 
 217122 	   62070 	   13 	   58785 	   14 
 218705 	   62867 	   29 	   62879 	   31 
 219911 	   55726 	   18 	   53177 	   13 
 229018 	   46132 	   20 	   49006 	   21 
 219754 	   55549 	   13 	   57823 	   17 
 218749 	   53748 	   11 	   52806 	   12 
 215097 	   74771 	   25 	   73389 	   25 
 221492 	   49444 	   21 	   46299 	   21 
 216019 	   53113 	   16 	   53315 	   15 
 210797 	   72617 	   22 	   72333 	   24 
 197948 	   83301 	   24 	   79175 	   27 
 193655 	   79540 	   19 	   75968 	   20 
 196068 	   86013 	   15 	   87229 	   14 
 188505 	  108094 	   42 	  103675 	   39 
 196168 	   77048 	   14 	   85002 	   16 
 199779 	   82224 	   34 	   79819 	   35 
 208050 	   75116 	   17 	   71722 	   15 
 208791 	   77178 	   31 	   74427 	   31 
 212790 	   55262 	   20 	   64124 	   18 
 204966 	   68181 	   23 	   58159 	   16 
 203142 	   69953 	   15 	   76259 	   18 
 200969 	   87551 	   25 	   84685 	   24 
 206043 	   78261 	   19 	   85293 	   20 
 203839 	   71607 	   18 	   70786 	   14 
 197844 	   87323 	   24 	   81646 	   25 
 199505 	   93126 	   30 	   94223 	   30 
 191207 	   85166 	   16 	   83966 	   14 
 193542 	   84987 	   19 	   86689 	   20 
 187751 	   88715 	   22 	   86205 	   20 
 188087 	   85566 	   20 	   84921 	   18 
 184392 	   92014 	  100 	   99280 	  103 
 188085 	   84678 	   16 	   85400 	   16 
 187422 	   82010 	   16 	   82297 	   10 
 189617 	   93379 	   30 	   92718 	   31 
 193254 	   99121 	   39 	  100062 	   47 
 191529 	   83520 	   13 	   84245 	   15 
 190282 	   82859 	   14 	   79600 	    9 
 190815 	   91274 	   30 	   92911 	   32 
 187187 	   88707 	   12 	   91773 	   13 
 183450 	   89703 	   16 	   87839 	   12 
 183305 	   93911 	   26 	   94980 	   24 
 184157 	   90515 	   13 	   90471 	   15 
 183642 	   92659 	   14 	   87726 	   17 
 190943 	   90702 	   28 	   94296 	   22 
 183250 	   86938 	   16 	   88980 	   16 
 176957 	   97455 	   29 	  102213 	   35 
 180269 	  100253 	   22 	   97587 	   23 
 183620 	   94018 	   17 	   88097 	   14 
 177769 	   96405 	   14 	  105554 	   14 
 176148 	   99833 	   23 	   97297 	   10 
 178737 	   99423 	   29 	   89830 	   33 
 194403 	   83542 	   19 	   84943 	   17 
 195141 	   86035 	   39 	   84409 	   40 
 201246 	   77584 	   24 	   73379 	   23 
 201038 	   76851 	   17 	   81184 	   16 
 197330 	   80199 	   15 	   78075 	   15 
 197949 	   76580 	   22 	   74389 	   11 
 202724 	   68059 	   11 	   69953 	   24 
 204777 	   74001 	   17 	   67500 	   20 
 211956 	   84463 	  103 	   86622 	  112 
 213693 	   56220 	   12 	   60047 	   13 
 210546 	   68615 	   19 	   62779 	   20 
 213194 	   62523 	   26 	   64799 	   24 
 214793 	   53853 	   17 	   50982 	   17 
 217572 	   51829 	   16 	   54789 	   15 
 209179 	   76013 	   25 	   70543 	   25 
 213677 	   65214 	   15 	   68867 	   13 
 209876 	   68432 	   16 	   70406 	   14 
 204401 	   76441 	   24 	   81741 	   24 
 200261 	   73986 	   11 	   71703 	   15 
 191509 	   87754 	   22 	   88289 	   25 
 205898 	   63613 	   18 	   57940 	   15 
 207475 	   63446 	   45 	   66091 	   44 
 209788 	   74001 	   23 	   74049 	   20 
 207026 	   83084 	   28 	   83302 	   27 
 208269 	   60730 	   18 	   63621 	   15 
 210979 	   71816 	   21 	   68979 	   22 
 211095 	   83695 	   36 	   79579 	   33 
 205717 	   80341 	   27 	   79177 	   17 
 195175 	   91202 	   22 	  113190 	   26 
 189452 	   88592 	   24 	   89400 	   16 
 183913 	   86855 	   15 	   84849 	   21 
 192350 	   90181 	   18 	   82934 	   19 
 202869 	   82362 	   45 	   65262 	   14 
 204604 	   79430 	   30 	   95392 	   52 
 191396 	   88911 	   14 	   95661 	   15 
 189589 	   86338 	   11 	   83997 	   12 
 191858 	   95988 	   24 	   82354 	   21 
 195310 	   81589 	   11 	   91870 	   16 
 183755 	   96300 	   20 	  104239 	   19 
 180091 	   94525 	   16 	   95091 	   12 
 178614 	   91350 	   11 	   92836 	   12 
 185048 	   98425 	   25 	  101769 	   25 
 177630 	   99639 	   20 	   98825 	   17 
 178458 	   93020 	   23 	   82663 	   13 
 181197 	   93264 	   15 	   79826 	   25 
 200910 	   88347 	   47 	   93811 	   48 
 191876 	   83940 	   27 	   87192 	   14 
 184629 	  103766 	   22 	  120430 	   25 
 182318 	   97071 	   12 	  102134 	   13 
 178910 	  106134 	   30 	  105371 	   35 
 172686 	  102615 	   18 	  106570 	   22 
 173848 	  126309 	   29 	  102196 	   18 
 182339 	  102043 	   16 	  122820 	   25 
 180918 	   99239 	   15 	  108082 	   19 
 175298 	  112035 	   26 	  100802 	   25 
 174218 	   97986 	   12 	   97289 	   12 
 180608 	  105454 	   19 	   93884 	   20 
 191460 	   97305 	   30 	   74561 	   25 
 210872 	   65423 	   17 	   60843 	   18 
 213141 	   60168 	   15 	   70717 	   13 
 197060 	  103905 	   23 	   76472 	   27 
 217703 	   57357 	   16 	   66075 	   13 
 212582 	   65836 	   20 	   48340 	   20 
 223905 	   54894 	   16 	   57145 	   18 
 224943 	   49427 	   18 	   44381 	   17 
 232227 	   93143 	  121 	   73266 	  125 
 244834 	   40770 	   19 	   41030 	   19 
 241798 	   43225 	   18 	   38657 	   16 
 246210 	   51992 	   37 	   52146 	   40 
 247760 	   27862 	   20 	   29216 	   20 
 247556 	   23859 	   22 	   23754 	   19 
 248029 	   31302 	   29 	   31782 	   27 
 246234 	   35148 	   19 	   33438 	   17 
 248639 	   40742 	   16 	   40348 	   15 
 247826 	   34676 	   13 	   37099 	   13 
 246720 	   43120 	   33 	   42874 	   34 
 246744 	   35607 	   16 	   35316 	   15 
 246719 	   35927 	   19 	   36466 	   17 
 246312 	   30524 	   18 	   31246 	   17 
 245769 	   32695 	   22 	   32837 	   26 
 241227 	   62219 	   44 	   57010 	   47 
 239337 	   48598 	   21 	   42917 	   21 
 242108 	   31965 	   11 	   36165 	   13 
 239808 	   42833 	   14 	   42380 	   17 
 240678 	   45795 	   24 	   42825 	   25 
 240814 	   30189 	   18 	   32394 	   18 
 239814 	   35624 	   24 	   40096 	   23 
 237775 	   62826 	   31 	   62633 	   31 
 237382 	   44157 	   16 	   41704 	   13 
 237580 	   41000 	   16 	   44158 	   17 
 239290 	   55367 	   19 	   59852 	   21 
 244078 	   38111 	   15 	   44271 	   13 
 245528 	   50286 	   62 	   54222 	   67 
 240972 	   43320 	   31 	   40214 	   32 
 241700 	   43771 	   17 	   40854 	   17 
 240521 	   41822 	   16 	   39929 	   15 
 244084 	   44900 	   16 	   47584 	   17 
 234664 	   59381 	   25 	   57798 	   24 
 232278 	   46170 	   18 	   43338 	   18 
 232386 	   48884 	   16 	   47754 	   15 
 240005 	   57094 	   19 	   61850 	   21 
 243492 	   38361 	   18 	   45467 	   17 
 242178 	   39474 	   30 	   44523 	   31 
 242663 	   34406 	   16 	   33886 	   17 
 249722 	   48422 	   37 	   58647 	   37 
 249608 	   36387 	   61 	   43077 	   74 
