% num_local_points | num_send_points | num_send_procs | num_recv_points | num_recv_procs 
 243703 	   56224 	   53 	   45636 	   52 
 246823 	   36924 	   16 	   36238 	   16 
 245124 	   45254 	   15 	   38874 	   17 
 250165 	   31691 	   19 	   39195 	   17 
 246767 	   53354 	   36 	   46487 	   36 
 247350 	   31855 	   16 	   32623 	   14 
 248833 	   43253 	   18 	   43752 	   16 
 246746 	   34740 	   20 	   36590 	   17 
 249650 	   45292 	   24 	   43743 	   24 
 248873 	   41892 	   17 	   42088 	   18 
 249346 	   37605 	   16 	   39120 	   15 
 251475 	   34505 	   18 	   38627 	   18 
 246757 	   56517 	   57 	   48406 	   58 
 242340 	   41283 	   18 	   38126 	   18 
 239403 	   39616 	   17 	   33703 	   18 
 240814 	   37232 	   15 	   38388 	   14 
 240042 	   70039 	   37 	   58004 	   36 
 236511 	   44963 	   18 	   32976 	   18 
 240823 	   37409 	   13 	   34928 	   12 
 248458 	   41397 	   22 	   54807 	   23 
 233550 	   42730 	   20 	   19244 	   19 
 244871 	   32751 	   16 	   34927 	   16 
 247892 	   51578 	   43 	   59450 	   43 
 243952 	   35293 	   15 	   36424 	   15 
 243762 	   39000 	   17 	   34322 	   18 
 237721 	   48188 	   15 	   38256 	   15 
 248182 	   32116 	   29 	   37741 	   28 
 237761 	   35082 	   29 	   23703 	   27 
 237574 	   34873 	   15 	   30967 	   16 
 243412 	   29138 	   17 	   30994 	   16 
 238194 	   40462 	   19 	   29100 	   19 
 237340 	   40757 	   17 	   31822 	   18 
 246622 	   37858 	   29 	   44432 	   29 
 242679 	   41962 	   16 	   33955 	   17 
 243484 	   33677 	   14 	   33484 	   14 
 241710 	   58182 	   19 	   56602 	   20 
 241336 	   37995 	   14 	   38577 	   14 
 241838 	   40034 	   15 	   37891 	   15 
 243471 	   45364 	   22 	   49118 	   22 
 242810 	   36911 	   14 	   37028 	   14 
 250409 	   48774 	   29 	   59790 	   29 
 247096 	   35933 	   33 	   35053 	   32 
 247932 	   45482 	   27 	   52653 	   26 
 238832 	   57619 	   45 	   48239 	   44 
 247203 	   30093 	   13 	   41103 	   14 
 242703 	   32817 	   14 	   38244 	   13 
 237651 	   48356 	   23 	   46055 	   23 
 239429 	   36341 	   13 	   25148 	   13 
 240473 	   34879 	   14 	   42689 	   13 
 243832 	   30059 	   15 	   30610 	   15 
 265672 	   31955 	   53 	   79989 	   52 
 249583 	   44170 	   60 	   49233 	   59 
 246288 	   45928 	   28 	   44437 	   26 
 246864 	   32235 	   18 	   34782 	   18 
 244659 	   37955 	   16 	   38578 	   15 
 247989 	   48155 	   34 	   51875 	   34 
 246172 	   31828 	   16 	   34832 	   17 
 245981 	   34866 	   19 	   35286 	   18 
 245145 	   48296 	   28 	   44562 	   27 
 245762 	   26416 	   14 	   27310 	   14 
 248180 	   30647 	   18 	   33191 	   18 
 246332 	   51083 	   44 	   45199 	   44 
 248390 	   26163 	   13 	   24710 	   14 
 247615 	   25664 	   12 	   28284 	   12 
 246270 	   31888 	   14 	   30493 	   14 
 247772 	   37056 	   28 	   38346 	   28 
 244207 	   42680 	   17 	   38823 	   17 
 246179 	   40239 	   16 	   39130 	   16 
 246760 	   41855 	   17 	   40092 	   17 
 245955 	   40210 	   20 	   39703 	   17 
 248516 	   38058 	   34 	   40893 	   29 
 247907 	   24248 	   20 	   24395 	   20 
 248221 	   25709 	   14 	   27166 	   13 
 245358 	   34212 	   25 	   32626 	   24 
 248823 	   27240 	   34 	   23819 	   31 
 251559 	   33750 	   32 	   40161 	   32 
 248623 	   42690 	   42 	   44665 	   43 
 245655 	   30238 	   16 	   29561 	   14 
 246415 	   26599 	   17 	   29146 	   15 
 246054 	   30474 	   16 	   31253 	   16 
 249852 	   31555 	   19 	   37895 	   18 
 245548 	   24457 	   15 	   20410 	   15 
 244661 	   24972 	   22 	   24663 	   22 
 245084 	   26311 	   15 	   24523 	   14 
 245413 	   24764 	   12 	   24278 	   12 
 245493 	   40531 	   29 	   41160 	   24 
 249728 	   24573 	   14 	   28047 	   14 
 244004 	   27774 	   12 	   26630 	   13 
 246457 	   28707 	   19 	   25036 	   20 
 241420 	   65058 	   77 	   41920 	   81 
 237826 	   35887 	   14 	   27781 	   14 
 242340 	   32773 	   22 	   29762 	   22 
 245890 	   31894 	   12 	   30015 	   12 
 246606 	   33502 	   17 	   33484 	   17 
 245666 	   54259 	   23 	   52945 	   23 
 243274 	   34665 	   17 	   37134 	   17 
 246517 	   30175 	   14 	   31383 	   14 
 246508 	   39319 	   32 	   44717 	   33 
 245473 	   32269 	   14 	   31700 	   14 
 245104 	   29318 	   14 	   29863 	   14 
 250665 	   50671 	   43 	   58091 	   43 
 236532 	   35357 	   27 	   21213 	   25 
 240936 	   23096 	   15 	   24708 	   15 
 236910 	   38739 	   17 	   23666 	   15 
 234695 	   44750 	   25 	   24563 	   24 
 243210 	   30398 	   15 	   33714 	   15 
 247853 	   27534 	   16 	   40500 	   15 
 244887 	   31058 	   23 	   34758 	   24 
 238932 	   33361 	   13 	   28947 	   14 
 248349 	   25842 	   21 	   33810 	   21 
 261647 	   26758 	   36 	   58367 	   35 
 247328 	   39762 	   45 	   44512 	   45 
 242118 	   21959 	   16 	   22461 	   16 
 242194 	   24030 	   21 	   21564 	   21 
 242957 	   25902 	   18 	   21804 	   18 
 244160 	   27125 	   24 	   25083 	   24 
 245019 	   28912 	   15 	   31665 	   15 
 247596 	   40856 	   31 	   41129 	   31 
 244660 	   29286 	   10 	   28948 	   10 
 247386 	   29088 	   16 	   29485 	   16 
 247539 	   43860 	   30 	   44561 	   31 
 245181 	   30331 	   35 	   31169 	   35 
 241311 	   19298 	   16 	   19771 	   16 
 241632 	   15790 	   12 	   16123 	   12 
 240817 	   22919 	   16 	   17679 	   16 
 238148 	   27064 	   11 	   16762 	   13 
 240898 	   26147 	   20 	   20763 	   20 
 241991 	   24465 	   13 	   20912 	   13 
 237774 	   40033 	   18 	   26519 	   18 
 262200 	   57230 	   50 	   86884 	   49 
 249202 	   22353 	   16 	   32447 	   16 
 248391 	   32031 	  124 	   35420 	  126 
 245950 	   30883 	   18 	   30343 	   19 
 247134 	   44873 	   30 	   45371 	   29 
 244371 	   44592 	   20 	   45591 	   21 
 246254 	   25249 	   16 	   26030 	   13 
 248506 	   29505 	   35 	   27490 	   35 
 247774 	   37694 	   28 	   35730 	   27 
 248032 	   24819 	   18 	   27480 	   18 
 245685 	   27643 	   14 	   28052 	   14 
 243632 	   46560 	   32 	   40998 	   30 
 248447 	   35461 	   19 	   36535 	   20 
 248031 	   27857 	   15 	   27423 	   16 
 245516 	   28358 	   11 	   26710 	   11 
 246742 	   44072 	   34 	   42263 	   29 
 249319 	   27321 	   15 	   28176 	   13 
 251071 	   41251 	   35 	   44132 	   34 
 246904 	   33744 	   11 	   33393 	   11 
 246612 	   38317 	   18 	   41452 	   17 
 245779 	   32145 	   15 	   32777 	   15 
 248381 	   62459 	   56 	   60325 	   52 
 245422 	   27067 	   17 	   28678 	   18 
 245282 	   39518 	   20 	   40565 	   20 
 244505 	   33205 	   27 	   29745 	   28 
 245424 	   30021 	   13 	   30262 	   15 
 248340 	   32912 	   19 	   35306 	   20 
 246562 	   37004 	   41 	   37298 	   42 
 245932 	   25520 	   17 	   28317 	   16 
 244088 	   31588 	   23 	   30207 	   18 
 245655 	   28006 	   29 	   30489 	   29 
 247502 	   26482 	   16 	   31681 	   15 
 248388 	   30281 	   19 	   31569 	   19 
 245085 	   35432 	   24 	   35473 	   24 
 243101 	   35412 	   14 	   31776 	   14 
 243048 	   36208 	   16 	   35257 	   14 
 242512 	   31445 	   14 	   29493 	   12 
 246833 	   30579 	   44 	   31663 	   43 
 245156 	   29924 	   19 	   30262 	   18 
 247821 	   28224 	   15 	   32266 	   15 
 242299 	   49512 	   30 	   39009 	   32 
 242367 	   52201 	   52 	   39459 	   56 
 248270 	   36831 	   21 	   40318 	   19 
 245458 	   23944 	   15 	   24619 	   15 
 245632 	   39714 	   22 	   37845 	   22 
 244108 	   33928 	   22 	   35007 	   22 
 246146 	   25328 	   14 	   28938 	   13 
 238269 	   46114 	   29 	   35382 	   28 
 242404 	   24719 	   22 	   22852 	   22 
 245999 	   21394 	   12 	   21824 	   14 
 245244 	   30092 	   20 	   29743 	   19 
 245541 	   27623 	   22 	   29670 	   22 
 245031 	   66226 	   39 	   60023 	   39 
 242755 	   26115 	   21 	   26505 	   21 
 248284 	   22281 	   12 	   34322 	   11 
 242308 	   28644 	   19 	   25679 	   20 
 245792 	   29199 	   22 	   38600 	   22 
 243707 	   25786 	   20 	   27208 	   20 
 239944 	   20808 	    9 	   18672 	   11 
 242048 	   18482 	   14 	   18339 	   14 
 234536 	   40238 	   18 	   22301 	   17 
 249490 	   43808 	   26 	   50719 	   25 
 251956 	   40757 	   91 	   55752 	   84 
 241645 	   17624 	   13 	   16892 	   12 
 242450 	   21396 	   13 	   20427 	   12 
 243804 	   23695 	   21 	   23490 	   21 
 245655 	   29575 	   21 	   31707 	   20 
 245744 	   39552 	   34 	   39439 	   33 
 242931 	   24812 	   17 	   21151 	   18 
 244669 	   29900 	   22 	   26792 	   22 
 246149 	   27192 	   21 	   28101 	   20 
 245475 	   27530 	   23 	   24862 	   22 
 248843 	   27368 	   25 	   31738 	   21 
 242301 	   23253 	   37 	   24664 	   35 
 241079 	   19796 	   16 	   19368 	   16 
 241841 	   20293 	   13 	   20582 	   13 
 238044 	   29350 	   14 	   18837 	   14 
 250767 	   21696 	   30 	   35268 	   29 
 242755 	   18081 	   22 	   17071 	   22 
 241349 	   24681 	   13 	   21632 	   13 
 238093 	   49414 	   30 	   29733 	   25 
 255781 	   39226 	   33 	   59519 	   28 
 246536 	   16849 	   13 	   19178 	   13 
 249281 	   32029 	   88 	   29912 	   89 
 249062 	   35203 	   18 	   34756 	   16 
 249960 	   28964 	   15 	   33796 	   15 
 250277 	   29402 	   24 	   29288 	   22 
 246388 	   26210 	   19 	   26238 	   18 
 246267 	   30575 	   25 	   29265 	   23 
 248329 	   22380 	   20 	   24936 	   17 
 246894 	   23796 	   24 	   22710 	   21 
 245674 	   33614 	   20 	   36209 	   17 
 244904 	   22699 	   15 	   26813 	   14 
 244159 	   31500 	   22 	   31153 	   17 
 251259 	   50357 	   65 	   51951 	   58 
 243946 	   25587 	   17 	   24293 	   15 
 241653 	   37988 	   22 	   32400 	   26 
 248617 	   18504 	   18 	   22656 	   16 
 244298 	   30781 	   21 	   25692 	   22 
 244546 	   26282 	   19 	   26421 	   21 
 243848 	   18846 	   14 	   22653 	   14 
 243910 	   28321 	   24 	   24317 	   25 
 249220 	   16868 	   15 	   27289 	   15 
 244759 	   36773 	   20 	   34577 	   19 
 245380 	   49183 	   71 	   45296 	   72 
 243015 	   27919 	   19 	   24627 	   20 
 242937 	   22651 	   16 	   19639 	   20 
 242653 	   24279 	   18 	   25001 	   26 
 243679 	   19022 	   13 	   22411 	   16 
 244647 	   33081 	   32 	   27964 	   32 
 245047 	   22758 	   18 	   22321 	   17 
 245763 	   22040 	   17 	   20981 	   16 
 248874 	   27667 	   18 	   35456 	   20 
 247467 	   35109 	   23 	   38085 	   21 
 239502 	   33821 	   59 	   21724 	   53 
 240926 	   15322 	   12 	   14704 	   14 
 241291 	   16357 	   13 	   15839 	   13 
 242641 	   21371 	   23 	   21106 	   23 
 247670 	   19607 	   15 	   27722 	   15 
 240111 	   35718 	   27 	   25659 	   30 
 242537 	   18637 	   12 	   18269 	   12 
 245775 	   17849 	   20 	   19296 	   23 
 248235 	   26438 	   19 	   35007 	   23 
 241369 	   35149 	   21 	   23056 	   25 
 243127 	   35627 	  114 	   31305 	  135 
 242436 	   39744 	   46 	   32084 	   56 
 243973 	   34197 	   37 	   26121 	   41 
 237386 	   41889 	   20 	   33299 	   21 
 248666 	   27185 	   14 	   25323 	   14 
 242819 	   33606 	   22 	   32843 	   22 
 244150 	   31858 	   17 	   28464 	   20 
 247266 	   40048 	   23 	   42661 	   24 
 242463 	   37612 	   16 	   30403 	   15 
 251409 	   28770 	   16 	   30844 	   14 
 246327 	   32829 	   20 	   34668 	   18 
 248127 	   25942 	   14 	   26151 	   13 
 246481 	   33533 	   24 	   46283 	   25 
 238606 	   37618 	   21 	   31407 	   20 
 239651 	   36304 	   15 	   26175 	   14 
 250344 	   21608 	   13 	   23095 	   13 
 253962 	   23985 	   28 	   36038 	   26 
 242665 	   46046 	   37 	   45833 	   43 
 242199 	   34785 	   12 	   25563 	   12 
 250513 	   23700 	   15 	   30769 	   16 
 238702 	   41964 	   45 	   36879 	   53 
 245573 	   33718 	   20 	   32749 	   20 
 244931 	   26423 	   20 	   29518 	   20 
 241658 	   33625 	   20 	   27432 	   19 
 243934 	   32155 	   23 	   29831 	   21 
 243069 	   32911 	   14 	   28867 	   15 
 246916 	   24679 	   18 	   27027 	   19 
 247660 	   28962 	   23 	   30399 	   21 
 242938 	   30151 	   14 	   26458 	   13 
 244712 	   28989 	   46 	   28171 	   52 
 244519 	   22144 	   12 	   22693 	   12 
 246352 	   17638 	   13 	   18672 	   13 
 242880 	   29031 	   21 	   25618 	   21 
 246482 	   25618 	   13 	   25990 	   14 
 245659 	   27253 	   17 	   24077 	   17 
 247415 	   17448 	   10 	   18384 	   10 
 248036 	   21216 	   13 	   20725 	   13 
 249423 	   26141 	   21 	   26925 	   20 
 247936 	   21779 	   10 	   20189 	    9 
 248956 	   27149 	   49 	   28702 	   55 
 248910 	   20916 	   14 	   19371 	   14 
 248986 	   20653 	   11 	   23338 	   12 
 251722 	   30915 	   32 	   53932 	   34 
 235044 	   53698 	   52 	   50380 	   53 
 248028 	   20859 	   14 	   24958 	   11 
 232568 	   43826 	   23 	   25063 	   24 
 247026 	   25335 	   17 	   25531 	   18 
 248184 	   18395 	   13 	   22378 	   13 
 250201 	   21940 	   26 	   23660 	   28 
 246054 	   25808 	   15 	   26357 	   17 
 246774 	   25107 	   23 	   31663 	   24 
 239802 	   33812 	   19 	   29039 	   18 
 245731 	   24144 	   28 	   25823 	   25 
 242716 	   26740 	   17 	   26387 	   16 
 246764 	   29443 	   43 	   40414 	   32 
 252242 	   21810 	   36 	   30923 	   38 
 241402 	   33719 	   41 	   26688 	   48 
 243313 	   27911 	   16 	   24975 	   16 
 244117 	   24132 	   14 	   23122 	   13 
 242752 	   30828 	   25 	   23766 	   28 
 245121 	   29182 	   16 	   27419 	   16 
 247178 	   22526 	   16 	   24637 	   13 
 248434 	   28064 	   31 	   39063 	   34 
 237796 	   29604 	   13 	   21079 	   17 
 242896 	   21694 	   17 	   22341 	   15 
 249483 	   26747 	   25 	   37342 	   23 
 240233 	   36580 	   25 	   33414 	   25 
 242656 	   25821 	   17 	   22468 	   19 
 241792 	   33352 	   58 	   32510 	   65 
 241937 	   30576 	   13 	   30562 	   14 
 245396 	   25513 	   14 	   22356 	   13 
 243002 	   33555 	   18 	   27081 	   18 
 245440 	   25896 	   27 	   26808 	   29 
 243551 	   26304 	   15 	   26573 	   18 
 245643 	   20053 	   11 	   21387 	   11 
 244202 	   28603 	   20 	   28737 	   19 
 241448 	   28081 	   17 	   24181 	   16 
 246023 	   31560 	   40 	   34663 	   46 
 243776 	   28088 	   15 	   28176 	   15 
 248649 	   25382 	   16 	   32002 	   14 
 251855 	   26040 	   38 	   51076 	   48 
 230417 	   46927 	   39 	   31716 	   41 
 249052 	   26315 	   18 	   28475 	   20 
 247766 	   25366 	   14 	   26793 	   14 
 245639 	   29828 	   14 	   33355 	   11 
 242430 	   31664 	   23 	   30405 	   24 
 238466 	   35560 	   24 	   32265 	   22 
 235483 	   40262 	   15 	   27585 	   15 
 247240 	   20293 	   12 	   25580 	   12 
 244330 	   29641 	   24 	   38265 	   25 
 235868 	   40267 	   25 	   43667 	   22 
 232622 	   35877 	   18 	   26072 	   19 
 241182 	   29127 	   37 	   26536 	   36 
 244989 	   23341 	   17 	   25622 	   17 
 244974 	   24864 	   20 	   23678 	   21 
 246262 	   19735 	   14 	   19376 	   14 
 245333 	   23108 	   15 	   22319 	   12 
 244805 	   26141 	   27 	   23003 	   27 
 248210 	   19664 	   19 	   20891 	   14 
 249182 	   18176 	   18 	   19400 	   17 
 248263 	   25347 	   14 	   24852 	   13 
 247367 	   24060 	   16 	   21700 	   14 
 251001 	   32328 	   54 	   44384 	   59 
 252196 	   18802 	   31 	   26903 	   31 
 242757 	   27963 	   37 	   28432 	   42 
 236866 	   33677 	   13 	   25144 	   12 
 241656 	   26359 	   14 	   24197 	   12 
 248573 	   23982 	   26 	   40407 	   27 
 237595 	   25527 	   14 	   20776 	   18 
 237036 	   30694 	   19 	   26088 	   20 
 240990 	   31862 	   23 	   27317 	   25 
 241975 	   31205 	   17 	   24834 	   17 
 246118 	   21696 	   15 	   21677 	   15 
 251394 	   20980 	   27 	   33694 	   27 
 236198 	   43326 	   24 	   37525 	   24 
 242000 	   26392 	   22 	   20527 	   20 
 244567 	   27520 	   82 	   27000 	   79 
 245086 	   25891 	   14 	   26935 	   15 
 244444 	   23689 	   16 	   30815 	   14 
 236950 	   34543 	   25 	   28408 	   27 
 242408 	   25714 	   19 	   27631 	   18 
 241631 	   24734 	   30 	   25761 	   32 
 242043 	   23791 	   16 	   23315 	   15 
 242270 	   26427 	   21 	   29631 	   17 
 239513 	   30146 	   26 	   33647 	   24 
 237973 	   23707 	   14 	   21519 	   14 
 239878 	   21107 	   17 	   21913 	   15 
 240895 	   28344 	   56 	   34381 	   59 
 236446 	   31763 	   19 	   27998 	   16 
 241894 	   25792 	   28 	   29367 	   28 
 242986 	   24156 	   17 	   22437 	   15 
 243121 	   26151 	   20 	   27422 	   18 
 240551 	   26721 	   29 	   27206 	   29 
 239617 	   21558 	   17 	   22336 	   15 
 240464 	   17859 	   15 	   25041 	   11 
 242234 	   24637 	   22 	   26219 	   23 
 241244 	   24342 	   16 	   25654 	   14 
 241528 	   28800 	   64 	   34983 	   67 
 235290 	   30472 	   15 	   27378 	   16 
 237538 	   25726 	   18 	   24535 	   16 
 237649 	   27869 	   22 	   28979 	   24 
 238353 	   25523 	   16 	   30324 	   15 
 243054 	   25289 	   31 	   35887 	   29 
 238239 	   26657 	   17 	   22538 	   14 
 243690 	   29444 	   22 	   33841 	   17 
 238897 	   31087 	   25 	   27647 	   25 
 241415 	   25535 	   18 	   30026 	   19 
 239415 	   28130 	   18 	   28311 	   14 
 257142 	   25071 	   48 	   89223 	   63 
 249144 	   17421 	   15 	   55008 	   10 
 242385 	   20553 	   27 	   22731 	   25 
 242957 	   18917 	   17 	   21439 	   13 
 242011 	   22999 	   29 	   23673 	   28 
 241861 	   19463 	   16 	   22399 	   15 
 242923 	   23215 	   30 	   23923 	   25 
 246824 	   17753 	   15 	   21047 	   13 
 246460 	   25496 	   20 	   28073 	   18 
 215801 	  166861 	  112 	   44133 	  111 
 251578 	   17724 	   16 	   25306 	   16 
 252280 	   19618 	   41 	   28357 	   45 
 253056 	   30422 	   31 	   42473 	   34 
 251020 	   21631 	   13 	   23149 	   13 
 244311 	   28680 	   19 	   24831 	   18 
 249007 	   27703 	   16 	   26232 	   16 
 246497 	   43682 	   27 	   40116 	   25 
 251832 	   25945 	   15 	   31964 	   16 
 248348 	   28435 	   16 	   25371 	   15 
 247738 	   26392 	   19 	   27919 	   18 
 250585 	   23388 	   13 	   25095 	   12 
 244557 	   36078 	   24 	   27003 	   21 
 247020 	   35547 	   27 	   32478 	   28 
 252604 	   26568 	   14 	   33649 	   14 
 250578 	   22793 	   13 	   24468 	   12 
 246937 	   32568 	   19 	   26822 	   20 
 248699 	   39104 	   40 	   45201 	   43 
 247106 	   29683 	   16 	   30897 	   15 
 247125 	   26567 	   16 	   24524 	   17 
 250454 	   30308 	   45 	   43541 	   47 
 249651 	   28083 	   16 	   33917 	   15 
 245567 	   26371 	   19 	   20335 	   19 
 247668 	   27964 	   16 	   27463 	   16 
 243721 	   26745 	   17 	   20671 	   17 
 249877 	   17637 	   13 	   24307 	   12 
 244985 	   41128 	   27 	   37626 	   28 
 255754 	   24714 	   22 	   41831 	   21 
 240071 	   32015 	   12 	   21900 	   13 
 253927 	   21733 	   37 	   37643 	   36 
 244049 	   20182 	   15 	   18180 	   15 
 245000 	   19029 	   14 	   16886 	   14 
 246547 	   21836 	   23 	   20099 	   23 
 247731 	   20868 	   15 	   20839 	   15 
 248364 	   19268 	   22 	   18855 	   22 
 249832 	   25267 	   22 	   32767 	   24 
 239780 	   31004 	   14 	   20486 	   14 
 252180 	   22582 	   19 	   36542 	   19 
 247389 	   21173 	   14 	   20994 	   14 
 254041 	   23635 	   55 	   38805 	   58 
 245513 	   29583 	   16 	   22653 	   16 
 248546 	   22870 	   14 	   26494 	   13 
 236107 	   49556 	   27 	   32730 	   27 
 230086 	   53315 	   63 	   22807 	   66 
 238946 	   34382 	   28 	   17707 	   32 
 247195 	   36808 	   50 	   45967 	   56 
 247689 	   27679 	   19 	   35173 	   18 
 247083 	   21038 	   12 	   28249 	   12 
 241262 	   31190 	   16 	   26932 	   16 
 246015 	   27689 	   24 	   35440 	   24 
 244041 	   26965 	   13 	   23720 	   14 
 241167 	   33635 	   18 	   33251 	   16 
 233436 	   47692 	   23 	   32455 	   24 
 232491 	   52093 	   27 	   42931 	   30 
 249161 	   29558 	   21 	   54489 	   20 
 241125 	   26103 	   12 	   26431 	   12 
 240001 	   31086 	   24 	   37821 	   24 
 240558 	   29208 	   16 	   27379 	   16 
 243093 	   25703 	   15 	   33008 	   15 
 238251 	   34130 	   13 	   34746 	   13 
 241324 	   31103 	   14 	   30467 	   15 
 243682 	   29223 	   16 	   38149 	   15 
 232778 	   50057 	   35 	   32114 	   40 
 234990 	   35622 	   13 	   22588 	   16 
 241498 	   37409 	   29 	   45566 	   30 
 232517 	   35341 	   16 	   35843 	   15 
 245904 	   29681 	   24 	   49501 	   22 
 240275 	   26914 	   12 	   30736 	   11 
 241551 	   36626 	   55 	   40988 	   61 
 247765 	   20765 	   16 	   20121 	   14 
 248264 	   21318 	   18 	   21399 	   17 
 250601 	   22841 	   18 	   28161 	   18 
 249863 	   25365 	   27 	   29161 	   26 
 246279 	   23939 	   16 	   22442 	   14 
 246464 	   19327 	   15 	   19015 	   14 
 247441 	   27061 	   18 	   25172 	   20 
 249755 	   22236 	   18 	   28107 	   16 
 248433 	   29031 	   38 	   28886 	   42 
 250564 	   22460 	   14 	   23423 	   14 
 240358 	   38634 	   18 	   23462 	   17 
 242219 	   32055 	   41 	   21963 	   41 
 249785 	   32880 	   38 	   42596 	   41 
 246922 	   26044 	   14 	   23813 	   13 
 245365 	   24011 	   13 	   22050 	   15 
 242396 	   32833 	   18 	   29389 	   16 
 242721 	   31609 	   22 	   29975 	   24 
 247233 	   28546 	   21 	   37242 	   20 
 246118 	   26523 	   12 	   27347 	   14 
 245863 	   22828 	   16 	   24871 	   15 
 239288 	   35104 	   21 	   27266 	   21 
 241243 	   34878 	   22 	   35359 	   24 
 243834 	   24276 	   17 	   27884 	   17 
 243063 	   25713 	   32 	   25961 	   31 
 245542 	   20268 	   15 	   19572 	   14 
 245818 	   18013 	   14 	   17093 	   13 
 246744 	   21585 	   18 	   20272 	   19 
 248193 	   22705 	   16 	   25862 	   15 
 247558 	   25655 	   26 	   25558 	   23 
 247533 	   18598 	   18 	   18873 	   14 
 247954 	   21915 	   16 	   20891 	   16 
 249350 	   24687 	   16 	   25917 	   17 
 247905 	   21898 	   15 	   20190 	   17 
 244556 	   34922 	   42 	   27465 	   41 
 250951 	   23379 	   41 	   29413 	   48 
 246541 	   25993 	   41 	   27537 	   36 
 245052 	   24029 	   15 	   25077 	   14 
 244231 	   23202 	   15 	   22560 	   12 
 241807 	   29822 	   23 	   25927 	   25 
 240511 	   31279 	   24 	   33771 	   26 
 241742 	   25914 	   17 	   27373 	   17 
 242691 	   29348 	   22 	   28048 	   21 
 245176 	   24765 	   13 	   24119 	   13 
 246188 	   22724 	   15 	   23101 	   13 
 246183 	   26762 	   24 	   27585 	   24 
 242297 	   36393 	   22 	   38008 	   22 
 243531 	   23871 	   17 	   22071 	   17 
 238720 	   35960 	   83 	   32240 	   90 
 238935 	   31591 	   16 	   29766 	   16 
 239916 	   28103 	   12 	   23469 	   12 
 232478 	   45105 	   24 	   37820 	   23 
 241751 	   28364 	   22 	   39206 	   23 
 235941 	   29757 	   13 	   23823 	   14 
 240461 	   30256 	   36 	   34646 	   39 
 235136 	   35837 	   19 	   33651 	   20 
 235847 	   32392 	   22 	   34068 	   23 
 238065 	   23996 	   13 	   24278 	   14 
 233894 	   29016 	   17 	   27587 	   16 
 223056 	   52516 	   44 	   32865 	   45 
 241463 	   25985 	   18 	   39237 	   21 
 238154 	   24655 	   13 	   27386 	   13 
 227574 	   45310 	   20 	   20412 	   21 
 234962 	   44375 	   21 	   50025 	   22 
 242111 	   32297 	   37 	   48083 	   39 
 235339 	   25624 	   14 	   22095 	   13 
 232081 	   27667 	   19 	   26059 	   17 
 229379 	   38341 	   21 	   32289 	   21 
 231066 	   39832 	   21 	   40549 	   21 
 235590 	   34683 	   70 	   34986 	   86 
 238433 	   24734 	   12 	   23839 	   12 
 237902 	   28820 	   18 	   29296 	   15 
 235791 	   30579 	   17 	   31896 	   18 
 232086 	   30338 	   18 	   29117 	   17 
 235670 	   33295 	   33 	   33363 	   32 
 239608 	   27630 	   12 	   28195 	   12 
 242768 	   31376 	   18 	   34568 	   16 
 239768 	   35446 	   22 	   34479 	   25 
 238221 	   29449 	   20 	   29444 	   18 
 240615 	   30052 	   15 	   31011 	   15 
 208818 	   77479 	   39 	   41709 	   41 
 221091 	   47853 	   19 	   39395 	   15 
 234490 	   32388 	   21 	   28036 	   21 
 235324 	   29917 	   21 	   29000 	   19 
 238724 	   27158 	   38 	   27188 	   39 
 240244 	   22898 	   22 	   22733 	   22 
 241727 	   23627 	   17 	   24597 	   16 
 241644 	   28435 	   22 	   25227 	   24 
 246179 	   24045 	   25 	   26744 	   22 
 293767 	   60228 	   84 	  111562 	   85 
 255803 	   30586 	   53 	   34405 	   53 
 249518 	   24365 	   13 	   24821 	   13 
 249234 	   20379 	   12 	   20432 	   11 
 246727 	   34454 	   26 	   27656 	   26 
 250665 	   40295 	   44 	   42631 	   43 
 248808 	   26858 	   15 	   27996 	   15 
 251899 	   24626 	   17 	   27353 	   17 
 246853 	   35411 	   21 	   34537 	   19 
 246119 	   30607 	   14 	   30618 	   12 
 246538 	   27258 	   16 	   26684 	   16 
 244008 	   32555 	   14 	   29870 	   13 
 247837 	   26488 	   16 	   26173 	   15 
 247449 	   32655 	   44 	   37263 	   49 
 242035 	   36983 	   17 	   31738 	   14 
 243392 	   26933 	   26 	   26355 	   20 
 244196 	   29082 	   26 	   26556 	   24 
 245743 	   33002 	   28 	   32523 	   29 
 245675 	   30350 	   14 	   29419 	   13 
 247452 	   31351 	   19 	   35413 	   19 
 241619 	   34976 	   20 	   30520 	   19 
 244510 	   28952 	   26 	   29881 	   24 
 242618 	   31962 	   15 	   31589 	   15 
 238800 	   39591 	   36 	   39864 	   32 
 241792 	   35582 	   27 	   35164 	   26 
 236985 	   40203 	   15 	   39980 	   14 
 233272 	   47044 	   23 	   42053 	   23 
 237019 	   40371 	   14 	   46722 	   16 
 239150 	   32499 	   18 	   31489 	   16 
 240993 	   43287 	   30 	   52431 	   32 
 245959 	   45845 	   85 	   54630 	   89 
 244453 	   27781 	   17 	   27220 	   16 
 245155 	   24989 	   16 	   26468 	   14 
 241487 	   35688 	   22 	   32532 	   19 
 244568 	   29188 	   12 	   31166 	   13 
 241677 	   37770 	   16 	   36592 	   16 
 244374 	   42662 	   34 	   47887 	   33 
 240783 	   30483 	   15 	   27421 	   15 
 242948 	   27053 	   18 	   26032 	   16 
 239242 	   41716 	   23 	   36221 	   20 
 241480 	   29633 	   22 	   30139 	   19 
 241739 	   32013 	   17 	   32482 	   16 
 239719 	   37686 	   42 	   32887 	   39 
 231248 	   50504 	   31 	   43525 	   28 
 238661 	   34374 	   13 	   36894 	   14 
 233120 	   50780 	   16 	   44109 	   18 
 238734 	   38258 	   20 	   38350 	   19 
 242148 	   33847 	   19 	   45483 	   18 
 235118 	   37360 	   15 	   29378 	   11 
 235123 	   62973 	   37 	   68153 	   37 
 236830 	   34322 	   22 	   33277 	   22 
 234719 	   46487 	   23 	   32100 	   23 
 238280 	   38096 	   21 	   41941 	   20 
 231475 	   41516 	   17 	   37155 	   17 
 242985 	   40717 	   23 	   55059 	   24 
 238397 	   43592 	   29 	   52594 	   30 
 239783 	   31961 	   20 	   36633 	   22 
 239666 	   35540 	   20 	   34691 	   19 
 241788 	   39579 	   71 	   47961 	   74 
 243936 	   22709 	   17 	   23510 	   16 
 245222 	   29553 	   15 	   29351 	   22 
 240300 	   40336 	   26 	   36197 	   24 
 243178 	   31229 	   24 	   28177 	   22 
 245087 	   20831 	   16 	   24194 	   14 
 246999 	   32009 	   36 	   32338 	   40 
 246968 	   26981 	   22 	   26262 	   16 
 248420 	   24357 	   21 	   27393 	   20 
 246615 	   31968 	   26 	   27546 	   23 
 243598 	   37099 	   21 	   29628 	   22 
 248117 	   31281 	   18 	   33582 	   17 
 247709 	   37955 	   55 	   42213 	   51 
 238739 	   30720 	   18 	   23038 	   22 
 233910 	   42702 	   27 	   35677 	   26 
 238374 	   47756 	   23 	   48168 	   21 
 242072 	   38092 	   20 	   40467 	   18 
 242421 	   30646 	   19 	   36341 	   19 
 243506 	   42222 	   41 	   42480 	   39 
 244355 	   38519 	   19 	   34234 	   21 
 247110 	   37246 	   25 	   34803 	   23 
 247747 	   29670 	   20 	   32223 	   14 
 248235 	   22195 	   19 	   25834 	   19 
 244113 	   38186 	   24 	   34009 	   24 
 246766 	   42071 	   34 	   45101 	   34 
 242175 	   37758 	   22 	   45135 	   19 
 245421 	   27011 	   16 	   31690 	   16 
 245941 	   25473 	   25 	   25633 	   27 
 249604 	   24297 	   18 	   31216 	   19 
 254042 	   29385 	  110 	   42432 	  120 
 251968 	   25095 	   39 	   34836 	   41 
 254815 	   32324 	   31 	   47240 	   34 
 247782 	   23407 	   15 	   21944 	   14 
 248631 	   29796 	   16 	   31210 	   16 
 248457 	   25223 	   24 	   24171 	   22 
 240038 	   41979 	   21 	   26595 	   22 
 248091 	   25524 	   22 	   23289 	   17 
 244487 	   32264 	   17 	   25748 	   16 
 246333 	   38371 	   32 	   41406 	   33 
 250428 	   26865 	   16 	   32510 	   16 
 248013 	   28655 	   18 	   26794 	   18 
 246224 	   31589 	   20 	   32806 	   21 
 249157 	   29119 	   14 	   33954 	   14 
 250275 	   25320 	   16 	   28481 	   16 
 244366 	   34647 	   23 	   29613 	   23 
 245745 	   39002 	   34 	   41076 	   37 
 250089 	   21655 	   14 	   28722 	   14 
 247517 	   21773 	   13 	   21699 	   12 
 253589 	   33204 	   45 	   48519 	   47 
 245171 	   30183 	   18 	   27337 	   18 
 250278 	   31224 	   17 	   33125 	   18 
 243765 	   35044 	   16 	   29233 	   16 
 244492 	   24494 	   16 	   21078 	   17 
 249693 	   21236 	   20 	   26592 	   20 
 247558 	   40460 	   26 	   42664 	   30 
 251767 	   28585 	   21 	   37645 	   21 
 243457 	   27028 	   12 	   22231 	   13 
 252535 	   24446 	   37 	   37131 	   35 
 244500 	   17337 	   14 	   16135 	   15 
 248289 	   19957 	   19 	   23090 	   21 
 243504 	   26210 	   20 	   20012 	   21 
 248086 	   18923 	   19 	   18989 	   20 
 252910 	   14729 	   14 	   25103 	   14 
 245891 	   37327 	   25 	   34034 	   28 
 242016 	   27771 	   15 	   20039 	   16 
 249087 	   17017 	   13 	   25546 	   13 
 247598 	   21479 	   18 	   24390 	   18 
 246738 	   26117 	   16 	   29899 	   14 
 247977 	   38077 	   60 	   35798 	   55 
 248671 	   23168 	   14 	   28917 	   14 
 235059 	   48554 	   27 	   30047 	   28 
 235675 	   39228 	   67 	   21124 	   72 
 232470 	   46793 	   30 	   18622 	   33 
 247794 	   36435 	   55 	   47746 	   55 
 247345 	   22422 	   14 	   26006 	   13 
 247964 	   27943 	   22 	   38893 	   21 
 237781 	   33575 	   15 	   25031 	   15 
 251398 	   17120 	   13 	   33933 	   15 
 243282 	   29590 	   24 	   25527 	   24 
 241148 	   29512 	   10 	   28228 	   10 
 234976 	   41031 	   24 	   24887 	   26 
 236602 	   32306 	   12 	   21451 	   12 
 251374 	   33044 	   26 	   58894 	   28 
 238378 	   31803 	   14 	   34766 	   14 
 237618 	   33386 	   24 	   36259 	   24 
 246702 	   20468 	   14 	   29220 	   14 
 234560 	   37194 	   18 	   30353 	   19 
 245092 	   28682 	   13 	   40668 	   13 
 246666 	   23751 	   14 	   29901 	   15 
 232701 	   42104 	   16 	   29760 	   17 
 243741 	   36986 	   27 	   43259 	   29 
 225824 	   51270 	   28 	   18939 	   30 
 238578 	   36978 	   27 	   42913 	   29 
 238630 	   31122 	   15 	   42828 	   13 
 235246 	   34261 	   17 	   36059 	   17 
 241393 	   27176 	   13 	   40589 	   13 
 243112 	   33944 	   33 	   43487 	   34 
 245926 	   28299 	   17 	   26893 	   17 
 247250 	   29459 	   18 	   28236 	   17 
 246132 	   26382 	   23 	   24130 	   22 
 245753 	   18745 	   14 	   17691 	   13 
 246385 	   22313 	   19 	   20946 	   18 
 248171 	   27596 	   24 	   31812 	   24 
 251489 	   20061 	   22 	   27994 	   24 
 245511 	   22519 	   16 	   21191 	   15 
 250694 	   27597 	   51 	   34067 	   48 
 245009 	   27857 	   18 	   19590 	   17 
 243098 	   32259 	   14 	   26552 	   14 
 242554 	   29596 	   31 	   21705 	   32 
 242760 	   30895 	   40 	   23777 	   39 
 245386 	   20089 	   19 	   19488 	   16 
 245984 	   17771 	   15 	   17167 	   16 
 247272 	   22913 	   23 	   21438 	   20 
 247612 	   23478 	   16 	   23897 	   18 
 249483 	   21649 	   24 	   22320 	   24 
 246727 	   19257 	   17 	   19099 	   16 
 248561 	   21613 	   17 	   24178 	   16 
 247827 	   23195 	   18 	   23653 	   19 
 249052 	   19512 	   15 	   19716 	   14 
 243705 	   38683 	   47 	   29917 	   54 
 250762 	   24989 	   33 	   30518 	   30 
 251128 	   30499 	   47 	   38943 	   49 
 248607 	   19222 	   16 	   22287 	   16 
 246603 	   26761 	   20 	   25561 	   20 
 241154 	   30555 	   13 	   25658 	   13 
 239601 	   35135 	   17 	   26606 	   17 
 244419 	   24740 	   10 	   22815 	   10 
 245781 	   28796 	   17 	   32123 	   17 
 245178 	   26759 	   20 	   28680 	   21 
 239028 	   37211 	   26 	   29803 	   29 
 246608 	   27281 	   23 	   39649 	   23 
 242661 	   29488 	   17 	   32484 	   15 
 243859 	   30346 	   38 	   34958 	   41 
 246214 	   23193 	   14 	   24335 	   13 
 244556 	   26727 	   19 	   27887 	   18 
 242126 	   28739 	   22 	   24924 	   23 
 244990 	   29028 	   20 	   27857 	   18 
 247967 	   24461 	   15 	   25656 	   14 
 245617 	   26929 	   15 	   25742 	   15 
 246874 	   27093 	   22 	   30475 	   23 
 243246 	   33713 	   25 	   35919 	   24 
 240905 	   29451 	   17 	   31460 	   16 
 241812 	   28352 	   25 	   27556 	   26 
 243430 	   25150 	   16 	   23815 	   15 
 240047 	   36952 	   97 	   32669 	  108 
 239834 	   28929 	   14 	   24296 	   13 
 241115 	   29659 	   14 	   32001 	   13 
 235447 	   36507 	   19 	   36610 	   18 
 237724 	   30153 	   19 	   26728 	   19 
 238092 	   26844 	   12 	   28876 	   13 
 231292 	   43185 	   23 	   31798 	   24 
 238750 	   36114 	   18 	   36601 	   18 
 243723 	   24091 	   13 	   31110 	   14 
 236540 	   32397 	   19 	   33042 	   19 
 233520 	   31287 	   13 	   31447 	   13 
 222294 	   53746 	   45 	   30746 	   49 
 246605 	   19925 	   13 	   37415 	   13 
 231791 	   34903 	   13 	   24802 	   13 
 236282 	   40730 	   19 	   34620 	   19 
 233360 	   42627 	   21 	   43759 	   21 
 242200 	   25657 	   12 	   35444 	   10 
 233793 	   35216 	   24 	   33411 	   24 
 231535 	   30957 	   12 	   30983 	   12 
 228036 	   37948 	   25 	   35684 	   25 
 231338 	   36345 	   16 	   31500 	   16 
 239217 	   25035 	   17 	   27598 	   17 
 236834 	   35112 	   47 	   32891 	   50 
 238365 	   31323 	   14 	   33244 	   14 
 236119 	   30317 	   22 	   30711 	   22 
 233054 	   28817 	   17 	   27546 	   16 
 237044 	   23680 	   10 	   24404 	   11 
 246390 	   28216 	   25 	   33890 	   25 
 241647 	   37638 	   18 	   37493 	   16 
 240300 	   40245 	   25 	   36227 	   25 
 238862 	   28221 	   13 	   27570 	   14 
 240868 	   34593 	   18 	   37672 	   18 
 214056 	   72563 	   46 	   41336 	   49 
 216578 	   58694 	   16 	   45666 	   16 
 231350 	   32111 	   24 	   29103 	   26 
 234798 	   30315 	   20 	   27542 	   20 
 240207 	   28546 	   32 	   29867 	   33 
 238935 	   25534 	   12 	   23754 	   12 
 241700 	   31546 	   20 	   32711 	   20 
 240310 	   37580 	   29 	   32445 	   29 
 245102 	   33505 	   20 	   36045 	   19 
 270909 	   41170 	   79 	   71834 	   87 
 278257 	   56686 	   49 	   86568 	   53 
 250084 	   22436 	   18 	   23472 	   17 
 248989 	   20664 	   15 	   20240 	   15 
 246514 	   35332 	   31 	   29009 	   30 
 251806 	   39075 	   45 	   44200 	   46 
 249519 	   23161 	   15 	   24259 	   15 
 248978 	   20165 	   11 	   19484 	   11 
 248785 	   30220 	   38 	   31004 	   44 
 246308 	   27056 	   14 	   26148 	   15 
 248343 	   21548 	   13 	   24125 	   13 
 244729 	   33578 	   17 	   28603 	   16 
 247055 	   24129 	   12 	   23664 	   15 
 246316 	   30457 	   15 	   31687 	   14 
 243020 	   39612 	   33 	   37860 	   28 
 243776 	   29328 	   18 	   28135 	   17 
 241621 	   35801 	   26 	   32395 	   24 
 247031 	   30300 	   23 	   30753 	   24 
 245810 	   23886 	   17 	   25880 	   17 
 245075 	   27658 	   11 	   28069 	   12 
 244008 	   29690 	   22 	   27472 	   17 
 243700 	   36216 	   31 	   35010 	   29 
 245051 	   27981 	   20 	   27664 	   18 
 241138 	   36473 	   41 	   35874 	   36 
 242860 	   35551 	   23 	   36897 	   23 
 238139 	   39593 	   17 	   37531 	   18 
 241288 	   32614 	   15 	   35806 	   15 
 239357 	   32315 	   14 	   31243 	   15 
 243122 	   26543 	   13 	   29047 	   13 
 242243 	   33968 	   18 	   34737 	   15 
 245353 	   52295 	   85 	   65538 	   88 
 243992 	   25435 	   16 	   28493 	   16 
 240858 	   39850 	   20 	   36962 	   18 
 240613 	   39081 	   27 	   42656 	   27 
 240011 	   31062 	   18 	   28761 	   16 
 242175 	   27321 	   18 	   26299 	   16 
 243007 	   37985 	   21 	   36915 	   20 
 241874 	   35026 	   16 	   32479 	   15 
 243470 	   30810 	   15 	   32151 	   15 
 241801 	   40509 	   21 	   40830 	   20 
 243827 	   26005 	   23 	   22960 	   20 
 241049 	   30708 	   18 	   28276 	   18 
 243490 	   25937 	   14 	   31138 	   15 
 241956 	   32205 	   62 	   32043 	   73 
 244030 	   29366 	   19 	   29702 	   17 
 245493 	   30184 	   29 	   26929 	   38 
 245465 	   29637 	   18 	   27481 	   16 
 249842 	   27114 	   21 	   30827 	   19 
 243798 	   34580 	   34 	   30482 	   33 
 241731 	   28988 	   16 	   26527 	   14 
 243999 	   28141 	   21 	   26396 	   21 
 245367 	   45760 	   29 	   44841 	   27 
 245465 	   30686 	   24 	   26745 	   23 
 247696 	   24861 	   19 	   27351 	   19 
 249698 	   21139 	   14 	   27625 	   14 
 232647 	   62921 	   50 	   49886 	   48 
 236005 	   45872 	   14 	   40070 	   13 
 241393 	   32923 	   12 	   37616 	   13 
 241474 	   36069 	   29 	   32309 	   29 
 236924 	   35791 	   16 	   27610 	   14 
 236298 	   37451 	   20 	   33163 	   21 
 242186 	   33976 	   13 	   45236 	   14 
 228081 	   47188 	   12 	   33361 	   11 
 234583 	   61981 	   25 	   69423 	   25 
 235664 	   34866 	   22 	   29530 	   22 
 239115 	   28649 	   17 	   37437 	   16 
 245322 	   36302 	   22 	   50716 	   23 
 242310 	   34086 	   24 	   42440 	   25 
 239066 	   33509 	   20 	   32052 	   20 
 235708 	   44510 	   15 	   44632 	   14 
 238018 	   51366 	   42 	   59161 	   38 
 241534 	   29277 	   15 	   24094 	   14 
 241203 	   42026 	   34 	   29906 	   34 
 244925 	   39141 	   16 	   36715 	   15 
 240751 	   44879 	   33 	   38420 	   33 
 239948 	   28258 	   20 	   29251 	   20 
 245557 	   21693 	   17 	   28521 	   16 
 241763 	   31819 	   20 	   30649 	   19 
 245032 	   41539 	   25 	   45233 	   25 
 247759 	   39621 	   22 	   41991 	   21 
 246271 	   29128 	   16 	   29866 	   16 
 244490 	   45823 	   25 	   41714 	   25 
 246874 	   45310 	   30 	   52724 	   31 
 239764 	   37721 	   16 	   37724 	   15 
 245283 	   34804 	   20 	   43410 	   19 
 242731 	   34247 	   20 	   32477 	   20 
 249826 	   28512 	   20 	   34629 	   20 
 254108 	   34376 	  101 	   44924 	  101 
 250027 	   21679 	   18 	   21980 	   16 
 250219 	   19620 	   17 	   20463 	   13 
 247959 	   32525 	   30 	   28108 	   30 
 252369 	   34355 	   38 	   38046 	   47 
 249798 	   22111 	   14 	   23465 	   14 
 250306 	   18797 	   12 	   20617 	   10 
 251658 	   28116 	   30 	   32296 	   30 
 251534 	   20134 	   13 	   22897 	   13 
 249526 	   20207 	   12 	   20594 	   12 
 250536 	   23630 	   26 	   25604 	   23 
 250218 	   21232 	   12 	   22566 	   15 
 242698 	   34919 	   15 	   22408 	   16 
 254855 	   29123 	   26 	   42462 	   20 
 245621 	   26277 	   15 	   22751 	   13 
 249937 	   28112 	   30 	   36798 	   30 
 243942 	   34130 	   21 	   27025 	   21 
 244225 	   24053 	   13 	   23516 	   13 
 252155 	   24970 	   15 	   39142 	   13 
 242216 	   25731 	   10 	   20033 	   10 
 236120 	   46594 	   33 	   23953 	   33 
 244893 	   26965 	   18 	   24209 	   17 
 239357 	   39392 	   41 	   25920 	   40 
 247601 	   30424 	   23 	   29039 	   23 
 248039 	   28987 	   18 	   33539 	   15 
 244783 	   27858 	   13 	   29612 	   16 
 242019 	   26130 	   10 	   21641 	   10 
 246102 	   30571 	   21 	   28993 	   20 
 235635 	   43095 	   18 	   23867 	   17 
 245673 	   53532 	  103 	   57012 	  110 
 245161 	   26899 	   13 	   33769 	   14 
 233372 	   49696 	   19 	   33224 	   20 
 240846 	   42241 	   26 	   47899 	   25 
 237068 	   33275 	   18 	   23727 	   18 
 247437 	   21650 	   16 	   33221 	   14 
 236461 	   49001 	   25 	   39094 	   25 
 248483 	   29583 	   15 	   41512 	   14 
 251371 	   20485 	   13 	   35695 	   13 
 242573 	   42576 	   23 	   44536 	   23 
 243877 	   24612 	   16 	   29636 	   16 
 234071 	   45913 	   22 	   36112 	   22 
 236539 	   35364 	   14 	   22870 	   14 
 236300 	   40063 	   48 	   29568 	   47 
 250809 	   30783 	   21 	   43745 	   19 
 240070 	   47047 	   29 	   39608 	   29 
 246068 	   24539 	   16 	   26253 	   16 
 247853 	   34816 	   22 	   35403 	   23 
 247209 	   36609 	   36 	   40879 	   34 
 248721 	   23219 	   17 	   41173 	   18 
 254456 	   32314 	   29 	   58324 	   27 
 244435 	   30891 	   18 	   33471 	   18 
 237744 	   38741 	   21 	   31199 	   20 
 231704 	   45973 	   18 	   24265 	   19 
 238327 	   33524 	   13 	   22024 	   12 
 255281 	   46264 	   56 	   69087 	   54 
 249863 	   34334 	   14 	   49630 	   15 
 241935 	   33595 	   10 	   30474 	    9 
 237278 	   43310 	   22 	   33360 	   21 
 246240 	   24623 	   16 	   32065 	   16 
 247284 	   27373 	   20 	   42105 	   22 
 242316 	   30993 	   12 	   32773 	   13 
 241472 	   36050 	   13 	   33135 	   12 
 243964 	   45520 	   25 	   51006 	   25 
 241672 	   33083 	   20 	   33483 	   18 
 239424 	   32163 	   15 	   27535 	   14 
 225273 	   63782 	   24 	   26704 	   25 
 241628 	   44016 	   47 	   41567 	   47 
 250722 	   26624 	   14 	   47625 	   14 
 254873 	   40729 	   27 	   65437 	   25 
 242347 	   35499 	   13 	   38880 	   13 
 246042 	   42929 	   32 	   46643 	   33 
 243803 	   26473 	   22 	   31240 	   22 
 232213 	   43527 	   18 	   18702 	   19 
 257477 	   24260 	   26 	   43068 	   25 
 248401 	   25675 	   19 	   30658 	   19 
 240965 	   50656 	   26 	   38842 	   25 
 240362 	   36970 	   12 	   37127 	   13 
 228869 	   63682 	   19 	   37613 	   20 
 222993 	   67620 	   28 	   22633 	   26 
 241565 	   32328 	   17 	   28301 	   18 
 252232 	   25849 	   16 	   52875 	   16 
 212407 	   87006 	   23 	   35719 	   25 
 247134 	   21170 	   15 	   35556 	   14 
 226148 	   51654 	   19 	   19078 	   19 
 239890 	   43814 	   18 	   42431 	   18 
 236432 	   37158 	   18 	   23998 	   18 
 230088 	   91866 	  121 	   53280 	  124 
 247942 	   39088 	   19 	   39406 	   19 
 246376 	   41344 	   18 	   38443 	   17 
 247831 	   51139 	   37 	   48520 	   40 
 249068 	   26987 	   20 	   27582 	   21 
 248937 	   23355 	   22 	   22404 	   18 
 251152 	   28092 	   29 	   30372 	   28 
 245826 	   35192 	   19 	   29345 	   18 
 248739 	   40904 	   16 	   40128 	   16 
 250156 	   33833 	   13 	   39790 	   13 
 250173 	   42389 	   33 	   43183 	   35 
 248781 	   32217 	   16 	   32327 	   16 
 247857 	   34833 	   19 	   33216 	   18 
 250305 	   26940 	   17 	   31328 	   17 
 251724 	   30706 	   25 	   31117 	   26 
 251130 	   51425 	   44 	   52319 	   47 
 244306 	   41615 	   21 	   32171 	   21 
 248586 	   25842 	   12 	   29911 	   13 
 248129 	   37618 	   14 	   38556 	   17 
 249290 	   36730 	   24 	   36042 	   25 
 247166 	   24713 	   18 	   25006 	   18 
 250952 	   30995 	   24 	   36699 	   24 
 250072 	   54032 	   31 	   58900 	   31 
 244566 	   32045 	   12 	   32183 	   12 
 249296 	   29116 	   16 	   32400 	   17 
 243378 	   47926 	   20 	   44422 	   21 
 248530 	   31611 	   14 	   37665 	   13 
 251411 	   46350 	   62 	   49113 	   65 
 246053 	   39074 	   31 	   32625 	   31 
 247104 	   40345 	   17 	   40258 	   18 
 245524 	   42482 	   16 	   36360 	   15 
 251712 	   39529 	   16 	   47161 	   16 
 247782 	   53127 	   25 	   58536 	   25 
 245573 	   36857 	   18 	   36211 	   17 
 243500 	   34452 	   16 	   36086 	   15 
 244884 	   51610 	   19 	   46796 	   20 
 248590 	   33004 	   18 	   37209 	   17 
 246825 	   36486 	   30 	   38767 	   30 
 249470 	   30117 	   16 	   32945 	   16 
 250594 	   49493 	   37 	   53188 	   36 
 250011 	   37582 	   61 	   41987 	   71 
