% num_local_points | num_send_points | num_send_procs | num_recv_points | num_recv_procs 
 243078 	   57154 	   53 	   44504 	   54 
 245616 	   36868 	   16 	   36465 	   16 
 245043 	   46737 	   15 	   39904 	   17 
 250458 	   31745 	   19 	   40863 	   17 
 246353 	   53258 	   36 	   46389 	   36 
 247398 	   31935 	   16 	   32867 	   14 
 248438 	   43690 	   18 	   43709 	   16 
 247104 	   34388 	   20 	   37429 	   17 
 250300 	   43971 	   24 	   45935 	   25 
 248194 	   42875 	   17 	   42151 	   19 
 248417 	   37661 	   16 	   39506 	   15 
 250383 	   35474 	   18 	   37968 	   20 
 246222 	   57280 	   57 	   48291 	   56 
 242580 	   40973 	   18 	   38793 	   18 
 239347 	   40117 	   17 	   35959 	   18 
 239733 	   39564 	   15 	   38673 	   14 
 239759 	   71275 	   37 	   64591 	   35 
 231884 	   45180 	   18 	   36713 	   18 
 233079 	   41321 	   13 	   41522 	   12 
 239414 	   51333 	   22 	   58715 	   23 
 230153 	   49348 	   20 	   36362 	   19 
 232478 	   47128 	   16 	   48781 	   17 
 235988 	   62757 	   43 	   62582 	   43 
 238636 	   39562 	   13 	   41759 	   15 
 237899 	   44553 	   18 	   40737 	   18 
 232668 	   53021 	   15 	   42622 	   15 
 240716 	   33618 	   15 	   43146 	   27 
 232117 	   46129 	   32 	   36760 	   27 
 227904 	   48193 	   16 	   43674 	   17 
 231961 	   39574 	   17 	   39755 	   16 
 227874 	   47456 	   19 	   43124 	   19 
 224715 	   55402 	   16 	   51876 	   17 
 229576 	   52997 	   29 	   53423 	   30 
 231492 	   48475 	   16 	   43706 	   17 
 231752 	   42621 	   16 	   35653 	   14 
 229958 	   65782 	   19 	   63237 	   20 
 227595 	   46884 	   14 	   51514 	   14 
 227908 	   49783 	   14 	   45926 	   16 
 229695 	   53447 	   22 	   54720 	   22 
 232571 	   47377 	   13 	   47628 	   14 
 236859 	   59382 	   29 	   71447 	   29 
 234962 	   48247 	   33 	   45343 	   30 
 235819 	   51340 	   23 	   64716 	   26 
 227519 	   69357 	   46 	   63300 	   44 
 231438 	   46452 	   13 	   55469 	   14 
 229394 	   49106 	   13 	   46510 	   13 
 227481 	   56865 	   23 	   56965 	   21 
 228920 	   47647 	   12 	   42408 	   12 
 224759 	   52344 	   15 	   54029 	   12 
 230696 	   42855 	   15 	   43627 	   15 
 245813 	   51767 	   53 	   73524 	   51 
 238920 	   51903 	   60 	   51341 	   58 
 237933 	   55418 	   29 	   51330 	   26 
 236636 	   39926 	   14 	   43932 	   17 
 237178 	   44295 	   17 	   46687 	   15 
 235743 	   56020 	   34 	   55895 	   33 
 232244 	   44057 	   16 	   42179 	   17 
 234199 	   43063 	   19 	   46701 	   17 
 231489 	   61589 	   28 	   54204 	   28 
 234434 	   38997 	   14 	   41881 	   15 
 232828 	   45983 	   18 	   46714 	   17 
 236989 	   62090 	   44 	   61681 	   45 
 239104 	   40330 	   14 	   36444 	   14 
 237148 	   35151 	   12 	   42221 	   12 
 236568 	   39445 	   14 	   39516 	   14 
 237054 	   45521 	   28 	   46016 	   28 
 235480 	   52383 	   17 	   46534 	   17 
 238224 	   46790 	   16 	   47246 	   17 
 236819 	   49240 	   17 	   47967 	   17 
 239114 	   48170 	   21 	   44689 	   17 
 239987 	   43813 	   35 	   45975 	   29 
 239624 	   31981 	   19 	   33386 	   19 
 241856 	   34701 	   14 	   38758 	   12 
 237951 	   49131 	   35 	   41654 	   24 
 243617 	   30294 	   16 	   36462 	   31 
 242272 	   42511 	   32 	   45108 	   32 
 236877 	   52668 	   42 	   52164 	   43 
 234892 	   40138 	   16 	   40328 	   14 
 235460 	   39119 	   17 	   40303 	   15 
 234831 	   38860 	   16 	   39787 	   16 
 235396 	   44101 	   19 	   47399 	   18 
 233259 	   36844 	   15 	   34807 	   15 
 231078 	   35693 	   23 	   31932 	   23 
 233386 	   36812 	   15 	   38152 	   14 
 234663 	   38593 	   12 	   38996 	   11 
 233401 	   56236 	   29 	   52979 	   23 
 234615 	   39979 	   14 	   42948 	   15 
 230640 	   42858 	   14 	   39850 	   14 
 234748 	   41295 	   24 	   41349 	   20 
 236441 	   71916 	   76 	   55898 	   78 
 233356 	   37049 	   13 	   31462 	   14 
 236699 	   39548 	   24 	   31272 	   22 
 239064 	   32410 	   12 	   34112 	   12 
 240875 	   36911 	   17 	   36172 	   17 
 242146 	   56172 	   23 	   58856 	   23 
 240261 	   36120 	   17 	   39013 	   17 
 242216 	   32459 	   14 	   32957 	   13 
 241467 	   42231 	   32 	   46731 	   33 
 239484 	   37039 	   14 	   34888 	   15 
 241012 	   31525 	   14 	   34577 	   13 
 248731 	   54813 	   43 	   61738 	   42 
 237780 	   32846 	   26 	   24490 	   25 
 240309 	   23272 	   15 	   24308 	   15 
 237892 	   37834 	   17 	   27351 	   15 
 233043 	   43042 	   25 	   31209 	   25 
 236621 	   35918 	   15 	   36729 	   15 
 241589 	   33125 	   16 	   41808 	   15 
 240967 	   34992 	   22 	   39029 	   24 
 237121 	   35770 	   14 	   33645 	   14 
 243666 	   29215 	   21 	   35652 	   23 
 252422 	   37721 	   36 	   54483 	   36 
 236198 	   47388 	   45 	   49380 	   46 
 232133 	   31993 	   16 	   31799 	   16 
 231142 	   34680 	   21 	   31101 	   21 
 229600 	   38759 	   18 	   32665 	   18 
 229265 	   42025 	   22 	   37228 	   23 
 231073 	   38321 	   15 	   44149 	   14 
 234215 	   47831 	   31 	   49724 	   31 
 232859 	   38363 	   14 	   36396 	   10 
 233055 	   40036 	   14 	   40524 	   16 
 240408 	   51239 	   30 	   59263 	   30 
 240992 	   34529 	   35 	   38089 	   37 
 236007 	   22755 	   16 	   23028 	   16 
 236660 	   20419 	   12 	   19973 	   12 
 237328 	   26024 	   16 	   21952 	   17 
 237455 	   28422 	   10 	   20579 	   13 
 239946 	   27070 	   20 	   23084 	   18 
 239534 	   26168 	   13 	   21963 	   13 
 235476 	   42346 	   18 	   28348 	   17 
 256701 	   62217 	   50 	   88182 	   49 
 243839 	   27573 	   16 	   37648 	   16 
 242589 	   37882 	  124 	   40814 	  124 
 239489 	   36395 	   18 	   34895 	   19 
 237856 	   54143 	   30 	   50859 	   28 
 234421 	   56883 	   18 	   55655 	   20 
 239547 	   42525 	   35 	   38864 	   12 
 242034 	   35679 	   19 	   44325 	   35 
 242217 	   45741 	   28 	   43433 	   28 
 243293 	   30748 	   18 	   33947 	   19 
 240145 	   33817 	   14 	   34514 	   14 
 239018 	   48774 	   32 	   44384 	   31 
 241973 	   42389 	   18 	   40640 	   21 
 244064 	   32517 	   15 	   34411 	   17 
 241617 	   33116 	   11 	   30272 	   11 
 243625 	   49086 	   35 	   46993 	   29 
 245770 	   31880 	   15 	   34915 	   14 
 244162 	   45110 	   35 	   47028 	   35 
 240120 	   39016 	   11 	   38464 	   12 
 240220 	   44042 	   18 	   47194 	   17 
 239192 	   35965 	   15 	   36624 	   14 
 239900 	   73477 	   56 	   65576 	   52 
 236274 	   36986 	   16 	   39727 	   17 
 235674 	   49699 	   20 	   49069 	   21 
 237638 	   41122 	   27 	   40070 	   28 
 234178 	   40936 	   13 	   37552 	   16 
 236474 	   44500 	   19 	   46080 	   21 
 235686 	   47371 	   41 	   49990 	   42 
 235020 	   36987 	   17 	   39620 	   15 
 232996 	   42576 	   23 	   39631 	   17 
 235006 	   40854 	   29 	   42187 	   29 
 235098 	   37739 	   18 	   41079 	   15 
 234475 	   39881 	   16 	   42606 	   19 
 230275 	   50633 	   25 	   47001 	   23 
 230255 	   46785 	   14 	   47587 	   13 
 229716 	   51110 	   17 	   48287 	   14 
 231730 	   48140 	   42 	   41498 	   12 
 233475 	   36863 	   12 	   43533 	   41 
 231772 	   46441 	   19 	   45760 	   18 
 232695 	   46935 	   16 	   48039 	   15 
 235670 	   58273 	   36 	   56845 	   32 
 236393 	   57325 	   50 	   47616 	   55 
 244341 	   42682 	   21 	   46063 	   18 
 240827 	   26226 	   15 	   27638 	   13 
 240160 	   40858 	   22 	   39843 	   22 
 240748 	   39415 	   22 	   38782 	   20 
 242777 	   29980 	   14 	   33964 	   13 
 233948 	   49953 	   29 	   39552 	   28 
 237087 	   32748 	   22 	   27622 	   21 
 241737 	   26795 	   12 	   29323 	   14 
 240134 	   34385 	   21 	   34733 	   17 
 239967 	   30058 	   22 	   32395 	   21 
 243951 	   66322 	   38 	   65264 	   38 
 240763 	   26153 	   21 	   26143 	   20 
 243995 	   24844 	   12 	   33381 	   11 
 239807 	   29758 	   19 	   29015 	   20 
 239673 	   35354 	   22 	   39893 	   22 
 238030 	   30714 	   20 	   31149 	   20 
 234933 	   25792 	    9 	   24383 	   11 
 236009 	   23791 	   14 	   24283 	   13 
 233500 	   41716 	   18 	   28665 	   18 
 246030 	   48020 	   27 	   50850 	   25 
 241814 	   52070 	   91 	   59865 	   84 
 230849 	   27937 	   13 	   27667 	   12 
 230995 	   31344 	   13 	   30345 	   12 
 232591 	   33501 	   20 	   34517 	   21 
 235431 	   38439 	   21 	   40874 	   19 
 238779 	   47792 	   34 	   49316 	   33 
 233325 	   35240 	   17 	   30095 	   18 
 233204 	   38918 	   22 	   35900 	   22 
 233003 	   40858 	   22 	   39102 	   20 
 236742 	   41369 	   23 	   39697 	   22 
 242270 	   32842 	   25 	   42897 	   21 
 236991 	   29233 	   37 	   30918 	   34 
 235827 	   25094 	   15 	   25111 	   16 
 237176 	   26396 	   13 	   25534 	   13 
 236246 	   32405 	   13 	   25923 	   14 
 244819 	   30801 	   33 	   38424 	   30 
 235770 	   22564 	   12 	   24021 	   25 
 233637 	   32734 	   13 	   28132 	   14 
 231061 	   58348 	   31 	   37108 	   25 
 249297 	   44505 	   31 	   68124 	   30 
 240424 	   23047 	   13 	   25013 	   14 
 244111 	   36432 	   88 	   36599 	   88 
 243926 	   41081 	   18 	   40614 	   17 
 243217 	   35577 	   15 	   39521 	   15 
 243377 	   37461 	   24 	   35072 	   22 
 241039 	   31745 	   20 	   33321 	   18 
 239596 	   35783 	   25 	   33709 	   24 
 242152 	   28555 	   20 	   32336 	   17 
 240255 	   29274 	   24 	   29018 	   22 
 240607 	   38941 	   20 	   41299 	   17 
 240070 	   25950 	   15 	   31046 	   14 
 238035 	   40166 	   23 	   33895 	   17 
 243730 	   53054 	   65 	   57827 	   59 
 237952 	   32006 	   17 	   31412 	   15 
 236000 	   42859 	   22 	   37978 	   26 
 241712 	   25685 	   18 	   28651 	   15 
 239164 	   36448 	   21 	   32725 	   22 
 239762 	   30216 	   19 	   30875 	   22 
 239243 	   22763 	   14 	   27237 	   14 
 239341 	   33865 	   24 	   29356 	   25 
 243100 	   24525 	   15 	   32650 	   15 
 238355 	   42060 	   20 	   41046 	   19 
 242240 	   53104 	   71 	   50077 	   72 
 239741 	   30696 	   19 	   28810 	   21 
 239744 	   25729 	   16 	   23360 	   19 
 239640 	   25701 	   18 	   27021 	   26 
 240860 	   22023 	   13 	   25689 	   16 
 242289 	   35184 	   32 	   30395 	   32 
 242811 	   24412 	   18 	   24304 	   18 
 244487 	   23595 	   17 	   23403 	   16 
 246438 	   30123 	   18 	   36842 	   19 
 244346 	   38678 	   23 	   39920 	   21 
 239645 	   33786 	   59 	   25368 	   51 
 240606 	   15607 	   12 	   15195 	   14 
 240956 	   16868 	   13 	   16063 	   13 
 242357 	   22007 	   23 	   21981 	   23 
 246361 	   20715 	   15 	   28086 	   15 
 240620 	   35729 	   27 	   27089 	   30 
 242615 	   18577 	   12 	   18499 	   12 
 245865 	   17651 	   20 	   19237 	   22 
 247446 	   27325 	   19 	   34869 	   24 
 242065 	   34577 	   21 	   24646 	   26 
 243272 	   36093 	  114 	   40897 	  132 
 236506 	   41166 	   43 	   47368 	   53 
 226088 	   43069 	   21 	   52969 	   40 
 210901 	   74860 	   35 	   74443 	   20 
 207919 	   67674 	   15 	   68744 	   13 
 201500 	   77150 	   22 	   74362 	   22 
 202503 	   73279 	   18 	   72356 	   18 
 202727 	   83015 	   23 	   79806 	   22 
 204515 	   73325 	   16 	   72515 	   15 
 205084 	   71021 	   17 	   72246 	   13 
 201052 	   73600 	   18 	   77724 	   23 
 204516 	   71865 	   14 	   69965 	   13 
 204246 	   76767 	   24 	   75388 	   23 
 213162 	   68618 	   22 	   67099 	   20 
 207856 	   73049 	   15 	   71920 	   13 
 207445 	   66685 	   13 	   71007 	   14 
 209074 	   71001 	   27 	   72858 	   27 
 202328 	   85797 	   37 	   87723 	   43 
 202357 	   74397 	   14 	   72220 	   12 
 202306 	   70973 	   16 	   72671 	   15 
 201366 	   82692 	   45 	   92136 	   53 
 191516 	   86848 	   16 	   85081 	   19 
 191499 	   78111 	   17 	   76309 	   18 
 193441 	   84468 	   23 	   83875 	   17 
 190679 	   85737 	   23 	   89294 	   19 
 187023 	   88218 	   12 	   86443 	   14 
 183146 	   83448 	   12 	   86407 	   18 
 186513 	   93624 	   22 	   89769 	   20 
 184444 	   91332 	   14 	   93477 	   12 
 184894 	   91916 	   46 	   88556 	   50 
 182761 	   81418 	   11 	   85658 	   12 
 184675 	   82925 	   13 	   80688 	   13 
 181303 	   93405 	   21 	   94737 	   23 
 177998 	   91404 	   13 	   89631 	   15 
 177769 	   87682 	   11 	   94143 	   19 
 178546 	   91908 	   19 	   91853 	   11 
 179458 	   92215 	   14 	   91921 	   14 
 178346 	   96531 	   21 	   92417 	   21 
 176853 	   89011 	   11 	   93827 	   12 
 176301 	   93161 	   13 	  101444 	   56 
 178021 	  103701 	   49 	   96770 	   13 
 177008 	   98528 	   15 	   97832 	   11 
 182020 	  103051 	   32 	  101612 	   33 
 185168 	  103671 	   52 	  106801 	   53 
 193978 	   79918 	   14 	   82590 	   11 
 179958 	  100729 	   23 	   99206 	   25 
 178693 	   96371 	   16 	   93893 	   17 
 179830 	   89976 	   16 	   97486 	   12 
 181465 	   95322 	   26 	   90899 	   27 
 180905 	   87731 	   12 	   87805 	   18 
 182753 	   89156 	   15 	   91779 	   25 
 181948 	   95477 	   23 	   89254 	   18 
 183966 	   86622 	   28 	   88982 	   25 
 182759 	   87833 	   15 	   86876 	   16 
 184307 	   86951 	   41 	   93128 	   34 
 199187 	   79241 	   37 	   79248 	   41 
 197485 	   78297 	   41 	   75764 	   50 
 194202 	   75012 	   17 	   72978 	   17 
 192988 	   76030 	   14 	   77210 	   12 
 190601 	   82947 	   19 	   79576 	   29 
 189448 	   82368 	   16 	   84682 	   16 
 188671 	   84719 	   16 	   86130 	   14 
 191986 	   87089 	   25 	   89262 	   34 
 187094 	   82030 	   22 	   76352 	   13 
 185990 	   78961 	   16 	   81884 	   15 
 191935 	   82854 	   25 	   87078 	   22 
 193015 	   82766 	   23 	   82554 	   23 
 189467 	   77735 	   22 	   76745 	   17 
 189243 	   91190 	   57 	   93642 	   66 
 187241 	   85440 	   13 	   87383 	   16 
 188512 	   84906 	   15 	   81468 	   15 
 181734 	   92170 	   18 	   96485 	   19 
 179198 	   96152 	   28 	   94909 	   26 
 178234 	   88793 	   15 	   88029 	   18 
 179214 	   87198 	   16 	   89249 	   11 
 177167 	   96891 	   18 	   95098 	   17 
 174662 	   97383 	   17 	   98764 	   14 
 175377 	  102211 	   41 	  102066 	   49 
 175621 	   96138 	   13 	   98069 	   15 
 181023 	   96441 	   16 	   92005 	   14 
 190970 	   82758 	   38 	   89237 	   48 
 193413 	   87571 	   39 	   86075 	   42 
 191114 	   78789 	   18 	   79286 	   19 
 190913 	   78454 	   14 	   78642 	   13 
 190806 	   84675 	   15 	   81445 	   13 
 193169 	   81491 	   23 	   86561 	   24 
 186370 	   89300 	   24 	   85975 	   20 
 184316 	   87353 	   12 	   88005 	   15 
 181466 	   87250 	   12 	   90488 	   13 
 181257 	   92998 	   20 	   89869 	   24 
 181290 	   95103 	   26 	   93861 	   20 
 181328 	   87176 	   18 	   89318 	   17 
 183105 	   88578 	   37 	   87899 	   34 
 185422 	   81028 	   16 	   80340 	   18 
 185999 	   77323 	   11 	   84280 	   19 
 184612 	   84926 	   19 	   82270 	   15 
 182974 	   88696 	   17 	   90212 	   13 
 181472 	   90920 	   27 	   89088 	   26 
 181593 	   83331 	   13 	   90191 	   15 
 183941 	   87333 	   20 	   84559 	   17 
 180907 	   91482 	   18 	   87548 	   14 
 180175 	   89368 	   16 	   89550 	   14 
 178744 	   97067 	   47 	  106478 	   56 
 190744 	   87027 	   45 	   85136 	   31 
 187746 	   85030 	   36 	   84317 	   40 
 183022 	   84665 	   15 	   78633 	   13 
 183374 	   82093 	   12 	   82739 	   13 
 185266 	   85780 	   24 	   99483 	   27 
 184921 	   87754 	   23 	   77187 	   18 
 181362 	   86678 	   20 	   88725 	   17 
 182573 	   90494 	   22 	   91542 	   24 
 180896 	   86976 	   10 	   86400 	   18 
 182339 	   88469 	   17 	   87281 	   15 
 183116 	   89567 	   27 	   93005 	   28 
 179231 	   98433 	   22 	   95374 	   25 
 180307 	   87954 	   22 	   91566 	   19 
 176089 	  101247 	   82 	   97871 	   80 
 179000 	   89316 	   14 	   85979 	   16 
 178538 	   90215 	   19 	   92288 	   14 
 177689 	   95584 	   27 	   95044 	   27 
 179937 	   89413 	   19 	   85174 	   18 
 180934 	   83791 	   13 	   93645 	   32 
 181747 	   90664 	   28 	   81000 	   14 
 182771 	   88474 	   21 	   91653 	   16 
 180923 	   85590 	   27 	   82826 	   23 
 182372 	   79849 	   15 	   81554 	   14 
 183712 	   79562 	   18 	   78416 	   14 
 183660 	   83048 	   56 	   83395 	   59 
 186309 	   79295 	   19 	   76895 	   18 
 189517 	   73205 	   13 	   81202 	   28 
 191429 	   78868 	   24 	   77220 	   15 
 192060 	   80327 	   17 	   82283 	   17 
 189005 	   81091 	   29 	   75736 	   31 
 188912 	   71270 	   14 	   74194 	   17 
 189985 	   71547 	   15 	   82632 	   12 
 194550 	   72243 	   22 	   75125 	   25 
 193710 	   74067 	   16 	   74876 	   15 
 196068 	   75922 	   66 	   73566 	   67 
 193182 	   70423 	   14 	   72940 	   16 
 196004 	   70556 	   18 	   69325 	   15 
 193048 	   72870 	   21 	   70740 	   23 
 194594 	   68681 	   17 	   78833 	   14 
 200934 	   67739 	   31 	   74766 	   29 
 201930 	   64848 	   16 	   65063 	   13 
 205862 	   66230 	   20 	   67778 	   18 
 203728 	   69337 	   25 	   69222 	   24 
 202343 	   64954 	   18 	   64690 	   19 
 203234 	   64011 	   18 	   69037 	   15 
 220589 	   84349 	   48 	  104138 	   64 
 220097 	   57252 	   31 	   82996 	   11 
 207931 	   51953 	   16 	   57013 	   26 
 208452 	   53875 	   15 	   56538 	   14 
 205845 	   59285 	   28 	   60559 	   29 
 209479 	   55959 	   17 	   56747 	   16 
 205628 	   61151 	   27 	   62283 	   26 
 212948 	   53302 	   15 	   56319 	   14 
 211438 	   59093 	   21 	   58791 	   19 
 190970 	  172136 	   85 	  122590 	  109 
 211759 	   84976 	   59 	   63987 	   16 
 215457 	   60324 	   41 	   62653 	   45 
 225749 	   63354 	   31 	   68591 	   33 
 230534 	   45924 	   14 	   46948 	   13 
 223974 	   53346 	   19 	   49939 	   17 
 227135 	   49995 	   16 	   50451 	   15 
 221487 	   69042 	   27 	   60689 	   25 
 226651 	   50009 	   17 	   52428 	   16 
 229604 	   44467 	   16 	   45256 	   16 
 227585 	   47351 	   21 	   46008 	   18 
 230711 	   44350 	   13 	   45373 	   12 
 223701 	   55887 	   24 	   52791 	   21 
 221238 	   60884 	   27 	   62663 	   28 
 226520 	   54437 	   13 	   54691 	   15 
 229856 	   46010 	   13 	   47213 	   12 
 224092 	   54165 	   20 	   54677 	   21 
 221354 	   66137 	   40 	   66624 	   42 
 223446 	   51447 	   18 	   51183 	   15 
 230499 	   41420 	   12 	   47602 	   17 
 228389 	   55571 	   48 	   57921 	   46 
 229386 	   48252 	   16 	   51339 	   14 
 231057 	   42701 	   19 	   42069 	   19 
 225487 	   51654 	   16 	   49859 	   16 
 224654 	   45370 	   14 	   45088 	   17 
 226365 	   44451 	   15 	   43066 	   12 
 227826 	   59826 	   27 	   61041 	   27 
 235968 	   46292 	   22 	   51904 	   20 
 225474 	   44089 	   12 	   41101 	   13 
 234569 	   41890 	   38 	   49049 	   35 
 230180 	   32015 	   13 	   30344 	   15 
 231907 	   33563 	   17 	   32566 	   13 
 233271 	   37880 	   23 	   38083 	   22 
 231985 	   37843 	   15 	   35645 	   15 
 233155 	   34499 	   22 	   34924 	   21 
 235674 	   41194 	   22 	   46996 	   24 
 228399 	   43254 	   14 	   35946 	   14 
 236584 	   36685 	   19 	   46238 	   19 
 238035 	   30839 	   13 	   30598 	   13 
 242030 	   36323 	   56 	   44308 	   59 
 239405 	   35185 	   16 	   31696 	   17 
 240576 	   31574 	   14 	   32140 	   14 
 231848 	   53260 	   27 	   47974 	   27 
 217520 	   62186 	   62 	   48034 	   68 
 212817 	   63868 	   26 	   52052 	   33 
 213248 	   70066 	   50 	   74791 	   57 
 218175 	   50679 	   16 	   55601 	   17 
 224619 	   46713 	   19 	   46189 	   12 
 218472 	   53926 	   16 	   55273 	   18 
 221558 	   53242 	   24 	   56228 	   24 
 226024 	   43549 	   13 	   42498 	   16 
 223378 	   51366 	   18 	   50870 	   17 
 213753 	   66297 	   23 	   58881 	   24 
 201422 	   66610 	   11 	   73168 	   31 
 220895 	   62845 	   29 	   64760 	   21 
 221606 	   46339 	   14 	   48340 	   13 
 216814 	   56367 	   22 	   58783 	   24 
 223044 	   45739 	   14 	   48034 	   18 
 221529 	   47603 	   15 	   47804 	   15 
 222568 	   48976 	   15 	   50716 	   12 
 227691 	   44674 	   14 	   44407 	   14 
 225475 	   48151 	   13 	   54825 	   14 
 225712 	   57215 	   26 	   51412 	   39 
 219707 	   55946 	   31 	   46822 	   15 
 217360 	   62922 	   29 	   65536 	   29 
 214498 	   53512 	   15 	   54066 	   13 
 221481 	   50802 	   19 	   58762 	   20 
 226334 	   40910 	   17 	   39869 	   10 
 232377 	   46917 	   54 	   50938 	   61 
 237276 	   35116 	   15 	   32731 	   14 
 236361 	   36380 	   18 	   34943 	   17 
 238684 	   34280 	   18 	   36464 	   18 
 240979 	   34162 	   27 	   34820 	   26 
 239163 	   29369 	   16 	   27662 	   14 
 239091 	   26414 	   15 	   25132 	   14 
 241179 	   33770 	   18 	   33497 	   20 
 241845 	   30211 	   18 	   32242 	   16 
 244849 	   33676 	   38 	   35513 	   43 
 245954 	   28304 	   14 	   27287 	   13 
 237078 	   42007 	   18 	   36785 	   16 
 229784 	   44315 	   41 	   41269 	   44 
 229167 	   54164 	   38 	   55427 	   41 
 235008 	   36491 	   14 	   35907 	   14 
 234757 	   33991 	   13 	   35496 	   15 
 230184 	   44444 	   18 	   41556 	   16 
 229786 	   44442 	   22 	   43933 	   22 
 230419 	   46092 	   21 	   48321 	   20 
 235116 	   36524 	   12 	   37012 	   14 
 234953 	   33698 	   16 	   33806 	   15 
 230701 	   41068 	   17 	   40893 	   21 
 226977 	   49637 	   26 	   46798 	   24 
 229260 	   39009 	   17 	   39941 	   17 
 230829 	   38627 	   32 	   38506 	   31 
 234211 	   31254 	   15 	   32393 	   14 
 233603 	   29787 	   14 	   29624 	   14 
 233898 	   35260 	   18 	   33404 	   19 
 234771 	   36249 	   17 	   37095 	   16 
 236045 	   35190 	   26 	   36790 	   23 
 237658 	   28487 	   18 	   29659 	   14 
 238214 	   33311 	   18 	   30635 	   17 
 237788 	   35210 	   16 	   34871 	   17 
 236938 	   32948 	   15 	   30527 	   17 
 232915 	   44289 	   42 	   41570 	   40 
 235965 	   38880 	   41 	   43295 	   48 
 233416 	   39947 	   41 	   40115 	   38 
 234010 	   35503 	   15 	   35201 	   14 
 233948 	   32768 	   15 	   32838 	   12 
 230392 	   41254 	   23 	   37991 	   25 
 228924 	   42933 	   24 	   46156 	   26 
 229775 	   37551 	   18 	   35611 	   17 
 233763 	   37955 	   22 	   39498 	   21 
 234738 	   34838 	   13 	   31967 	   13 
 236086 	   33238 	   15 	   33825 	   14 
 235862 	   36621 	   24 	   36635 	   25 
 234139 	   44348 	   21 	   44624 	   24 
 236063 	   32767 	   17 	   32580 	   18 
 230707 	   46731 	   83 	   45355 	   89 
 230367 	   38502 	   16 	   38540 	   15 
 231789 	   35295 	   10 	   35478 	   11 
 222077 	   50808 	   22 	   47898 	   22 
 227795 	   42161 	   22 	   45155 	   23 
 229781 	   34971 	   13 	   38735 	   13 
 224606 	   48407 	   36 	   43573 	   41 
 223298 	   48068 	   19 	   49018 	   19 
 222864 	   44872 	   22 	   46436 	   22 
 224496 	   37841 	   13 	   36871 	   14 
 220326 	   42882 	   17 	   42711 	   16 
 210065 	   63539 	   44 	   57089 	   44 
 221694 	   45144 	   19 	   49429 	   20 
 224409 	   40798 	   13 	   43453 	   13 
 219649 	   57161 	   20 	   46781 	   20 
 209056 	   67852 	   22 	   69345 	   22 
 219442 	   51681 	   37 	   55125 	   39 
 222069 	   37849 	   14 	   38804 	   13 
 216024 	   45002 	   19 	   43383 	   17 
 216074 	   50812 	   21 	   49296 	   22 
 212963 	   53801 	   20 	   54548 	   20 
 217947 	   51929 	   70 	   53544 	   86 
 216387 	   47592 	   13 	   44979 	   12 
 215768 	   50461 	   18 	   50256 	   14 
 214958 	   52416 	   17 	   52280 	   18 
 209969 	   51110 	   18 	   50246 	   18 
 210535 	   54555 	   33 	   53974 	   33 
 217378 	   49259 	   14 	   51584 	   13 
 220821 	   51484 	   18 	   52104 	   17 
 219371 	   52292 	   22 	   52291 	   25 
 215785 	   47293 	   20 	   44623 	   19 
 219680 	   46385 	   15 	   49514 	   15 
 200594 	   77326 	   40 	   69838 	   40 
 192669 	   76774 	   19 	   75843 	   16 
 195186 	   72879 	   21 	   68282 	   21 
 195700 	   69987 	   22 	   71883 	   20 
 196583 	   70367 	   38 	   66572 	   39 
 196613 	   64337 	   14 	   65419 	   22 
 199236 	   69830 	   23 	   68014 	   16 
 201253 	   71994 	   22 	   72354 	   24 
 205889 	   71792 	   25 	   77313 	   22 
 228476 	   91020 	   85 	  130648 	   86 
 234357 	   81729 	   54 	   52400 	   53 
 230366 	   42242 	   11 	   42906 	   13 
 231626 	   38084 	   12 	   39031 	   13 
 229528 	   54451 	   26 	   46904 	   27 
 232962 	   58542 	   44 	   59167 	   44 
 232088 	   43528 	   16 	   43817 	   13 
 235596 	   41016 	   17 	   41982 	   17 
 232846 	   48851 	   19 	   53854 	   19 
 229985 	   44249 	   13 	   46288 	   12 
 230844 	   43838 	   17 	   39841 	   16 
 224413 	   51913 	   13 	   53071 	   11 
 227524 	   46495 	   15 	   46356 	   15 
 227629 	   50717 	   13 	   53737 	   49 
 227893 	   56290 	   45 	   54198 	   15 
 223833 	   47397 	   26 	   49427 	   19 
 219827 	   56748 	   28 	   55140 	   24 
 218860 	   58659 	   28 	   59195 	   29 
 217331 	   58089 	   16 	   59342 	   12 
 217975 	   61129 	   19 	   59835 	   17 
 213330 	   60634 	   19 	   63568 	   17 
 215306 	   63593 	   27 	   61458 	   23 
 216406 	   57910 	   16 	   57924 	   15 
 215006 	   64968 	   35 	   61217 	   33 
 223798 	   53643 	   27 	   53043 	   27 
 219877 	   56341 	   13 	   56809 	   13 
 218269 	   62016 	   23 	   60851 	   21 
 212282 	   62782 	   14 	   60314 	   14 
 221361 	   48941 	   17 	   49377 	   16 
 221978 	   60929 	   28 	   53996 	   31 
 236736 	   53534 	   85 	   51728 	   89 
 243249 	   29519 	   17 	   32718 	   15 
 240533 	   30098 	   16 	   30581 	   14 
 237950 	   38359 	   22 	   39195 	   20 
 242124 	   32029 	   12 	   35763 	   13 
 236459 	   45375 	   18 	   44499 	   16 
 235982 	   48217 	   34 	   48083 	   33 
 237286 	   34239 	   15 	   34754 	   15 
 235373 	   34895 	   18 	   33606 	   18 
 233164 	   48283 	   23 	   48296 	   20 
 232238 	   40803 	   22 	   42035 	   19 
 231642 	   43421 	   17 	   43129 	   16 
 233231 	   42397 	   42 	   45970 	   39 
 224717 	   55860 	   31 	   60385 	   28 
 217135 	   57639 	   13 	   56774 	   14 
 216035 	   67379 	   14 	   68840 	   17 
 221369 	   55316 	   20 	   54783 	   20 
 221189 	   54383 	   20 	   51096 	   18 
 226292 	   47757 	   14 	   47597 	   11 
 217436 	   79098 	   37 	   77047 	   37 
 221513 	   54070 	   22 	   53418 	   21 
 224155 	   59366 	   23 	   61880 	   23 
 216242 	   59866 	   21 	   57111 	   20 
 214273 	   57043 	   17 	   56625 	   18 
 219091 	   62278 	   23 	   60744 	   23 
 222250 	   56861 	   29 	   51733 	   30 
 234270 	   37037 	   20 	   37267 	   22 
 238638 	   37927 	   20 	   35615 	   19 
 235112 	   46430 	   71 	   43970 	   76 
 241751 	   24025 	   17 	   25795 	   15 
 242767 	   31878 	   15 	   31688 	   23 
 242265 	   38733 	   26 	   39413 	   24 
 243477 	   30631 	   24 	   28273 	   22 
 244348 	   21040 	   16 	   23676 	   14 
 245872 	   32871 	   36 	   31388 	   40 
 247158 	   26986 	   22 	   26792 	   17 
 248975 	   24127 	   21 	   28494 	   20 
 247789 	   32041 	   26 	   30456 	   23 
 244289 	   37457 	   21 	   35296 	   22 
 243745 	   33860 	   18 	   34853 	   17 
 245697 	   39740 	   55 	   44568 	   51 
 239128 	   33061 	   17 	   33973 	   22 
 228540 	   49679 	   27 	   52490 	   26 
 224905 	   58903 	   23 	   57735 	   21 
 228630 	   47577 	   20 	   45820 	   19 
 231928 	   39414 	   18 	   35756 	   19 
 239127 	   44986 	   41 	   44802 	   39 
 242560 	   43606 	   19 	   44161 	   21 
 240223 	   46620 	   25 	   44833 	   23 
 236704 	   38804 	   20 	   38763 	   14 
 242151 	   30811 	   19 	   33704 	   19 
 238067 	   45447 	   24 	   40961 	   25 
 241501 	   47515 	   34 	   47989 	   34 
 236707 	   44647 	   22 	   45265 	   19 
 241212 	   31797 	   16 	   30185 	   16 
 243548 	   28431 	   25 	   27747 	   27 
 243747 	   32128 	   18 	   34450 	   19 
 243107 	   42722 	  110 	   48223 	  119 
 234850 	   40812 	   38 	   46578 	   40 
 227577 	   58829 	   31 	   62813 	   33 
 223925 	   47905 	   15 	   48809 	   14 
 221572 	   54870 	   16 	   55202 	   16 
 223540 	   52715 	   24 	   50608 	   22 
 222074 	   61246 	   21 	   54103 	   24 
 232048 	   42730 	   22 	   42827 	   18 
 233871 	   44394 	   17 	   43051 	   16 
 232798 	   53889 	   34 	   53283 	   34 
 230297 	   43792 	   14 	   46335 	   16 
 229473 	   44771 	   18 	   43766 	   19 
 227713 	   50967 	   20 	   50040 	   21 
 225286 	   50264 	   14 	   50329 	   14 
 225761 	   47456 	   16 	   51086 	   17 
 224873 	   55471 	   23 	   53217 	   24 
 225785 	   58545 	   34 	   61223 	   39 
 225235 	   48909 	   14 	   47760 	   14 
 223850 	   47759 	   14 	   50498 	   13 
 224367 	   59818 	   45 	   70252 	   47 
 216335 	   58479 	   18 	   56837 	   17 
 220340 	   59644 	   17 	   60666 	   19 
 217865 	   58191 	   16 	   56025 	   16 
 219731 	   49879 	   16 	   48386 	   17 
 221766 	   49244 	   20 	   52054 	   20 
 217436 	   69747 	   26 	   69416 	   30 
 218184 	   63081 	   21 	   66711 	   21 
 212824 	   56665 	   12 	   55550 	   14 
 217519 	   58979 	   37 	   66810 	   35 
 208363 	   53680 	   14 	   53100 	   15 
 212131 	   53099 	   19 	   55755 	   21 
 210422 	   60512 	   20 	   52980 	   22 
 216425 	   54480 	   19 	   56735 	   18 
 215800 	   51600 	   15 	   53491 	   15 
 213196 	   63349 	   24 	   66557 	   27 
 208359 	   63450 	   15 	   58915 	   15 
 210667 	   62534 	   20 	   62861 	   13 
 207750 	   60548 	   14 	   65951 	   17 
 206503 	   69596 	   60 	   67321 	   13 
 202190 	   71259 	   18 	   75992 	   55 
 205451 	   67170 	   14 	   70108 	   15 
 204232 	   80900 	   27 	   73126 	   29 
 211804 	   67545 	   65 	   55849 	   71 
 221765 	   55268 	   30 	   40705 	   30 
 229920 	   54590 	   55 	   58813 	   54 
 227281 	   41518 	   15 	   43746 	   12 
 221863 	   49378 	   18 	   56501 	   21 
 218540 	   53229 	   17 	   47698 	   15 
 224267 	   49905 	   20 	   56083 	   16 
 219510 	   50209 	   21 	   53528 	   24 
 216296 	   59354 	   12 	   53884 	   11 
 219812 	   59543 	   23 	   52913 	   27 
 227560 	   40175 	   12 	   39453 	   12 
 228664 	   55368 	   26 	   66654 	   29 
 218172 	   50315 	   14 	   52194 	   14 
 214835 	   58005 	   24 	   58915 	   23 
 217967 	   50722 	   17 	   54790 	   13 
 212393 	   57029 	   17 	   57199 	   18 
 211290 	   60194 	   13 	   62490 	   12 
 213042 	   59253 	   14 	   59627 	   14 
 209872 	   64443 	   14 	   63391 	   14 
 210943 	   71768 	   27 	   71590 	   29 
 212344 	   64493 	   28 	   52537 	   32 
 220882 	   59023 	   27 	   58568 	   31 
 213663 	   54507 	   14 	   63106 	   14 
 211158 	   60517 	   17 	   60769 	   16 
 207584 	   59071 	   13 	   65219 	   14 
 203090 	   72776 	   36 	   73468 	   35 
 207191 	   62639 	   15 	   62426 	   16 
 208736 	   64888 	   15 	   61871 	   17 
 209549 	   63616 	   22 	   65050 	   21 
 210056 	   55838 	   18 	   54740 	   12 
 210552 	   55996 	   14 	   54428 	   18 
 208355 	   67494 	   24 	   67838 	   24 
 207879 	   62836 	   22 	   66547 	   25 
 204411 	   65541 	   18 	   61729 	   15 
 203244 	   76401 	   52 	   78731 	   49 
 204070 	   70527 	   19 	   69642 	   17 
 206710 	   69293 	   14 	   68583 	   14 
 210574 	   65167 	   33 	   58943 	   32 
 214959 	   56032 	   40 	   55483 	   39 
 216463 	   50480 	   17 	   51665 	   16 
 218131 	   49714 	   27 	   47441 	   16 
 217859 	   46852 	   14 	   48388 	   19 
 217849 	   50883 	   16 	   50496 	   17 
 221626 	   54634 	   24 	   51162 	   25 
 218981 	   47512 	   17 	   50570 	   15 
 218097 	   50213 	   15 	   51421 	   16 
 217906 	   54465 	   18 	   53503 	   18 
 218690 	   49952 	   15 	   47931 	   14 
 216059 	   66876 	   47 	   61721 	   53 
 223192 	   49660 	   33 	   54414 	   30 
 215990 	   65474 	   47 	   64954 	   49 
 209185 	   63943 	   18 	   63471 	   18 
 210011 	   61994 	   19 	   67838 	   20 
 208073 	   67986 	   16 	   61796 	   12 
 211546 	   67086 	   17 	   64002 	   16 
 217667 	   53736 	   10 	   55041 	   11 
 216150 	   58537 	   17 	   59743 	   19 
 215103 	   60314 	   20 	   59670 	   22 
 214718 	   66414 	   27 	   60551 	   28 
 213836 	   57080 	   22 	   67110 	   24 
 208411 	   63837 	   17 	   62102 	   14 
 207615 	   65278 	   36 	   70007 	   42 
 208481 	   60977 	   16 	   59656 	   14 
 207583 	   61933 	   16 	   62492 	   16 
 207111 	   64416 	   22 	   62188 	   23 
 208789 	   62863 	   20 	   60759 	   19 
 212178 	   57367 	   14 	   56957 	   15 
 209282 	   62818 	   23 	   60666 	   15 
 210485 	   61413 	   14 	   64463 	   26 
 204278 	   70974 	   26 	   73786 	   25 
 200952 	   70817 	   18 	   69994 	   16 
 204200 	   68629 	   25 	   65905 	   26 
 207839 	   62588 	   15 	   61854 	   17 
 206431 	   72643 	   97 	   74735 	  113 
 203195 	   66773 	   15 	   64859 	   13 
 206478 	   60594 	   13 	   62851 	   13 
 202929 	   70232 	   19 	   68672 	   19 
 205825 	   63967 	   19 	   64777 	   20 
 203871 	   60903 	   11 	   62959 	   14 
 205688 	   73164 	   22 	   65709 	   26 
 211267 	   63738 	   18 	   61584 	   19 
 212431 	   55144 	   21 	   65594 	   15 
 205432 	   57038 	   12 	   58075 	   21 
 205949 	   57786 	   13 	   57924 	   14 
 202248 	   71725 	   45 	   63792 	   50 
 213655 	   52805 	   13 	   57502 	   13 
 205612 	   59477 	   13 	   57989 	   13 
 212420 	   63977 	   19 	   59280 	   20 
 210508 	   66613 	   21 	   67226 	   22 
 213560 	   57326 	   26 	   58212 	   10 
 206861 	   53064 	   12 	   58282 	   24 
 202217 	   58431 	   13 	   56381 	   13 
 203133 	   64378 	   25 	   60986 	   24 
 206596 	   60604 	   17 	   58638 	   15 
 212031 	   57472 	   52 	   53384 	   15 
 213495 	   60168 	   20 	   61318 	   53 
 217473 	   54508 	   14 	   57708 	   15 
 213335 	   53746 	   21 	   54977 	   22 
 209585 	   51805 	   17 	   51876 	   16 
 212443 	   51620 	   19 	   49078 	   10 
 218432 	   53197 	   17 	   52226 	   25 
 210566 	   60515 	   16 	   64226 	   20 
 215781 	   68180 	   25 	   64925 	   28 
 216980 	   50416 	   14 	   52660 	   13 
 210591 	   61637 	   16 	   57599 	   17 
 206957 	   76786 	   46 	   74359 	   49 
 213038 	   56800 	   14 	   57497 	   16 
 226500 	   42838 	   26 	   35687 	   25 
 231460 	   33823 	   17 	   33878 	   19 
 234380 	   33756 	   32 	   34181 	   32 
 233238 	   28446 	   12 	   26838 	   12 
 234810 	   36224 	   20 	   34211 	   18 
 236210 	   41256 	   29 	   40016 	   28 
 238370 	   42585 	   19 	   42594 	   18 
 253879 	   63987 	   79 	   70299 	   86 
 239279 	   79290 	   49 	   92540 	   50 
 220272 	   52125 	   16 	   54305 	   18 
 217810 	   52015 	   15 	   51899 	   14 
 214559 	   70175 	   31 	   61026 	   30 
 218919 	   73206 	   45 	   74777 	   46 
 217542 	   57778 	   15 	   59402 	   14 
 216407 	   57165 	   15 	   54077 	   11 
 220292 	   61540 	   38 	   66533 	   43 
 216436 	   57891 	   13 	   60604 	   14 
 214275 	   58191 	   15 	   53887 	   12 
 214853 	   61016 	   11 	   65042 	   16 
 221346 	   52636 	   12 	   51624 	   14 
 218116 	   61106 	   15 	   58742 	   15 
 215742 	   68658 	   34 	   70001 	   30 
 217485 	   54020 	   16 	   56471 	   17 
 220347 	   56397 	   26 	   55241 	   21 
 228276 	   51530 	   23 	   53131 	   23 
 227189 	   49023 	   18 	   46358 	   16 
 223903 	   46989 	   12 	   48967 	   12 
 224888 	   48624 	   20 	   49828 	   16 
 227695 	   52706 	   31 	   52774 	   29 
 226429 	   49973 	   20 	   49639 	   18 
 218784 	   62368 	   41 	   58823 	   36 
 217144 	   61352 	   23 	   61133 	   23 
 218628 	   59111 	   16 	   61750 	   19 
 214170 	   62426 	   16 	   59753 	   15 
 211734 	   62668 	   13 	   60164 	   14 
 213017 	   58435 	   14 	   57795 	   14 
 209850 	   74085 	   29 	   65119 	   17 
 195860 	   95920 	   83 	   97507 	   90 
 199406 	   70360 	   18 	   71446 	   15 
 202894 	   72717 	   19 	   74384 	   18 
 201463 	   71370 	   29 	   75734 	   26 
 199307 	   68595 	   15 	   68884 	   18 
 201665 	   68239 	   18 	   66592 	   15 
 200294 	   72646 	   22 	   71881 	   23 
 201025 	   76696 	   16 	   72224 	   14 
 206885 	   73826 	   14 	   80183 	   15 
 201910 	   91585 	   29 	   82146 	   19 
 211782 	   58888 	   16 	   67250 	   21 
 207980 	   64803 	   19 	   61658 	   16 
 210067 	   64724 	   60 	   63029 	   14 
 205545 	   60213 	   16 	   67620 	   73 
 207578 	   65630 	   16 	   65144 	   18 
 209936 	   68320 	   25 	   69471 	   39 
 208189 	   62781 	   18 	   65559 	   17 
 210000 	   64948 	   20 	   63505 	   20 
 211230 	   68688 	   35 	   69922 	   31 
 206896 	   67294 	   22 	   60859 	   14 
 214315 	   55668 	   14 	   60725 	   18 
 211593 	   74139 	   29 	   73372 	   24 
 213873 	   64933 	   25 	   57286 	   21 
 220132 	   59231 	   19 	   63031 	   18 
 218026 	   65456 	   45 	   58911 	   13 
 213456 	   68674 	   25 	   84544 	   46 
 226692 	   54354 	   14 	   57249 	   15 
 225860 	   53948 	   13 	   51383 	   14 
 226995 	   54088 	   29 	   54163 	   31 
 226951 	   45839 	   18 	   44318 	   13 
 233770 	   38527 	   19 	   41514 	   21 
 225756 	   49576 	   13 	   48025 	   17 
 226254 	   47880 	   10 	   48514 	   11 
 222719 	   70326 	   25 	   67242 	   25 
 229552 	   41624 	   21 	   40174 	   21 
 222508 	   46588 	   16 	   45690 	   15 
 216805 	   65512 	   22 	   64909 	   24 
 203943 	   78071 	   24 	   72744 	   26 
 200844 	   74986 	   19 	   71594 	   20 
 202479 	   78877 	   16 	   81273 	   14 
 194188 	  102383 	   42 	   97152 	   40 
 201927 	   72493 	   14 	   78702 	   16 
 206329 	   76575 	   34 	   75250 	   34 
 213623 	   70687 	   17 	   67143 	   15 
 214362 	   71670 	   31 	   69525 	   31 
 217180 	   50769 	   20 	   58367 	   18 
 210493 	   63409 	   23 	   53879 	   16 
 208159 	   64606 	   15 	   70171 	   18 
 204857 	   81142 	   25 	   79950 	   25 
 210182 	   74755 	   19 	   79437 	   21 
 208813 	   66233 	   16 	   66933 	   14 
 203070 	   83321 	   25 	   77319 	   25 
 202001 	   90381 	   30 	   89036 	   30 
 195504 	   83367 	   16 	   82064 	   14 
 197689 	   84247 	   19 	   85166 	   20 
 191521 	   85068 	   22 	   84130 	   20 
 190411 	   81711 	   20 	   80462 	   18 
 187192 	   88868 	  100 	   95973 	  104 
 191559 	   80867 	   16 	   81786 	   16 
 190570 	   79295 	   16 	   78764 	   11 
 193184 	   90632 	   30 	   89892 	   30 
 196273 	   95812 	   39 	   97007 	   47 
 193370 	   81863 	   13 	   81604 	   14 
 192873 	   80671 	   14 	   77171 	    9 
 193249 	   88341 	   30 	   90680 	   31 
 188872 	   87044 	   12 	   89446 	   13 
 185923 	   87832 	   16 	   85644 	   12 
 185470 	   91882 	   26 	   93068 	   25 
 185438 	   89231 	   13 	   88859 	   15 
 185546 	   91428 	   14 	   86066 	   17 
 192596 	   89702 	   28 	   93081 	   22 
 184363 	   86032 	   16 	   87944 	   16 
 178055 	   96668 	   29 	  101196 	   33 
 181242 	   99794 	   22 	   96797 	   23 
 184262 	   93689 	   17 	   87630 	   13 
 177995 	   96241 	   14 	  105384 	   14 
 176229 	   99981 	   23 	   97101 	   10 
 178941 	   99625 	   29 	   89851 	   34 
 194334 	   83688 	   19 	   85026 	   17 
 195070 	   85990 	   39 	   84567 	   39 
 201183 	   77769 	   24 	   73431 	   23 
 200839 	   77290 	   17 	   81382 	   15 
 197007 	   80895 	   15 	   78498 	   15 
 197462 	   77744 	   22 	   74941 	   11 
 202037 	   69171 	   11 	   70908 	   24 
 204294 	   74382 	   17 	   68635 	   20 
 210492 	   85610 	  103 	   87123 	  113 
 213241 	   56555 	   12 	   60321 	   13 
 210182 	   69020 	   19 	   63304 	   20 
 212194 	   63391 	   26 	   66005 	   24 
 213243 	   55631 	   17 	   52108 	   17 
 216110 	   54745 	   16 	   55905 	   15 
 207803 	   78184 	   25 	   73338 	   25 
 211443 	   67437 	   15 	   71045 	   13 
 207303 	   71685 	   16 	   72941 	   14 
 202822 	   78533 	   24 	   83500 	   24 
 199319 	   75389 	   11 	   74876 	   15 
 190332 	   88386 	   22 	   89901 	   25 
 204585 	   64672 	   18 	   58438 	   15 
 206824 	   63237 	   45 	   66644 	   45 
 209357 	   74014 	   23 	   74577 	   21 
 205263 	   85008 	   28 	   83798 	   27 
 207480 	   61842 	   18 	   65409 	   15 
 209308 	   73590 	   21 	   70038 	   23 
 209458 	   86401 	   36 	   81817 	   33 
 205216 	   81392 	   27 	   81961 	   17 
 194097 	   92162 	   22 	  114096 	   26 
 187351 	   90359 	   24 	   90445 	   16 
 183130 	   88133 	   15 	   86663 	   21 
 191769 	   91623 	   18 	   83678 	   19 
 202270 	   83192 	   45 	   66677 	   14 
 203094 	   80697 	   30 	   95259 	   52 
 189598 	   89997 	   14 	   96878 	   15 
 187517 	   88403 	   11 	   86302 	   12 
 189575 	   97994 	   24 	   84722 	   21 
 194482 	   83227 	   11 	   93295 	   15 
 183622 	   96816 	   20 	  105980 	   19 
 179792 	   95767 	   16 	   95759 	   13 
 177861 	   92210 	   11 	   94555 	   12 
 183822 	   99234 	   25 	  102677 	   26 
 175285 	  100703 	   20 	   99622 	   17 
 176114 	   95717 	   23 	   83742 	   13 
 180457 	   94330 	   15 	   81444 	   25 
 199894 	   90653 	   47 	   95844 	   48 
 191947 	   84649 	   26 	   88973 	   14 
 184061 	  104512 	   22 	  121439 	   25 
 181761 	   97573 	   12 	  102603 	   13 
 177974 	  108088 	   30 	  105873 	   34 
 172227 	  103614 	   18 	  108644 	   21 
 172738 	  127795 	   29 	  103241 	   18 
 181253 	  103119 	   16 	  123611 	   25 
 179484 	  100027 	   15 	  108985 	   19 
 173840 	  113265 	   26 	  102306 	   25 
 172149 	   99842 	   12 	   98777 	   12 
 179151 	  106880 	   19 	   95208 	   20 
 191076 	   97947 	   30 	   76208 	   25 
 210914 	   65333 	   17 	   61898 	   18 
 213865 	   59137 	   15 	   70879 	   13 
 199652 	  100743 	   23 	   76610 	   27 
 220376 	   53459 	   16 	   62651 	   13 
 217588 	   59074 	   20 	   44819 	   20 
 228604 	   48404 	   16 	   49968 	   18 
 230722 	   43802 	   18 	   37907 	   17 
 236593 	   88482 	  121 	   70750 	  125 
 246667 	   39738 	   19 	   38896 	   19 
 244321 	   42578 	   18 	   37048 	   17 
 248888 	   50337 	   37 	   52026 	   40 
 247261 	   29410 	   20 	   30426 	   21 
 246319 	   26643 	   22 	   26018 	   19 
 247569 	   31107 	   29 	   32003 	   27 
 244969 	   33828 	   18 	   31577 	   18 
 245596 	   43612 	   18 	   42553 	   16 
 246707 	   37217 	   13 	   39980 	   13 
 248432 	   43817 	   33 	   44179 	   34 
 248657 	   34475 	   16 	   34394 	   16 
 247068 	   35507 	   19 	   35459 	   17 
 248086 	   29995 	   17 	   29494 	   17 
 250421 	   31902 	   25 	   30101 	   26 
 245053 	   58225 	   44 	   52278 	   47 
 243685 	   45050 	   21 	   39275 	   22 
 245428 	   29139 	   12 	   33366 	   13 
 243547 	   39885 	   14 	   39324 	   17 
 243492 	   41551 	   24 	   38871 	   25 
 243610 	   27997 	   18 	   30130 	   18 
 244280 	   34449 	   24 	   38774 	   23 
 240197 	   61794 	   31 	   60548 	   31 
 240961 	   40840 	   16 	   39774 	   13 
 239555 	   37041 	   16 	   40407 	   17 
 240933 	   52645 	   20 	   56670 	   21 
 245631 	   35331 	   14 	   41139 	   13 
 247550 	   50099 	   62 	   53591 	   66 
 242726 	   42660 	   31 	   38855 	   32 
 243906 	   41391 	   17 	   41638 	   18 
 242282 	   42699 	   16 	   37369 	   15 
 246053 	   43192 	   16 	   47346 	   17 
 235813 	   59641 	   25 	   57298 	   25 
 234844 	   46730 	   18 	   42874 	   18 
 233210 	   48211 	   16 	   46559 	   15 
 240931 	   56249 	   19 	   61208 	   21 
 244033 	   37261 	   18 	   44688 	   17 
 243450 	   39241 	   30 	   43888 	   31 
 243112 	   34411 	   16 	   33839 	   17 
 249868 	   48406 	   37 	   58418 	   37 
 249689 	   36463 	   61 	   42905 	   76 
