% num_local_points | num_send_points | num_send_procs | num_recv_points | num_recv_procs 
 749234 	  749234 	  210 	  294541 	  146 
 749234 	  749234 	  121 	 1292425 	  236 
 749234 	  749234 	  232 	  656662 	  157 
 749234 	  749234 	  214 	  530807 	  100 
 749234 	  749234 	  154 	  929892 	  204 
 749234 	  749234 	  135 	  849517 	  211 
 749234 	  749234 	  185 	  650335 	   85 
 749234 	  749234 	  148 	  765822 	  177 
 749235 	  749235 	  166 	  769910 	  168 
 749234 	  749234 	  178 	  858598 	  110 
 749234 	  749234 	  156 	  755879 	  145 
 749234 	  749234 	  131 	  722792 	  208 
 749234 	  749234 	  219 	  886300 	   70 
 749234 	  749234 	  198 	  788473 	   90 
 749234 	  749234 	  130 	  754853 	  265 
 749234 	  749234 	  171 	  816007 	  194 
 749234 	  749234 	  160 	  928622 	  186 
 749235 	  749235 	  173 	  651652 	  175 
 749234 	  749234 	  147 	  671401 	  204 
 749234 	  749234 	  211 	  534776 	  159 
 749234 	  749234 	  204 	  891259 	  389 
 749234 	  749234 	  275 	  441973 	  269 
 749234 	  749234 	  203 	  755592 	  176 
 749234 	  749234 	  239 	  766858 	  256 
 749234 	  749234 	  240 	  551457 	  212 
 749234 	  749234 	  182 	  910812 	  400 
 749235 	  749235 	  208 	  435268 	  104 
 749234 	  749234 	  128 	 1005643 	  198 
 749234 	  749234 	  192 	  618138 	  103 
 749234 	  749234 	  147 	  798173 	  146 
 749234 	  749234 	  157 	  911696 	  191 
 749234 	  749234 	  224 	 1018426 	   76 
 749234 	  749234 	  193 	  855860 	  171 
 749234 	  749234 	  203 	  755582 	  157 
 749234 	  749234 	  174 	  676435 	  212 
 749235 	  749235 	  172 	  803263 	  180 
 749234 	  749234 	  187 	  714368 	   55 
 749234 	  749234 	  135 	  888107 	  147 
 749234 	  749234 	  148 	  731848 	  109 
 749234 	  749234 	  172 	 1006876 	  123 
 749234 	  749234 	  229 	  704728 	   96 
 749234 	  749234 	  155 	  844823 	  165 
 749234 	  749234 	  163 	  814221 	  222 
 749234 	  749234 	  224 	  553189 	   99 
 749235 	  749235 	  157 	  847084 	  161 
 749234 	  749234 	  206 	  790385 	  184 
 749234 	  749234 	  182 	  804277 	  263 
 749234 	  749234 	  238 	  565091 	  174 
 749234 	  749234 	  244 	  683682 	  435 
 749234 	  749234 	  275 	  596732 	  303 
 749234 	  749234 	  255 	  540748 	  221 
 749234 	  749234 	  292 	  743681 	  178 
 749234 	  749234 	  217 	  608173 	  211 
 749235 	  749235 	  225 	  623069 	  161 
 749234 	  749234 	  240 	  854821 	  212 
 749234 	  749234 	  260 	  839453 	  146 
 749234 	  749234 	  291 	  878321 	  119 
 749234 	  749234 	  264 	  749740 	  269 
 749234 	  749234 	  162 	  292851 	  431 
 749234 	  749234 	  146 	  705001 	  437 
 749234 	  749234 	  226 	  776388 	   90 
 749234 	  749234 	  249 	 1075668 	  144 
 749235 	  749235 	  252 	  922339 	  162 
 749234 	  749234 	  296 	  728987 	  119 
 749234 	  749234 	  220 	  847876 	  368 
 749234 	  749234 	  190 	  694025 	  199 
 749234 	  749234 	  231 	  803809 	  292 
 749234 	  749234 	  308 	  522601 	  259 
 749234 	  749234 	  194 	  779259 	  364 
 749234 	  749234 	  186 	  665248 	  184 
 749234 	  749234 	  176 	  732245 	  163 
 749235 	  749235 	  164 	  841015 	  115 
 749234 	  749234 	  178 	  853603 	  169 
 749234 	  749234 	  189 	  730988 	   95 
 749234 	  749234 	  198 	  705995 	  118 
 749234 	  749234 	  163 	 1060252 	  110 
 749234 	  749234 	  216 	  871098 	   55 
 749234 	  749234 	  155 	  800000 	  117 
 749234 	  749234 	  252 	  559962 	  110 
 749234 	  749234 	  167 	 1058347 	  201 
 749235 	  749235 	  275 	  515636 	   97 
 749234 	  749234 	  161 	  801600 	  283 
 749234 	  749234 	  211 	  618697 	  156 
 749234 	  749234 	  164 	  692526 	  151 
 749234 	  749234 	  156 	  879123 	  148 
 749234 	  749234 	  176 	  533311 	   96 
 749234 	  749234 	  131 	  901114 	  312 
 749234 	  749234 	  224 	  624990 	   73 
 749234 	  749234 	  139 	  904854 	  111 
 749235 	  749235 	  174 	  792633 	  140 
 749234 	  749234 	  238 	  615651 	  116 
 749234 	  749234 	  171 	 1017348 	  106 
 749234 	  749234 	  177 	  905573 	   84 
 749234 	  749234 	  206 	  871489 	   66 
 749234 	  749234 	  163 	  735242 	   82 
 749234 	  749234 	  221 	  684401 	   70 
 749234 	  749234 	  189 	  764853 	  130 
 749234 	  749234 	  260 	  848286 	  400 
 749235 	  749235 	  269 	  585162 	  306 
 749234 	  749234 	  271 	  804892 	  247 
 749234 	  749234 	  174 	 1001328 	  175 
 749234 	  749234 	  205 	  956780 	  109 
 749234 	  749234 	  194 	  807123 	  163 
 749234 	  749234 	  257 	  646348 	  134 
 749234 	  749234 	  238 	  821030 	  187 
 749234 	  749234 	  245 	  563472 	  180 
 749234 	  749234 	  258 	  698553 	  307 
 749235 	  749235 	  359 	  620019 	  131 
 749234 	  749234 	  177 	  583199 	  105 
 749234 	  749234 	  261 	  987774 	  358 
 749234 	  749234 	  217 	  536003 	  142 
 749234 	  749234 	  249 	  720658 	  213 
 749234 	  749234 	  166 	  859415 	  369 
 749234 	  749234 	  217 	  519420 	  263 
 749234 	  749234 	  190 	  614236 	  255 
 749234 	  749234 	  189 	  578666 	  176 
 749235 	  749235 	  201 	  863667 	  110 
 749234 	  749234 	  178 	 1108705 	  147 
 749234 	  749234 	  245 	  624017 	   84 
 749234 	  749234 	  173 	 1087225 	  216 
 749234 	  749234 	  305 	  582539 	  231 
 749234 	  749234 	  220 	  852671 	  254 
 749234 	  749234 	  200 	  714217 	  133 
 749234 	  749234 	  204 	  527117 	  255 
 749234 	  749234 	  202 	  607183 	  230 
 749235 	  749235 	  278 	  544230 	  109 
 749234 	  749234 	  172 	 1322582 	  156 
 749234 	  749234 	  236 	  808200 	  173 
 749234 	  749234 	  211 	  528474 	  271 
 749234 	  749234 	  127 	  517049 	  266 
 749234 	  749234 	  156 	  753849 	  178 
 749234 	  749234 	  169 	  642339 	  144 
 749234 	  749234 	  142 	  764675 	  124 
 749234 	  749234 	  193 	  974678 	   51 
 749235 	  749235 	  159 	  990700 	   75 
 749234 	  749234 	  183 	  781121 	  135 
 749234 	  749234 	  142 	  618024 	  239 
 749234 	  749234 	  153 	  644347 	  193 
 749234 	  749234 	  171 	  601513 	  205 
 749234 	  749234 	  143 	  889792 	  302 
 749234 	  749234 	  190 	  916378 	   75 
 749234 	  749234 	  216 	  890625 	   76 
 749234 	  749234 	  157 	  767682 	  130 
 749235 	  749235 	  152 	  982841 	  136 
 749234 	  749234 	  205 	  665017 	   98 
 749234 	  749234 	  199 	  855054 	   74 
 749234 	  749234 	  178 	  898616 	   93 
 749234 	  749234 	  162 	  784119 	  115 
 749234 	  749234 	  184 	  878452 	  109 
 749234 	  749234 	  238 	  712107 	   88 
 749234 	  749234 	  217 	  762849 	  323 
 749234 	  749234 	  305 	  201127 	  274 
 749235 	  749235 	  238 	  976893 	  486 
 749234 	  749234 	  177 	  246973 	  435 
 749234 	  749234 	  233 	  665864 	  432 
 749234 	  749234 	  256 	  469145 	  246 
 749234 	  749234 	  231 	  613181 	  190 
 749234 	  749234 	  161 	  776434 	  227 
 749234 	  749234 	  171 	  659995 	  157 
 749234 	  749234 	  218 	  622937 	  250 
 749234 	  749234 	  212 	  653453 	  201 
 749235 	  749235 	  252 	  730583 	  250 
 749234 	  749234 	  261 	  731989 	  334 
 749234 	  749234 	  241 	  708501 	  227 
 749234 	  749234 	  169 	  639284 	  115 
 749234 	  749234 	  161 	  908536 	  151 
 749234 	  749234 	  162 	  811080 	   80 
 749234 	  749234 	  146 	  838677 	  157 
 749234 	  749234 	  151 	  775417 	  158 
 749234 	  749234 	  170 	  899850 	  168 
 749235 	  749235 	  231 	  620087 	  120 
 749234 	  749234 	  232 	  947363 	  200 
 749234 	  749234 	  232 	  951422 	  164 
 749234 	  749234 	  332 	  613405 	  162 
 749234 	  749234 	  286 	  622481 	  177 
 749234 	  749234 	  185 	  834865 	  325 
 749234 	  749234 	  237 	  679867 	   52 
 749234 	  749234 	  143 	 1145055 	  103 
 749234 	  749234 	  221 	  956522 	  100 
 749235 	  749235 	  172 	  887993 	  192 
 749234 	  749234 	  236 	  652853 	  120 
 749234 	  749234 	  194 	  569360 	  170 
 749234 	  749234 	  196 	  414479 	  224 
 749234 	  749234 	  188 	  569556 	  307 
 749234 	  749234 	  169 	  766300 	  372 
 749234 	  749234 	  165 	  785849 	  147 
 749234 	  749234 	  206 	  874091 	  104 
 749234 	  749234 	  210 	  836373 	  104 
 749235 	  749235 	  182 	  644420 	  121 
 749234 	  749234 	  150 	  715436 	  187 
 749234 	  749234 	  137 	 1067284 	  225 
 749234 	  749234 	  278 	  611301 	   50 
 749234 	  749234 	  153 	  715841 	  144 
 749234 	  749234 	  156 	  557249 	  214 
 749234 	  749234 	  203 	  683956 	  103 
 749234 	  749234 	  160 	  783808 	  179 
 749234 	  749234 	  206 	  596279 	  175 
 749235 	  749235 	  202 	  809296 	  139 
 749234 	  749234 	  242 	  556649 	  119 
 749234 	  749234 	  179 	  695839 	  164 
 749234 	  749234 	  170 	  956498 	   91 
 749234 	  749234 	  200 	  598433 	  133 
 749234 	  749234 	  180 	  745358 	  159 
 749234 	  749234 	  243 	  763451 	  142 
 749234 	  749234 	  168 	  681016 	  188 
 749234 	  749234 	  277 	  711767 	  196 
 749235 	  749235 	  218 	 1110079 	  127 
 749234 	  749234 	  219 	  914972 	   95 
 749234 	  749234 	  187 	  899144 	  186 
 749234 	  749234 	  239 	  673652 	  168 
 749234 	  749234 	  187 	  935149 	  113 
 749234 	  749234 	  190 	  803686 	  102 
 749234 	  749234 	  252 	  769211 	  221 
 749234 	  749234 	  201 	  711445 	  156 
 749234 	  749234 	  207 	  683958 	  134 
 749235 	  749235 	  184 	 1025622 	  182 
 749234 	  749234 	  228 	  674807 	  170 
 749234 	  749234 	  189 	  660918 	  133 
 749234 	  749234 	  279 	  720287 	  308 
 749234 	  749234 	  233 	  405762 	  185 
 749234 	  749234 	  198 	  949762 	  308 
 749234 	  749234 	  232 	  636066 	  334 
 749234 	  749234 	  242 	  512784 	  263 
 749234 	  749234 	  247 	  942781 	  254 
 749235 	  749235 	  274 	  860232 	   94 
 749234 	  749234 	  367 	  687777 	  100 
 749234 	  749234 	  233 	  976728 	  176 
 749234 	  749234 	  278 	  683192 	  181 
 749234 	  749234 	  208 	 1028113 	  226 
 749234 	  749234 	  276 	  785727 	  180 
 749234 	  749234 	  215 	  842811 	  128 
 749234 	  749234 	  248 	  570920 	  111 
 749234 	  749234 	  223 	  785116 	  122 
 749235 	  749235 	  168 	 1052334 	  106 
 749234 	  749234 	  234 	  902825 	   91 
 749234 	  749234 	  196 	  915197 	   93 
 749234 	  749234 	  178 	 1019311 	  113 
 749234 	  749234 	  199 	  649736 	  185 
 749234 	  749234 	  153 	  798033 	  154 
 749234 	  749234 	  196 	  559033 	  114 
 749234 	  749234 	  213 	  457816 	  234 
 749234 	  749234 	  173 	  517670 	  257 
 749235 	  749235 	  238 	  617897 	  191 
 749234 	  749234 	  249 	  815603 	  158 
 749234 	  749234 	  190 	 1063220 	  135 
 749234 	  749234 	  254 	  814255 	  156 
 749234 	  749234 	  195 	  578203 	  251 
 749234 	  749234 	  201 	  577354 	  225 
 749234 	  749234 	  251 	  726369 	  112 
 749234 	  749234 	  233 	  874270 	   77 
 749234 	  749234 	  215 	  973074 	   84 
 749235 	  749235 	  174 	 1064629 	  147 
 749234 	  749234 	  208 	  524201 	  104 
 749234 	  749234 	  192 	  796293 	  173 
 749234 	  749234 	  172 	  745506 	  234 
 749234 	  749234 	  214 	  659643 	   87 
 749234 	  749234 	  173 	  794778 	  159 
 749234 	  749234 	  140 	  817443 	  166 
 749234 	  749234 	  203 	  745875 	   85 
 749234 	  749234 	  196 	  804434 	  118 
 749235 	  749235 	  223 	  782425 	   91 
 749234 	  749234 	  207 	 1050878 	   89 
 749234 	  749234 	  229 	  979293 	   75 
 749234 	  749234 	  202 	  709206 	   83 
 749234 	  749234 	  228 	  804994 	   82 
 749234 	  749234 	  136 	  860928 	  256 
 749234 	  749234 	  248 	  450425 	  205 
 749234 	  749234 	  248 	  831724 	  204 
 749234 	  749234 	  144 	  613641 	  211 
 749235 	  749235 	  216 	  722482 	  103 
 749234 	  749234 	  198 	 1068256 	   98 
 749234 	  749234 	  239 	  749918 	  120 
 749234 	  749234 	  222 	  613375 	   85 
 749234 	  749234 	  249 	  804769 	   53 
 749234 	  749234 	  229 	  862056 	   74 
 749234 	  749234 	  271 	  821245 	  313 
 749234 	  749234 	  238 	  409152 	  205 
 749234 	  749234 	  203 	  705019 	  362 
 749235 	  749235 	  209 	  613111 	  329 
 749234 	  749234 	  138 	  478220 	  313 
 749234 	  749234 	  255 	  599681 	  488 
 749234 	  749234 	  131 	  688861 	   78 
 749234 	  749234 	  154 	 1080031 	   35 
 749234 	  749234 	   88 	  844231 	  148 
 749234 	  749234 	  142 	  705259 	   56 
 749234 	  749234 	  126 	  831113 	  371 
 749234 	  749234 	  191 	  575698 	  160 
 749235 	  749235 	  126 	  866523 	  227 
 749234 	  749234 	  151 	  678357 	  292 
 749234 	  749234 	  176 	  453809 	  464 
 749234 	  749234 	  190 	  599197 	  345 
 749234 	  749234 	  193 	  649747 	  158 
 749234 	  749234 	  155 	 1031014 	   86 
 749234 	  749234 	  223 	  767701 	   92 
 749234 	  749234 	  192 	  841342 	  175 
 749234 	  749234 	  236 	  682371 	   84 
 749235 	  749235 	  212 	  871156 	   98 
 749234 	  749234 	  112 	 1004582 	  120 
 749234 	  749234 	  155 	  860496 	   89 
 749234 	  749234 	  189 	  831421 	   95 
 749234 	  749234 	  127 	  908394 	  139 
 749234 	  749234 	  147 	  772142 	  130 
 749234 	  749234 	  164 	  720461 	   94 
 749234 	  749234 	  165 	  914563 	   94 
 749234 	  749234 	  161 	  809791 	  126 
 749235 	  749235 	  198 	  599662 	  329 
 749234 	  749234 	  199 	  799803 	  381 
 749234 	  749234 	  236 	  565857 	   87 
 749234 	  749234 	  197 	  683193 	  197 
 749234 	  749234 	  269 	  686530 	  283 
 749234 	  749234 	  173 	  684959 	  282 
 749234 	  749234 	  257 	  701847 	  280 
 749234 	  749234 	  337 	  591544 	  291 
 749234 	  749234 	  174 	  702107 	  268 
 749235 	  749235 	  223 	  578828 	  144 
 749234 	  749234 	  215 	  920662 	  207 
 749234 	  749234 	  157 	  560360 	  143 
 749234 	  749234 	  164 	  586964 	  106 
 749234 	  749234 	  123 	  877412 	  206 
 749234 	  749234 	  155 	  671994 	  161 
 749234 	  749234 	  126 	  612074 	  333 
 749234 	  749234 	  155 	  656297 	  188 
 749234 	  749234 	  125 	  951180 	  143 
 749235 	  749235 	  197 	 1007139 	   49 
 749234 	  749234 	  199 	  742312 	   86 
 749234 	  749234 	  154 	  914972 	  125 
 749234 	  749234 	  168 	  710491 	   82 
 749234 	  749234 	  137 	  856856 	  256 
 749234 	  749234 	  159 	  835866 	  196 
 749234 	  749234 	  213 	  727783 	   92 
 749234 	  749234 	  127 	 1013615 	  192 
 749234 	  749234 	  157 	  878722 	   87 
 749235 	  749235 	  159 	  647917 	  125 
 749234 	  749234 	  186 	  954845 	  190 
 749234 	  749234 	  156 	  884018 	  234 
 749234 	  749234 	  193 	  700356 	  197 
 749234 	  749234 	  169 	  524166 	  176 
 749234 	  749234 	  154 	  662237 	  285 
 749234 	  749234 	  177 	  731441 	  170 
 749234 	  749234 	  203 	 1142703 	  104 
 749234 	  749234 	  234 	  819081 	  113 
 749235 	  749235 	  184 	  598149 	  296 
 749234 	  749234 	  303 	  661199 	  332 
 749234 	  749234 	  248 	  821202 	  239 
 749234 	  749234 	  165 	  846636 	  238 
 749234 	  749234 	  325 	  737584 	  255 
 749234 	  749234 	  320 	  838723 	  244 
 749234 	  749234 	  299 	  667902 	  255 
 749234 	  749234 	  175 	  613771 	  508 
 749234 	  749234 	  117 	  536228 	  283 
 749235 	  749235 	  170 	  386909 	  162 
 749234 	  749234 	  108 	  636476 	  187 
 749234 	  749234 	  158 	  761096 	   91 
 749234 	  749234 	  152 	  864221 	   69 
 749234 	  749234 	  139 	  862058 	   83 
 749234 	  749234 	   91 	 1155494 	  157 
 749234 	  749234 	  182 	  502371 	   69 
 749234 	  749234 	  127 	  631269 	  176 
 749234 	  749234 	  114 	  644388 	  153 
 749235 	  749235 	  109 	  863106 	  128 
 749234 	  749234 	  162 	 1066711 	   42 
 749234 	  749234 	  194 	  915618 	   50 
 749234 	  749234 	  157 	  748161 	   82 
 749234 	  749234 	  113 	  982507 	  145 
 749234 	  749234 	  146 	  697813 	  104 
 749234 	  749234 	  137 	  832357 	   74 
 749234 	  749234 	  160 	  787310 	   73 
 749234 	  749234 	  138 	  544237 	  100 
 749235 	  749235 	  303 	  797059 	  307 
 749234 	  749234 	  212 	  736160 	  321 
 749234 	  749234 	  304 	  464798 	  191 
 749234 	  749234 	  311 	  841206 	  252 
 749234 	  749234 	  223 	  886653 	  171 
 749234 	  749234 	  320 	  513806 	  128 
 749234 	  749234 	  163 	  891638 	  309 
 749234 	  749234 	  196 	  462798 	  158 
 749234 	  749234 	  203 	  805393 	  494 
 749235 	  749235 	  165 	  773438 	  165 
 749234 	  749234 	  244 	  731018 	  110 
 749234 	  749234 	  163 	  752104 	  234 
 749234 	  749234 	  146 	  565048 	  329 
 749234 	  749234 	  174 	  790911 	  357 
 749234 	  749234 	  224 	  463252 	  308 
 749234 	  749234 	  126 	  772779 	  113 
 749234 	  749234 	  138 	  731993 	  103 
 749234 	  749234 	  124 	  653180 	  211 
 749235 	  749235 	   94 	  924297 	  237 
 749234 	  749234 	  174 	  541172 	  211 
 749234 	  749234 	  146 	 1029901 	  182 
 749234 	  749234 	  194 	  656182 	  132 
 749234 	  749234 	  140 	  554555 	  186 
 749234 	  749234 	  148 	  872788 	  197 
 749234 	  749234 	  194 	  643261 	  125 
 749234 	  749234 	  174 	  726379 	  182 
 749234 	  749234 	  169 	  675161 	  223 
 749235 	  749235 	  178 	  753134 	  376 
 749234 	  749234 	  211 	  503161 	  230 
 749234 	  749234 	  205 	  657504 	  365 
 749234 	  749234 	  210 	  547553 	  381 
 749234 	  749234 	  216 	  414678 	  466 
 749234 	  749234 	  264 	  574387 	  495 
 749234 	  749234 	  162 	  311622 	  434 
 749234 	  749234 	  108 	  726239 	  460 
 749234 	  749234 	  163 	  562236 	  129 
 749235 	  749235 	   91 	  627267 	  326 
 749234 	  749234 	  137 	  667420 	  106 
 749234 	  749234 	  137 	  904784 	   78 
 749234 	  749234 	  105 	 1061341 	  289 
 749234 	  749234 	  171 	  554863 	  305 
 749234 	  749234 	  128 	  948052 	  371 
 749234 	  749234 	  167 	  571494 	  241 
 749234 	  749234 	  111 	  820150 	  186 
 749234 	  749234 	  116 	 1061156 	  106 
 749235 	  749235 	  163 	  713152 	   63 
 749234 	  749234 	  108 	  767201 	  421 
 749234 	  749234 	  147 	  572512 	  212 
 749234 	  749234 	  152 	  833358 	  362 
 749234 	  749234 	  137 	  733237 	  109 
 749234 	  749234 	  113 	 1101584 	  124 
 749234 	  749234 	  146 	  923426 	   87 
 749234 	  749234 	  150 	  751961 	   73 
 749234 	  749234 	  158 	  556110 	  276 
 749235 	  749235 	  251 	  573746 	  511 
 749234 	  749234 	  241 	  750534 	  309 
 749234 	  749234 	  207 	  705654 	  131 
 749234 	  749234 	  124 	  739922 	  324 
 749234 	  749234 	  112 	  676871 	  324 
 749234 	  749234 	  324 	  773028 	  348 
 749234 	  749234 	  187 	  716153 	  307 
 749234 	  749234 	  168 	  610304 	  446 
 749234 	  749234 	  180 	  525174 	  469 
 749235 	  749235 	  199 	  753325 	  370 
 749234 	  749234 	  164 	  694426 	  260 
 749234 	  749234 	  187 	  517001 	  219 
 749234 	  749234 	  155 	 1026858 	  311 
 749234 	  749234 	  108 	 1035041 	  281 
 749234 	  749234 	  168 	  535394 	  178 
 749234 	  749234 	  133 	  636142 	  177 
 749234 	  749234 	  176 	  876959 	  183 
 749234 	  749234 	  141 	  820919 	  195 
 749235 	  749235 	  158 	  684968 	   84 
 749234 	  749234 	   99 	  751040 	  343 
 749234 	  749234 	  200 	  383523 	  147 
 749234 	  749234 	  134 	  821755 	  311 
 749234 	  749234 	  160 	  505660 	  322 
 749234 	  749234 	  129 	  629188 	  490 
 749234 	  749234 	  148 	  615103 	  358 
 749234 	  749234 	  165 	  408399 	  301 
 749234 	  749234 	  325 	  615201 	  485 
 749235 	  749235 	  272 	  440276 	  486 
 749234 	  749234 	  177 	  646040 	  478 
 749234 	  749234 	  179 	  568743 	   55 
 749234 	  749234 	  127 	 1079130 	  139 
 749234 	  749234 	  160 	  894363 	  111 
 749234 	  749234 	  203 	  793629 	   85 
 749234 	  749234 	  156 	  886599 	  162 
 749234 	  749234 	  198 	  516231 	  109 
 749234 	  749234 	  129 	 1040714 	  247 
 749235 	  749235 	  160 	  499347 	  156 
 749234 	  749234 	  210 	  589428 	  127 
 749234 	  749234 	  146 	 1069703 	  203 
 749234 	  749234 	  156 	  862144 	  193 
 749234 	  749234 	  166 	  616144 	  224 
 749234 	  749234 	  121 	  967643 	  299 
 749234 	  749234 	  171 	  806772 	   90 
 749234 	  749234 	  199 	  652217 	   58 
 749234 	  749234 	  156 	  900753 	   57 
 749235 	  749235 	  108 	  997950 	  113 
 749234 	  749234 	  106 	  775277 	  185 
 749234 	  749234 	  189 	  705705 	  103 
 749234 	  749234 	  179 	  872883 	   97 
 749234 	  749234 	  147 	 1095044 	  139 
 749234 	  749234 	  158 	  706840 	  132 
 749234 	  749234 	  146 	 1147235 	  128 
 749234 	  749234 	  175 	  825745 	   99 
 749234 	  749234 	  159 	  835584 	  250 
 749235 	  749235 	  176 	  435414 	  259 
 749234 	  749234 	  112 	  581402 	  346 
 749234 	  749234 	  129 	  426281 	  209 
 749234 	  749234 	  124 	  606991 	  351 
 749234 	  749234 	  151 	  514285 	  135 
 749234 	  749234 	  155 	  917208 	  113 
 749234 	  749234 	  223 	  708833 	   54 
 749234 	  749234 	  118 	 1064721 	   74 
 749234 	  749234 	  170 	 1143414 	   68 
 749235 	  749235 	  138 	  853204 	   81 
 749234 	  749234 	  136 	  873682 	   85 
 749234 	  749234 	  136 	  786847 	   68 
 749234 	  749234 	  135 	  985991 	   66 
 749234 	  749234 	  143 	  752251 	   98 
 749234 	  749234 	  141 	  871103 	   75 
 749234 	  749234 	  125 	  799778 	  111 
 749234 	  749234 	  126 	  587314 	  102 
 749234 	  749234 	  149 	  795652 	   55 
 749235 	  749235 	  152 	  634078 	   85 
 749234 	  749234 	  126 	  772705 	   69 
 749234 	  749234 	  126 	  933476 	   67 
 749234 	  749234 	  137 	  794919 	   48 
 749234 	  749234 	  154 	  715029 	   87 
 749234 	  749234 	  144 	  483692 	  173 
 749234 	  749234 	   99 	  703479 	  231 
 749234 	  749234 	  207 	  513511 	  219 
 749234 	  749234 	  151 	  757703 	  335 
 749235 	  749235 	  134 	  971875 	  277 
 749234 	  749234 	  186 	  899118 	   87 
 749234 	  749234 	  177 	  779902 	   85 
 749234 	  749234 	  141 	  741098 	  333 
 749234 	  749234 	  159 	  615792 	  157 
 749234 	  749234 	  172 	  651912 	  308 
 749234 	  749234 	  134 	  366685 	  411 
 749234 	  749234 	  149 	  939073 	  202 
 749235 	  749235 	  205 	  612005 	  288 
