% num_local_points | num_send_points | num_send_procs | num_recv_points | num_recv_procs 
  30586 	   17807 	   33 	   14284 	   34 
  30955 	    9933 	   17 	   10457 	   16 
  31372 	   14449 	   22 	   13853 	   22 
  30795 	    9382 	   17 	    9700 	   16 
  31746 	   11988 	   19 	   10690 	   18 
  31087 	   10108 	   14 	   10792 	   14 
  30587 	   16209 	   39 	   11946 	   39 
  29179 	   10365 	   14 	    8130 	   15 
  29945 	   18399 	   27 	   13903 	   26 
  31479 	    8963 	   19 	   10553 	   19 
  29857 	    8724 	   16 	    7327 	   16 
  30135 	   13775 	   34 	   10880 	   33 
  29600 	   12916 	   16 	    9272 	   15 
  30529 	   12371 	   26 	   10856 	   26 
  30042 	    8481 	   16 	    7686 	   16 
  29635 	   11206 	   15 	    8549 	   15 
  30739 	   13769 	   22 	   11975 	   23 
  30379 	   12955 	   16 	   11116 	   16 
  30282 	   10503 	   15 	   10304 	   15 
  31007 	   11131 	   16 	   12703 	   16 
  33239 	   14287 	   27 	   17739 	   27 
  32448 	   16850 	   33 	   19057 	   34 
  31171 	    9995 	   15 	   11254 	   15 
  30272 	   11044 	   19 	   10586 	   19 
  31271 	    7268 	   13 	    9255 	   13 
  34617 	   18613 	   61 	   22766 	   61 
  30278 	   12783 	   23 	   12003 	   23 
  31348 	   12668 	   26 	   12384 	   27 
  30357 	    8970 	   18 	    9074 	   18 
  31125 	   10747 	   20 	   11029 	   19 
  31569 	   13218 	   35 	   12739 	   35 
  31023 	    9469 	   13 	   10325 	   13 
  31087 	    8956 	   20 	    8145 	   20 
  30603 	    9351 	   13 	    9717 	   13 
  31268 	    9939 	   16 	   10831 	   16 
  31691 	   10708 	   28 	   11202 	   24 
  31297 	    8669 	   17 	   10039 	   18 
  31415 	    8628 	   32 	    8874 	   32 
  31906 	   10686 	   29 	   11431 	   29 
  30836 	    8260 	   15 	    8830 	   15 
  31132 	    6648 	   14 	    7074 	   13 
  30738 	    7624 	   20 	    7638 	   20 
  31064 	   11210 	   24 	   10828 	   18 
  30863 	    8032 	   14 	    8395 	   13 
  31403 	   15571 	   47 	   13294 	   52 
  28498 	   14133 	   21 	    8637 	   19 
  30144 	    9715 	   14 	    8865 	   14 
  31111 	   11185 	   19 	   13095 	   20 
  31456 	   10912 	   19 	   11876 	   19 
  30504 	    6624 	   13 	    7922 	   13 
  31479 	   17949 	   34 	   16283 	   34 
  28969 	   10013 	   16 	    7263 	   16 
  28867 	   11252 	   19 	    8724 	   19 
  31351 	    9934 	   19 	   12201 	   19 
  31505 	    7692 	   23 	   11952 	   23 
  32471 	   14838 	   34 	   16436 	   33 
  29554 	    8569 	   18 	    7282 	   18 
  29496 	   11236 	   21 	    9503 	   20 
  31847 	    9996 	   21 	   11966 	   21 
  30228 	    8759 	   12 	    8941 	   11 
  32077 	   14766 	   29 	   15612 	   29 
  29782 	    5790 	   11 	    6606 	   11 
  28744 	    8163 	   12 	    6513 	   13 
  28792 	    8925 	   16 	    6660 	   16 
  33360 	   15188 	   34 	   17544 	   33 
  31418 	   12548 	   97 	   14824 	   98 
  30610 	   11432 	   23 	    9696 	   23 
  30560 	    7748 	   16 	    8435 	   16 
  31795 	   10476 	   31 	   11392 	   31 
  30912 	    7954 	   16 	    8394 	   16 
  30604 	   11113 	   25 	   10296 	   24 
  30783 	    9644 	   12 	    9559 	   12 
  32031 	   12229 	   26 	   13739 	   21 
  31170 	   12325 	   27 	   12192 	   25 
  30596 	    8408 	   14 	    8693 	   14 
  31487 	   18456 	   39 	   17411 	   37 
  30553 	    7553 	   15 	    8523 	   16 
  31078 	    8540 	   21 	    8065 	   21 
  31214 	   11055 	   28 	   12049 	   29 
  30839 	    8570 	   25 	    9116 	   25 
  31166 	    7096 	   16 	    7856 	   15 
  30551 	    9234 	   22 	    9141 	   20 
  30453 	    6933 	   10 	    7312 	   10 
  31547 	   10986 	   36 	   10080 	   32 
  31031 	    8761 	   22 	    9213 	   21 
  30409 	   13637 	   41 	   11233 	   41 
  30835 	    9994 	   15 	    8972 	   14 
  30936 	    7786 	   14 	    9371 	   14 
  28747 	   12183 	   19 	    9737 	   19 
  30471 	    7216 	   19 	    6978 	   13 
  31916 	   17808 	   31 	   16863 	   31 
  30896 	    6310 	   14 	    8770 	   14 
  30862 	    7433 	   17 	    8735 	   17 
  29373 	   10061 	   13 	    9073 	   13 
  28784 	    9867 	   15 	    7027 	   16 
  33330 	   12560 	   68 	   17483 	   62 
  28993 	    8677 	   14 	    6899 	   15 
  30467 	    8618 	   20 	    9523 	   19 
  30855 	   13999 	   23 	   13891 	   23 
  30021 	    9523 	   22 	    8399 	   20 
  31432 	    9418 	   21 	   11922 	   19 
  29761 	    8387 	   22 	    8125 	   23 
  28997 	    8594 	   11 	    6914 	   11 
  31131 	   10111 	   24 	   11845 	   26 
  28007 	   11859 	   15 	    8252 	   16 
  32808 	   10304 	   27 	   13633 	   25 
  31375 	   10001 	   68 	   11062 	   70 
  31274 	   11683 	   19 	   11458 	   18 
  30368 	    8941 	   19 	    9136 	   20 
  30611 	    6890 	   17 	    7255 	   14 
  30781 	   10641 	   19 	   12456 	   19 
  30948 	   16939 	   48 	   15405 	   41 
  30146 	    9386 	   17 	    9071 	   17 
  30448 	    6725 	   15 	    6706 	   14 
  30323 	    8278 	   16 	    9763 	   15 
  31181 	   10830 	   20 	   11485 	   19 
  30654 	   13984 	   49 	   13370 	   50 
  29679 	    7404 	   16 	    6754 	   16 
  30037 	    7824 	   13 	    9485 	   20 
  30700 	   11243 	   26 	   10365 	   24 
  30789 	    9117 	   20 	    9936 	   19 
  29686 	    8257 	   16 	    8396 	   40 
  29708 	    6515 	   41 	    5635 	   11 
  30462 	    7129 	   15 	    8709 	   15 
  29543 	   10477 	   18 	    9022 	   21 
  30868 	    8283 	   18 	   10060 	   21 
  29825 	   11262 	   93 	   11021 	  110 
  31954 	    9980 	   35 	   13753 	   39 
  31533 	    9061 	   24 	   12623 	   27 
  29661 	   11201 	   19 	   10565 	   20 
  30237 	   10591 	   18 	   10585 	   18 
  29515 	    9743 	   17 	    9351 	   16 
  29173 	    9264 	   17 	    7616 	   17 
  30641 	    9680 	   16 	   10519 	   14 
  29452 	   11480 	   21 	   10136 	   21 
  30979 	   10381 	   27 	   11235 	   29 
  31348 	   11847 	   38 	   13839 	   41 
  29414 	   10282 	   15 	   10717 	   16 
  30148 	   11344 	   19 	   11593 	   18 
  28878 	    8693 	   12 	    9177 	   11 
  29245 	   10528 	   16 	   10486 	   16 
  29589 	   12353 	   34 	   12746 	   36 
  29091 	    9672 	   17 	   10125 	   17 
  28463 	    8448 	   12 	   10229 	   16 
  28658 	    9677 	   16 	    8935 	   12 
  29136 	   10778 	   17 	   10942 	   17 
  29090 	   13615 	   37 	   12131 	   41 
  28448 	   11065 	   24 	    9360 	   24 
  29783 	   12376 	   38 	   12529 	   39 
  29581 	    9753 	   18 	   10778 	   18 
  28966 	   11774 	   18 	   10627 	   18 
  28818 	    9094 	   14 	    8688 	   14 
  30095 	   11026 	   23 	   11439 	   21 
  28412 	   10041 	   36 	    8873 	   29 
  29440 	   12363 	   38 	   12437 	   44 
  29244 	    8507 	   14 	    8324 	   15 
  29381 	   10222 	   19 	    9930 	   19 
  29378 	   11553 	   19 	   12246 	   24 
  28890 	    8440 	   15 	    7497 	   11 
  29866 	   10175 	   19 	   10598 	   19 
  29604 	   11562 	   42 	   11612 	   48 
  29386 	    9881 	   17 	   10009 	   15 
  29783 	   11540 	   23 	   12636 	   23 
  28271 	    8749 	   14 	    8857 	   16 
  29038 	    9547 	   16 	   10118 	   16 
  28736 	   12913 	   31 	   12508 	   34 
  28411 	   12475 	   30 	   10870 	   35 
  29782 	   10084 	   30 	   11300 	   30 
  28956 	    9734 	   15 	    8010 	   12 
  29331 	   11656 	   20 	   11142 	   20 
  29201 	    8444 	   13 	    9495 	   13 
  29130 	   10519 	   19 	   10095 	   18 
  29143 	   11202 	   28 	   10899 	   27 
  28224 	    8210 	   15 	    8504 	   17 
  28923 	    9125 	   17 	   10022 	   16 
  28764 	   10886 	   17 	   11580 	   18 
  28760 	   10427 	   16 	    9831 	   14 
  28665 	   11872 	   35 	   12475 	   33 
  28938 	   12667 	   38 	   12419 	   43 
  28669 	    8922 	   14 	    8601 	   12 
  28962 	   10254 	   17 	   10311 	   17 
  28874 	   10522 	   17 	   10333 	   18 
  29075 	    8824 	   11 	    8499 	   13 
  29081 	    9748 	   19 	   10341 	   21 
  28707 	   12440 	   62 	   11501 	   58 
  29031 	    8329 	   13 	    8791 	   15 
  28837 	    9980 	   20 	    9222 	   17 
  28783 	   10601 	   19 	   10472 	   21 
  28445 	    8737 	   22 	    8450 	   17 
  28484 	    7542 	   13 	    8531 	   12 
  28594 	    9917 	   46 	   10163 	   48 
  29054 	   10470 	   21 	   10656 	   18 
  28918 	    9644 	   24 	    8577 	   24 
  28791 	    7694 	   13 	   10810 	   20 
  29566 	    7262 	   20 	    7515 	   14 
  29711 	    9778 	   52 	    9928 	   51 
  29509 	    9216 	   21 	    9579 	   17 
  30219 	    9319 	   25 	   10771 	   19 
  30593 	    6744 	   14 	    6940 	   14 
  30203 	    7050 	   18 	    7741 	   15 
  31090 	   11537 	   42 	   14359 	   52 
  30710 	    6760 	   22 	    9735 	   19 
  30575 	    7566 	   22 	    9545 	   19 
  30906 	    8047 	   22 	    9250 	   18 
  30517 	   18842 	   47 	   12261 	   47 
  29624 	   23849 	   55 	   16095 	   54 
  30448 	   14880 	   33 	   15210 	   35 
  29500 	    9929 	   11 	   10136 	   11 
  29954 	   10791 	   19 	   10536 	   17 
  30203 	    8277 	   14 	    8294 	   13 
  29847 	   10372 	   16 	    9851 	   15 
  30197 	   10271 	   22 	   10259 	   23 
  30325 	    8118 	   12 	    8248 	   12 
  30679 	   12068 	   29 	   11965 	   29 
  30312 	    7305 	   15 	    8211 	   15 
  31757 	   11493 	   34 	   13951 	   34 
  29720 	    9761 	   17 	    9163 	   17 
  29931 	    7288 	   11 	    7793 	   11 
  31376 	   10579 	   21 	   12248 	   20 
  31208 	   10077 	   25 	   11707 	   24 
  29929 	    6806 	   11 	    6728 	   11 
  30082 	    9143 	   17 	    8261 	   17 
  30948 	    9827 	   20 	   10265 	   20 
  30997 	    7715 	   15 	    9172 	   15 
  31168 	    5541 	   15 	    8562 	   25 
  31278 	   10701 	   38 	   10114 	   41 
  28739 	   15781 	   48 	   10767 	   50 
  29788 	   13805 	   42 	   12412 	   49 
  30964 	    9499 	   16 	   10361 	   15 
  30309 	    7129 	   17 	    8627 	   17 
  30194 	    7871 	   21 	    7059 	   13 
  29387 	   11258 	   16 	   10456 	   23 
  30942 	    9000 	   21 	    9567 	   16 
  30884 	    8501 	   21 	   10425 	   23 
  30356 	    8406 	   14 	    8517 	   14 
  30438 	    7324 	   11 	    7613 	   12 
  29635 	   11833 	   22 	   10389 	   26 
  30127 	   10804 	   22 	   11098 	   25 
  31063 	    7872 	   16 	   10002 	   14 
  30701 	    9895 	   46 	   10924 	   49 
  30341 	    8446 	   15 	    8343 	   15 
  30145 	    9818 	   18 	    9058 	   16 
  30112 	    8539 	   17 	    8183 	   17 
  30342 	   10108 	   28 	    9734 	   29 
  30505 	    7895 	   14 	    7833 	   13 
  31119 	   11980 	   38 	   12911 	   35 
  30428 	    9228 	   15 	    9108 	   14 
  30522 	    8131 	   17 	    8402 	   17 
  30454 	    9445 	   13 	    8876 	   12 
  30276 	    8831 	   13 	    8827 	   14 
  30481 	    7677 	   16 	    8085 	   17 
  29975 	    9508 	   24 	    8922 	   24 
  29959 	    8615 	   13 	    8755 	   13 
  29682 	    9867 	   21 	    8421 	   19 
  30326 	    6625 	   14 	    6700 	   14 
  30390 	    8194 	   12 	    7997 	   13 
  31011 	   10879 	   32 	   11835 	   38 
  30111 	    9832 	   29 	    9654 	   25 
  30263 	    8349 	   17 	    8195 	   17 
  30230 	    7508 	   15 	    8175 	   17 
  30045 	    9011 	   14 	    8968 	   13 
  30423 	    8976 	   19 	    8417 	   16 
  30609 	    8423 	   16 	    9217 	   16 
  30261 	   10041 	   66 	   10172 	   74 
  29590 	    9133 	   15 	    8400 	   15 
  30189 	    6984 	   15 	    7720 	   14 
  29916 	    9746 	   28 	    8954 	   28 
  29510 	    9272 	   15 	    9279 	   15 
  28339 	   12033 	   32 	    9910 	   35 
  29833 	    6894 	   14 	    8136 	   13 
  29435 	    9662 	   18 	    8152 	   19 
  29589 	    9669 	   27 	   10043 	   26 
  27882 	   11357 	   19 	   10337 	   20 
  29118 	   10886 	   57 	    9641 	   68 
  29333 	    7098 	   14 	    7366 	   13 
  28434 	    9115 	   13 	    8411 	   14 
  29066 	   10258 	   26 	    9614 	   25 
  29535 	    8912 	   17 	    9055 	   18 
  28730 	    9371 	   31 	    8612 	   31 
  25869 	   14703 	   21 	   10827 	   20 
  27972 	    9797 	   31 	    8921 	   30 
  28620 	    8243 	   17 	    8175 	   15 
  29577 	    9741 	   20 	   10043 	   20 
  38656 	   19758 	   59 	   33624 	   59 
  31285 	   12087 	   38 	    9521 	   35 
  30134 	   10164 	   21 	    8610 	   19 
  30857 	   12403 	   32 	   12173 	   32 
  31712 	   10071 	   16 	   11397 	   17 
  30737 	    7851 	   12 	    7845 	   12 
  30707 	    9494 	   11 	    9197 	   11 
  31103 	    9523 	   32 	   10313 	   36 
  30646 	   10060 	   26 	    9959 	   21 
  30648 	    8814 	   18 	    9103 	   18 
  30623 	    7953 	   18 	    8746 	   18 
  30231 	    9568 	   20 	    8163 	   13 
  30237 	   11474 	   28 	    9632 	   26 
  30487 	    8471 	   18 	    8967 	   18 
  29877 	    9750 	   14 	    8972 	   13 
  30151 	   18723 	   65 	   15855 	   65 
  30911 	    6597 	   16 	    7344 	   13 
  30843 	    9251 	   18 	    9968 	   15 
  31136 	    9566 	   25 	    8586 	   23 
  30797 	    6454 	   17 	    7717 	   16 
  30906 	    9965 	   20 	    9218 	   16 
  30854 	    9795 	   29 	   10789 	   28 
  31303 	    8660 	   23 	   10583 	   22 
  30732 	    9815 	   18 	    9156 	   18 
  30249 	    7979 	   16 	    8018 	   17 
  30804 	   13826 	   29 	   12644 	   30 
  30889 	    9393 	   23 	    9809 	   24 
  29617 	    9811 	   18 	    8944 	   17 
  30193 	   11118 	   20 	    9830 	   22 
  30767 	    9918 	   57 	    9348 	   59 
  30386 	    6866 	   14 	    7399 	   16 
  30767 	   10676 	   19 	   10477 	   17 
  30900 	    9910 	   28 	    9441 	   29 
  30733 	    7236 	   18 	    8029 	   16 
  30797 	   11844 	   22 	   10739 	   19 
  31439 	   11665 	   39 	   12938 	   33 
  31051 	   10426 	   22 	   11674 	   23 
  29556 	   10105 	   19 	    8712 	   17 
  30702 	   11595 	   32 	   10715 	   28 
  31059 	   10326 	   22 	   10489 	   21 
  30208 	    9512 	   17 	    9975 	   15 
  30665 	   13398 	   28 	   11544 	   28 
  30479 	    8135 	   15 	    8579 	   15 
  30743 	    7663 	   19 	    8293 	   20 
  32767 	   15359 	   97 	   17216 	   98 
  31603 	    9480 	   22 	    9778 	   25 
  31011 	    9228 	   19 	    8673 	   16 
  30827 	   11855 	   24 	   10707 	   23 
  31742 	   11329 	   23 	   12017 	   23 
  31411 	    7071 	   14 	    7755 	   14 
  31211 	    9590 	   16 	    9250 	   17 
  31038 	    8842 	   19 	    8508 	   17 
  31848 	    8805 	   25 	    9370 	   27 
  31862 	    9760 	   32 	   10224 	   32 
  31363 	    7908 	   15 	    9359 	   16 
  29853 	   10109 	   17 	    9591 	   17 
  31229 	    9710 	   20 	   10075 	   21 
  31070 	    7377 	   15 	    8927 	   15 
  31367 	    9655 	   26 	   11944 	   25 
  29948 	    8079 	   15 	    7422 	   16 
  30792 	    6562 	   14 	    7384 	   13 
  30014 	    9904 	   16 	    8940 	   18 
  30936 	    8976 	   15 	   10631 	   15 
  30792 	   12554 	   48 	   12587 	   39 
  30093 	    8825 	   20 	    8162 	   24 
  28130 	   16205 	   47 	   10756 	   56 
  31800 	    9852 	   38 	   11981 	   39 
  31168 	    7636 	   15 	    8682 	   14 
  31522 	    9687 	   17 	   10233 	   16 
  30266 	    8412 	   18 	    7316 	   19 
  31693 	    9190 	   19 	   10262 	   19 
  31081 	    7795 	   17 	    8683 	   17 
  30496 	    7236 	   12 	    7298 	   13 
  31564 	    8394 	   12 	   10975 	   14 
  30528 	   10479 	   20 	    9492 	   22 
  29899 	   11830 	   25 	    9767 	   27 
  31612 	    6006 	   13 	    8028 	   13 
  31577 	    8594 	   29 	    9905 	   27 
  30629 	    7804 	   13 	    8044 	   15 
  30532 	    8293 	   17 	    8190 	   14 
  30572 	    9640 	   21 	    8855 	   22 
  30379 	    7810 	   17 	    7553 	   19 
  30674 	   11342 	   37 	   11546 	   35 
  30716 	    8898 	   22 	    8715 	   24 
  30391 	    9351 	   26 	    8846 	   23 
  30315 	    9317 	   18 	    8490 	   17 
  30503 	    8176 	   18 	    7689 	   19 
  30175 	    6894 	   13 	    6911 	   13 
  30183 	    8343 	   13 	    7910 	   13 
  30920 	    9892 	   33 	   11013 	   38 
  30965 	    9700 	   34 	    9697 	   31 
  30115 	    7620 	   14 	    7501 	   15 
  30446 	   10073 	   11 	    9359 	   11 
  30747 	    7982 	   15 	    8245 	   15 
  31131 	    9546 	   20 	   10452 	   22 
  30866 	    9748 	   29 	   10277 	   29 
  30415 	    7202 	   11 	    7239 	   12 
  30467 	   10307 	   15 	    9765 	   16 
  30559 	    7000 	   13 	    7405 	   13 
  30858 	   10779 	   23 	   10383 	   20 
  30806 	    7675 	   20 	    8453 	   20 
  30996 	   10176 	   78 	   10678 	   90 
  30563 	    6605 	   14 	    6707 	   13 
  31258 	    8305 	   17 	    8383 	   17 
  30477 	    9522 	   19 	    8724 	   20 
  31059 	    6148 	   12 	    6993 	   13 
  30231 	    6654 	   15 	    6362 	   15 
  29905 	    9144 	   36 	    8246 	   39 
  29856 	    9864 	   17 	    8198 	   17 
  31379 	    7516 	   24 	    7909 	   23 
  28879 	    7387 	   12 	    6999 	   12 
  29758 	    8054 	   18 	    6989 	   18 
  30265 	   11368 	   39 	    9947 	   40 
  30565 	    7965 	   16 	    8447 	   16 
  28815 	   11846 	   19 	    9424 	   16 
  30967 	    7526 	   15 	    8844 	   17 
  30110 	    8379 	   17 	    8359 	   16 
  28655 	   14151 	   34 	   10992 	   36 
  28590 	   10448 	   20 	    8212 	   20 
  29166 	    9479 	   21 	    9025 	   21 
  30101 	   10077 	   23 	    8307 	   23 
  33163 	   10107 	   50 	   14782 	   53 
  39108 	   19194 	   49 	   27925 	   50 
  30344 	    7147 	   14 	    7299 	   13 
  30495 	   12547 	   33 	   11400 	   34 
  30363 	    8176 	   13 	    7532 	   12 
  31366 	    9678 	   25 	   11849 	   31 
  30775 	    8724 	   14 	    8681 	   14 
  30344 	    7673 	   11 	    6905 	   11 
  31933 	    8047 	   25 	    9755 	   22 
  30894 	    9952 	   20 	    9430 	   19 
  31008 	    8198 	   17 	    7956 	   16 
  31170 	   10914 	   22 	   10859 	   20 
  30790 	   11113 	   29 	   10137 	   25 
  31136 	    8621 	   18 	    8724 	   19 
  30351 	    9061 	   14 	    7998 	   14 
  30074 	    9259 	   22 	    6276 	   12 
  30151 	   14968 	   60 	   14346 	   63 
  30502 	    9712 	   21 	   10368 	   19 
  29954 	    8361 	   16 	    8938 	   15 
  30532 	   10602 	   15 	   10240 	   16 
  30833 	   11480 	   19 	   11566 	   18 
  30179 	    8813 	   17 	    9124 	   15 
  30400 	   11337 	   47 	   11485 	   53 
  30157 	   10004 	   26 	    9190 	   29 
  30345 	    7538 	   18 	    9219 	   16 
  30305 	   11064 	   25 	    9908 	   23 
  30677 	   10445 	   22 	   10418 	   20 
  30115 	    9131 	   17 	    8624 	   17 
  32460 	   12733 	   36 	   15990 	   35 
  30858 	    9009 	   13 	    8965 	   13 
  31057 	    8570 	   23 	    9513 	   23 
  30168 	    9664 	   19 	    9167 	   20 
  31036 	    9632 	   19 	    9261 	   20 
  29975 	    9129 	   16 	    9383 	   16 
  29589 	   14471 	   22 	   10610 	   22 
  30324 	    8846 	   17 	    8711 	   16 
  30799 	   13806 	   33 	   14138 	   29 
  30253 	   10363 	   25 	   11457 	   25 
  30151 	    9956 	   21 	   11204 	   22 
  29542 	   10902 	   17 	    9168 	   16 
  30520 	   13798 	   23 	   14046 	   22 
  29252 	   13078 	   17 	   11540 	   17 
  30334 	   13325 	   22 	   12266 	   22 
  29900 	   11006 	   16 	   11251 	   16 
  30504 	   14248 	   70 	   13914 	   69 
  30217 	    7291 	   12 	    7587 	   12 
  31101 	   11796 	   30 	   12362 	   35 
  30187 	    8105 	   11 	    8220 	   11 
  30309 	   11038 	   22 	   11195 	   21 
  30238 	    9512 	   21 	    9515 	   18 
  30063 	    7703 	   11 	    7659 	   12 
  30847 	    8982 	   21 	    9707 	   16 
  29928 	   10870 	   24 	   10864 	   25 
  30286 	    9102 	   17 	    9301 	   15 
  29805 	   12340 	   21 	   11150 	   21 
  30197 	   11738 	   30 	   10761 	   30 
  30702 	    8811 	   17 	    9067 	   17 
  30408 	    9229 	   20 	    9055 	   21 
  30339 	    7376 	   14 	    7069 	   14 
  31681 	   16043 	   73 	   17066 	   82 
  30374 	   11032 	   18 	   10412 	   18 
  30147 	    9477 	   16 	   10077 	   15 
  30521 	   11464 	   15 	   10673 	   15 
  31190 	   11208 	   22 	   10849 	   19 
  30067 	   10644 	   14 	   11223 	   16 
  30303 	   12162 	   33 	   11440 	   32 
  31098 	   10143 	   23 	   10453 	   23 
  30210 	    9495 	   18 	   11336 	   19 
  31101 	   11400 	   24 	   12560 	   22 
  31785 	    7560 	   21 	   11547 	   19 
  29013 	   11427 	   18 	    7696 	   18 
  30358 	   15923 	   42 	   14666 	   42 
  30395 	    9921 	   12 	   10783 	   12 
  30413 	   10186 	   20 	    9998 	   16 
  29763 	    9448 	   19 	   10622 	   20 
  30543 	   11157 	   20 	   11041 	   20 
  28891 	    9471 	   16 	    9289 	   16 
  30333 	   15174 	   35 	   13372 	   36 
  32328 	   11630 	   21 	   16702 	   20 
  30757 	   11143 	   22 	   12990 	   22 
  29001 	   11776 	   20 	    8942 	   19 
  30264 	    8669 	   13 	   12753 	   15 
  28669 	   13742 	   19 	   10415 	   19 
  28207 	   16484 	   25 	   10024 	   25 
  30655 	    8157 	   15 	    8473 	   16 
  30405 	   13386 	   17 	   11830 	   19 
  29558 	   12855 	   16 	   10171 	   16 
  30058 	   23141 	   90 	   15956 	   93 
  30376 	   11497 	   18 	   10499 	   18 
  31576 	   12581 	   29 	   13315 	   31 
  30875 	    8805 	   24 	    8051 	   22 
  30918 	    9034 	   16 	    8980 	   16 
  31199 	   12642 	   23 	   12648 	   24 
  30785 	    9343 	   18 	    9558 	   17 
  31361 	   11424 	   18 	   11097 	   19 
  31313 	   16760 	   37 	   13961 	   38 
  30634 	   10392 	   13 	   10520 	   14 
  31201 	   10829 	   20 	   11041 	   20 
  31702 	   14223 	   24 	   14303 	   24 
  30579 	   11443 	   17 	   11301 	   17 
  32475 	   10486 	   16 	   13530 	   16 
  32351 	   17946 	   48 	   17890 	   49 
  30318 	   10622 	   16 	    9812 	   16 
  30847 	   13751 	   18 	   12661 	   18 
  30196 	   10433 	   16 	   10223 	   16 
  32357 	   10742 	   14 	   13345 	   14 
  31178 	   11301 	   24 	   12167 	   24 
  35360 	   15578 	   54 	   22393 	   61 
