% num_local_points | num_send_points | num_send_procs | num_recv_points | num_recv_procs 
  54399 	  106163 	   61 	   96819 	   68 
  57368 	   91671 	   20 	   93980 	   20 
  55226 	  100075 	   14 	  103484 	   19 
  65294 	   80383 	   10 	   90202 	   13 
  39744 	  122253 	   18 	  107148 	   19 
  67707 	   79369 	   10 	   80620 	   12 
  57949 	   92563 	   15 	   87185 	   16 
  81335 	   60052 	   11 	   68493 	    8 
  44898 	  116656 	   38 	  110534 	   31 
  52398 	  100675 	   21 	  103024 	   20 
  70978 	   76263 	   12 	   83017 	   14 
  60320 	   86607 	   10 	   92901 	   12 
  50445 	  109044 	   21 	  102627 	   20 
  66643 	   81467 	   13 	   82582 	    9 
  54073 	   97382 	   14 	   97624 	   14 
  65750 	   80534 	   14 	   83035 	    7 
  38870 	  118558 	   25 	  106113 	   24 
  44076 	  109204 	   16 	  101110 	   15 
  71932 	   74380 	   14 	   81010 	   12 
  45064 	  113505 	   19 	  103938 	   18 
  70706 	   78690 	   14 	   86143 	   10 
  52818 	  101598 	   22 	   98484 	   17 
  76289 	   67909 	   12 	   73549 	    9 
  73778 	   71783 	   23 	   78596 	   23 
  55079 	  116037 	   72 	  101299 	   75 
  75634 	   69563 	   13 	   74361 	   10 
  60728 	   83714 	    8 	   87362 	   11 
  57693 	  102575 	   24 	   85675 	   25 
  45743 	  108095 	   16 	   86775 	   18 
  63539 	   84731 	   11 	   70616 	   12 
  65675 	   73725 	    8 	   83004 	    9 
  63186 	   81631 	   13 	   85926 	   11 
  65201 	   89162 	   16 	   92049 	   11 
  43951 	  127055 	   47 	   64659 	   50 
  87616 	   58691 	   18 	   37186 	   15 
  47351 	   99200 	   15 	   67496 	   15 
  69780 	   78426 	   13 	   84155 	   12 
  53604 	   90514 	    7 	   60616 	   10 
  77476 	   73300 	   19 	  139981 	   18 
  74600 	   71636 	   22 	   83129 	   24 
  36575 	  114127 	   20 	   25604 	   22 
  84825 	   60332 	   15 	   41705 	   15 
  56683 	   86885 	   14 	   70818 	   13 
  93383 	   52342 	   17 	   71360 	   14 
  84268 	   58620 	   13 	   83805 	   17 
  60851 	  100662 	   49 	  132423 	   52 
  60896 	   88466 	   11 	   87791 	   11 
  63084 	   84061 	   11 	   89160 	   12 
  48591 	  106667 	   20 	   86752 	   21 
  62790 	   84353 	   10 	   76204 	    9 
  65727 	   79866 	   16 	   76113 	   16 
  66357 	   79439 	   16 	   56244 	   15 
  66828 	   76654 	   15 	   83987 	    7 
  80822 	   66801 	   39 	   73976 	   31 
  63838 	   82226 	   42 	   43689 	   41 
  59765 	   82325 	   12 	   85602 	    9 
  46223 	   95754 	    8 	   65291 	   12 
  59902 	   87660 	   20 	   98321 	   20 
  79865 	   59385 	   17 	   26598 	   16 
 100594 	   43057 	   18 	   78470 	   17 
  44275 	  104732 	   23 	   79749 	   22 
  74670 	   70927 	   16 	   56421 	   15 
  44900 	   99893 	   18 	   43746 	   21 
  64814 	   78125 	   20 	   76750 	   17 
  71933 	   69675 	   14 	  113587 	   17 
  60714 	   91559 	   26 	  101601 	   33 
  63828 	   84687 	   17 	   82373 	   19 
  65971 	   78454 	   11 	   76492 	   15 
  69114 	   75685 	   14 	   82477 	    7 
  54519 	   95786 	   14 	   96523 	    9 
  40900 	  123553 	   26 	   99190 	   27 
  51224 	   94802 	   11 	   87718 	    7 
  36156 	  118968 	   15 	  103209 	   12 
  47178 	   98878 	    8 	  110778 	   14 
  51197 	   97330 	   15 	   98784 	   17 
  65620 	   80807 	   14 	   74604 	   12 
  57774 	   84624 	    8 	   93424 	   11 
  49101 	  109184 	   27 	  121613 	   28 
  56933 	   87775 	   11 	   97667 	    7 
  53758 	   98269 	   12 	   96059 	   11 
  48971 	  106393 	   19 	  112796 	   16 
  46207 	  113534 	   36 	  114393 	   34 
  68090 	   85894 	   35 	  100619 	   39 
  56066 	   92513 	   11 	   86956 	    8 
  58657 	   87128 	   10 	   97206 	   11 
  56410 	   99434 	   30 	   94332 	   30 
  66287 	   89374 	   51 	   67637 	   55 
  49702 	   96184 	   15 	   61058 	   18 
  62122 	   88716 	   16 	  105298 	   10 
  60649 	   82257 	   10 	  118375 	   13 
  42445 	  102631 	   18 	  113877 	   18 
  65074 	   83022 	   16 	  104535 	   12 
  57201 	   85976 	   10 	  130093 	   14 
  13394 	  138887 	   31 	  109278 	   28 
  34153 	  107657 	   12 	   64484 	   10 
  64925 	   85131 	   15 	   52441 	   15 
  44975 	  102282 	   16 	  111208 	   18 
  28704 	  112971 	   13 	   81531 	   11 
  47329 	   99882 	   16 	   57429 	   17 
  91624 	   55320 	   17 	  139534 	   19 
 110649 	   42679 	   34 	  163857 	   46 
 128510 	   25060 	   50 	  180938 	   58 
  78990 	   71095 	   62 	  160842 	   75 
  58850 	   96083 	   12 	  101745 	   17 
  68628 	   74803 	   13 	   72031 	   11 
  84741 	   73437 	   31 	   84329 	   32 
  82299 	   64446 	   14 	   72468 	   13 
  77250 	   70836 	   11 	   73341 	   12 
  71501 	   80972 	   15 	   74289 	   16 
  82843 	   57602 	   13 	   54766 	    7 
  76081 	   72439 	   36 	   59755 	   41 
  98032 	   52359 	   23 	   90841 	   27 
 103377 	   42232 	   19 	   58203 	   19 
  80934 	   59668 	   12 	   71946 	   10 
  73648 	   71512 	   14 	   51534 	   17 
  83142 	   62861 	   20 	   70719 	   14 
  71046 	   74368 	   18 	   50196 	   15 
 103518 	   51460 	   35 	   88356 	   35 
  98025 	   44318 	   11 	   56903 	   10 
  82770 	   61305 	   12 	   39221 	   13 
  94350 	   55202 	   19 	   65860 	   17 
  82069 	   61481 	   11 	   61929 	   10 
  52872 	  104837 	   51 	   66151 	   45 
  55525 	   92320 	   16 	   74392 	   16 
  66837 	   80254 	   14 	   79021 	   14 
  78003 	   68269 	   19 	   66065 	   21 
  77812 	   63530 	    9 	   65910 	   12 
  78857 	   66107 	   12 	   67207 	   13 
  66324 	   84597 	   19 	   74941 	   17 
  80625 	   61226 	   14 	   72352 	   14 
  80735 	   65439 	   16 	   64067 	   16 
  65853 	   90535 	   35 	   93556 	   36 
  64905 	   85618 	   17 	   79552 	   19 
  70355 	   75357 	   11 	   75880 	   11 
  55998 	   99577 	   16 	   96795 	   19 
  68678 	   77689 	   14 	   81223 	   11 
  45704 	  113086 	   23 	  115969 	   21 
  75552 	   70740 	    9 	   69859 	    9 
  57603 	   94072 	   19 	   87686 	   18 
  83730 	   56498 	   12 	   66195 	    7 
  57153 	  102950 	   38 	   97816 	   38 
  86439 	   54458 	   11 	   51193 	    9 
  72458 	   77545 	   18 	   87919 	   17 
  66385 	   79947 	   19 	   70990 	   19 
  71334 	   70942 	   13 	   74651 	   12 
  62926 	   92604 	   16 	   89614 	   16 
  74212 	   69436 	   10 	   70995 	   12 
  67423 	   81933 	   30 	   73730 	   29 
  68583 	   79287 	   36 	   66389 	   38 
  61813 	   91356 	   17 	   93338 	   18 
  78737 	   64435 	   12 	   73678 	   10 
  67295 	   86481 	   38 	  105049 	   41 
  71730 	   90622 	   63 	  115668 	   66 
  80645 	   59367 	   10 	   60944 	   11 
  84539 	   58085 	    9 	   51168 	   11 
  82269 	   62525 	   18 	   59352 	   17 
  84958 	   54499 	   16 	   55775 	   14 
  93030 	   49904 	   21 	   55126 	   19 
  78756 	   65585 	   23 	   60857 	   25 
  93880 	   47305 	   11 	   60541 	   11 
 111581 	   30237 	   17 	   48587 	   15 
  90860 	   53628 	   21 	   59539 	   16 
  99734 	   46704 	   20 	   47055 	   19 
  80293 	   58503 	   16 	   37065 	   11 
  71159 	   75672 	   28 	   83488 	   26 
  74995 	   63975 	   11 	   58599 	   13 
  87603 	   60088 	   15 	   69981 	   18 
  63774 	   80976 	   18 	   56620 	   15 
  86247 	   53251 	   11 	   54864 	   11 
  75381 	   70399 	   19 	   66115 	   15 
  71377 	   69051 	   12 	   50440 	    7 
 101077 	   47507 	   39 	   75360 	   33 
  79389 	   64266 	   14 	   55861 	   17 
 105749 	   37504 	   14 	   61808 	   11 
  77533 	   67348 	   15 	   57750 	   12 
  84206 	   54831 	    9 	   43340 	    8 
  90855 	   52384 	   18 	   69320 	   17 
  61347 	   86916 	   25 	   43932 	   21 
  77457 	   73736 	   64 	   21226 	   61 
  78344 	   80122 	   70 	   42388 	   70 
  94063 	   43708 	    7 	   34998 	    8 
  96767 	   43840 	   11 	   45626 	   10 
  91097 	   45511 	   13 	   44118 	   15 
  80932 	   65234 	   21 	   66879 	   27 
  79383 	   71906 	   17 	   72431 	   17 
  81250 	   57600 	    9 	   62514 	    9 
  71534 	   81512 	   17 	   87370 	   19 
  52020 	   99889 	   16 	   92036 	   10 
  59306 	   93585 	   18 	   98459 	   17 
  63151 	   95197 	   27 	   79215 	   24 
  74082 	   76853 	   16 	   72097 	   14 
  67738 	   71140 	    8 	   71113 	   11 
  84233 	   62855 	   15 	   72564 	   15 
  69994 	   78600 	   14 	   76056 	   10 
  72343 	   84344 	   32 	   95539 	   33 
  87828 	   52116 	   10 	   56717 	    9 
  85826 	   60038 	   10 	   59775 	   13 
  80684 	   72125 	   18 	   76318 	   21 
  82046 	   60846 	   15 	   53739 	   10 
  90271 	   47073 	   11 	   50642 	   10 
  76528 	   70598 	   31 	   66318 	   30 
  87548 	   80875 	   37 	   65600 	   40 
  83694 	   61993 	   35 	   41115 	   34 
  87423 	   53925 	    9 	   40792 	    9 
  91963 	   47931 	   15 	   50915 	   14 
  96908 	   41850 	   15 	   42357 	   11 
  90394 	   50476 	   19 	   46201 	   18 
  79179 	   62271 	   18 	   21931 	   21 
  93788 	   40502 	   15 	   35029 	   12 
  64332 	   86954 	   25 	   29091 	   25 
  82364 	   66462 	   17 	   73563 	   14 
  73302 	   67500 	   11 	   55253 	   13 
  80506 	   62049 	   16 	  111358 	   16 
  93394 	   49750 	   11 	   70594 	   11 
  66389 	   85739 	   25 	   46300 	   26 
 109422 	   37977 	   18 	   80528 	   15 
  65576 	   75459 	   10 	   32505 	   14 
  68966 	   71773 	   12 	   70754 	   12 
  87478 	   56551 	   15 	   44832 	   14 
 104108 	   43193 	   22 	  118041 	   28 
 131717 	   28390 	   40 	  144929 	   49 
  90348 	   49776 	   19 	   83528 	   20 
 117389 	   41292 	   53 	  106685 	   56 
  99683 	   35834 	   11 	   39391 	    8 
  93339 	   43696 	   16 	   43318 	   18 
  89966 	   51895 	    9 	   49038 	   11 
  93511 	   44449 	   14 	   44944 	   12 
  99288 	   42895 	   27 	   50405 	   29 
 109487 	   32748 	   15 	   44986 	   15 
 114127 	   27177 	   16 	   35080 	   17 
 110233 	   35870 	   25 	   59742 	   27 
  74953 	   69307 	   15 	   53582 	   12 
  94286 	   52244 	   13 	   56789 	   16 
  91041 	   48728 	   14 	   43323 	   13 
  86322 	   56878 	   13 	   37103 	   13 
  91943 	   62586 	   41 	   72417 	   44 
  80213 	   65492 	   12 	   45456 	   11 
  98669 	   40576 	    9 	   38264 	   11 
 104546 	   40684 	   18 	   50180 	   16 
  97752 	   45203 	   12 	   55031 	   11 
  74820 	   77707 	   31 	   31911 	   30 
  99497 	   42236 	   18 	   20171 	   18 
  93614 	   48527 	   18 	   34001 	   19 
  91805 	   48924 	   47 	   42234 	   46 
  98561 	   38354 	   18 	   38552 	   14 
  93753 	   43322 	   16 	   44001 	   18 
 103563 	   30831 	   16 	   30584 	   15 
 105486 	   25709 	    8 	   26619 	    9 
  97448 	   38772 	   24 	   40788 	   24 
  98453 	   38280 	   13 	   22341 	   13 
  92114 	   48483 	   15 	   27186 	   19 
 106296 	   34146 	   11 	   22306 	   11 
  99119 	   41707 	   25 	   27289 	   28 
 100543 	   36033 	   17 	   35707 	   16 
 102151 	   34799 	   17 	   33590 	   15 
 113961 	   27457 	   15 	   37575 	   13 
 112100 	   32123 	   19 	   38522 	   20 
 105469 	   37680 	   18 	   19016 	   19 
 127980 	   40845 	   60 	  106746 	   61 
 107115 	   52368 	   32 	   55703 	   31 
 116773 	   27973 	   16 	   37017 	   16 
 115528 	   21625 	   13 	   22602 	   13 
 119934 	   15249 	   14 	   15893 	   14 
  90724 	   58911 	  141 	   71724 	  156 
  65094 	   87611 	   20 	   96339 	   20 
  72410 	   74599 	   10 	   76238 	   11 
  70338 	   87882 	   38 	   94124 	   37 
  74857 	   68593 	   11 	   76469 	   12 
  75352 	   71686 	   18 	   62163 	   20 
  74371 	   71096 	   15 	   84427 	   17 
  80333 	   63131 	   13 	   65063 	    8 
  73242 	   71645 	   19 	   52844 	   16 
  75804 	   66154 	   40 	   53991 	   42 
  67028 	   79283 	   20 	   66840 	   21 
  81940 	   59308 	   12 	   61308 	   13 
  63039 	   89723 	   36 	   76858 	   38 
  64861 	   83840 	   19 	   71708 	   15 
  78398 	   67270 	   19 	   78371 	   18 
  79470 	   59919 	   10 	   68059 	   11 
  73977 	   70139 	   17 	   62312 	   16 
  81024 	   65826 	   34 	   64450 	   30 
  57272 	   90575 	   15 	   84035 	   22 
  72075 	   75559 	   20 	   77287 	   24 
  76921 	   65606 	   19 	   69033 	   18 
  74023 	   68423 	   13 	   65076 	   12 
  76019 	   71637 	   20 	   77972 	   20 
  70443 	   76358 	   12 	   79345 	   12 
  55234 	   91804 	   12 	   90642 	    9 
  60822 	   93224 	   21 	   92747 	   28 
  57129 	   93825 	   30 	   83875 	   29 
  74136 	   69549 	   10 	   70692 	   12 
  62913 	   86454 	   18 	   92843 	   19 
  69037 	   79780 	   21 	   92067 	   21 
  62182 	   90371 	   40 	   94205 	   42 
  72751 	   72938 	   11 	   76411 	   11 
  63182 	   84823 	   13 	   76095 	   15 
  62803 	   84594 	   18 	   86154 	   15 
  68309 	   73307 	   16 	   85522 	   17 
  61179 	   84994 	   15 	   78978 	   16 
  73080 	   71294 	   13 	   76283 	   12 
  57075 	   91074 	   23 	   83141 	   19 
  74986 	   92018 	   71 	  114518 	   74 
  86816 	   54876 	   15 	   68655 	   19 
  82972 	   57310 	   12 	   64279 	    9 
  68386 	   80215 	   23 	   63770 	   24 
  89618 	   51684 	   15 	   66823 	   13 
  84675 	   57095 	   12 	   56710 	    7 
  66846 	   84982 	   38 	   67126 	   38 
  87623 	   58762 	   18 	   83938 	   17 
  75017 	   68063 	   10 	   68721 	   10 
  85185 	   64078 	   19 	   62902 	   22 
  92727 	   49181 	   14 	   63106 	   11 
 101920 	   39523 	   13 	   41112 	   12 
  59468 	   95514 	   46 	   86890 	   49 
  81569 	   57700 	   12 	   57280 	   11 
  82347 	   60185 	   16 	   61509 	   16 
  70129 	   75306 	   23 	   70138 	   22 
  80987 	   57322 	   11 	   57925 	    9 
  86644 	   56351 	   18 	   61823 	   15 
  77219 	   70010 	   41 	   68904 	   42 
  91474 	   48172 	   13 	   57012 	   11 
  80258 	   64494 	   17 	   70354 	   16 
  63166 	   83532 	   20 	   82408 	   19 
  86757 	   57046 	   21 	   79525 	   20 
  82117 	   56649 	   16 	   42050 	   13 
  66470 	   81018 	   27 	   84959 	   26 
  77333 	   64256 	    9 	   56161 	   13 
  73550 	   69601 	   14 	   65057 	   13 
  66008 	   83098 	   19 	   84180 	   16 
  81401 	   58082 	   12 	   55765 	   10 
  47417 	   98829 	   15 	   85056 	   11 
  72953 	   66654 	   12 	   56578 	    8 
  68521 	   80977 	   59 	   90477 	   56 
  66120 	   75836 	   14 	   77013 	   14 
  72465 	   67266 	   10 	   59571 	   11 
  52859 	   94728 	   22 	   99363 	   23 
  98881 	   42088 	   13 	   58156 	   12 
  74998 	   68587 	   18 	   73238 	   14 
  60114 	   85290 	   23 	   50474 	   21 
  77221 	   70887 	   41 	   16953 	   38 
  75169 	   80896 	   67 	   44128 	   67 
  68002 	   78536 	   10 	   78668 	   16 
  75565 	   70968 	   10 	   68592 	   10 
  73016 	   79374 	   22 	   78868 	   22 
  90323 	   51887 	   19 	   55655 	   15 
  76660 	   64852 	   12 	   71641 	   13 
  72187 	   78712 	   27 	   73089 	   25 
  72640 	   68670 	   13 	   68246 	   12 
  74907 	   68165 	   16 	   65382 	   18 
  79173 	   70617 	   21 	   74325 	   26 
  80076 	   63896 	   14 	   64628 	   10 
  82212 	   57189 	   14 	   60072 	   13 
  78747 	   76956 	   38 	   68094 	   38 
  91979 	   48127 	   15 	   49416 	   12 
  92223 	   48131 	   14 	   46740 	   10 
  84964 	   55398 	   24 	   56342 	   26 
  83246 	   58717 	   12 	   62383 	   13 
  81645 	   58699 	   12 	   55847 	   14 
  79089 	   69841 	   19 	   69903 	   20 
  84554 	   58722 	   18 	   56997 	   13 
  84708 	   57613 	   18 	   50747 	   12 
  77031 	   64664 	   26 	   64208 	   24 
  91806 	   74083 	   39 	   67040 	   44 
  70199 	   78216 	   34 	   53943 	   34 
  75583 	   68695 	   16 	   65519 	   14 
  67617 	   74572 	   20 	   87298 	   24 
  96922 	   44640 	   13 	   68037 	    7 
  91805 	   44290 	   11 	   60780 	   11 
  65327 	   79125 	   25 	   69145 	   23 
  71631 	   72454 	   17 	   55528 	   15 
  85902 	   56014 	   21 	   92406 	   25 
  75794 	   62216 	   18 	   87672 	   21 
  75456 	   64668 	   12 	   72059 	   14 
  74698 	   66069 	   29 	   74064 	   35 
  91197 	   43099 	   13 	   42428 	   15 
  89477 	   43822 	    9 	   34755 	   13 
  87822 	   49464 	   20 	   51137 	   17 
  96714 	   38942 	   16 	   42083 	   14 
  77975 	   64380 	   22 	   44124 	   21 
  83619 	   57475 	   20 	   23186 	   21 
  94454 	   45689 	   16 	   21879 	   15 
 126118 	   31237 	   33 	   88309 	   35 
  92444 	   46522 	   25 	   78325 	   25 
 118051 	   41478 	  109 	  106282 	  107 
  98224 	   35826 	   13 	   36631 	   10 
  95446 	   40296 	   17 	   39210 	   16 
  89490 	   49237 	   15 	   46387 	   13 
  93099 	   44964 	   15 	   45646 	   11 
  96117 	   44764 	   21 	   51485 	   26 
  89864 	   48950 	   13 	   48912 	   10 
  85707 	   55103 	   15 	   47970 	   14 
  87857 	   54535 	   21 	   56617 	   20 
  74950 	   67163 	   11 	   54361 	   14 
  92790 	   60109 	   44 	   52407 	   49 
 106632 	   33440 	   15 	   42752 	   12 
 111977 	   28429 	   20 	   36599 	   23 
  95923 	   49292 	   25 	   64549 	   25 
  82222 	   60160 	   12 	   55915 	   11 
  99158 	   38911 	   12 	   35536 	   11 
  93976 	   50456 	   26 	   52455 	   22 
  83005 	   56674 	   12 	   59041 	    9 
  79035 	   66835 	   26 	   38684 	   24 
  97738 	   45141 	   23 	   18891 	   19 
  94993 	   46578 	   21 	   33360 	   20 
  92593 	   46866 	   46 	   41467 	   43 
  99402 	   35172 	   18 	   34973 	   18 
  93383 	   43220 	   21 	   43159 	   25 
 103302 	   29476 	   18 	   28892 	   19 
 106350 	   24679 	   11 	   25885 	   13 
  96505 	   39024 	   22 	   40986 	   23 
  99039 	   38749 	   14 	   22393 	   13 
  94601 	   44324 	   15 	   28089 	   21 
 103116 	   35935 	   11 	   21628 	   13 
 124197 	   24160 	   41 	   87970 	   42 
 105797 	   30514 	   30 	   30406 	   32 
 105741 	   30839 	   13 	   28974 	   13 
 101632 	   35631 	   15 	   34450 	   14 
 113083 	   28012 	   15 	   38167 	   13 
 110990 	   32764 	   21 	   38100 	   21 
 105324 	   50103 	   39 	   24442 	   33 
 106485 	   53812 	   33 	   52814 	   31 
 116037 	   29178 	   24 	   37958 	   19 
 115823 	   21205 	   12 	   22348 	   12 
 119750 	   15163 	   15 	   16046 	   14 
  87628 	   59209 	  102 	   56164 	  110 
  70613 	   78415 	   18 	   68826 	   17 
  76552 	   64874 	   15 	   69823 	   13 
  70457 	   81909 	   25 	   73414 	   21 
  84296 	   61349 	   20 	   79342 	   17 
  79541 	   61877 	   15 	   58791 	   15 
  80727 	   70478 	   30 	   71787 	   29 
  81675 	   63457 	   22 	   67842 	   19 
  88217 	   48874 	   14 	   49394 	    9 
  88925 	   53151 	   25 	   52861 	   26 
  88300 	   52166 	   18 	   52426 	   13 
  82753 	   64064 	   36 	   57798 	   35 
  85578 	   54316 	   12 	   54343 	   13 
  84544 	   59091 	   24 	   63747 	   24 
  74060 	   71643 	   23 	   70060 	   19 
  84824 	   57861 	   24 	   63062 	   21 
  96608 	   38596 	   12 	   42283 	   10 
  88684 	   60916 	   24 	   51673 	   23 
  90031 	   51910 	   13 	   49832 	   16 
  89439 	   49962 	   14 	   51070 	   15 
  92285 	   46468 	   23 	   48891 	   21 
 102315 	   41123 	   20 	   52258 	   14 
  95134 	   78466 	   85 	   86282 	   81 
  90963 	   52024 	   20 	   53834 	   19 
  92531 	   46304 	   13 	   46074 	   11 
  89150 	   51015 	   22 	   47817 	   23 
  92450 	   49403 	   17 	   44114 	   22 
  94462 	   51088 	   31 	   46352 	   31 
  91619 	   46626 	   24 	   45601 	   18 
 103967 	   33268 	   16 	   45137 	   14 
  87282 	   58436 	   27 	   36820 	   22 
 100118 	   39200 	   17 	   39402 	   22 
 102298 	   36980 	   15 	   35693 	   13 
  91768 	   48533 	   27 	   42838 	   30 
  99231 	   37755 	    8 	   41127 	    8 
  98032 	   39017 	   16 	   40107 	   16 
 101439 	   32181 	   16 	   32343 	   15 
 104240 	   42689 	   32 	   41336 	   37 
 117386 	   23918 	   20 	   44970 	   20 
 106486 	   27368 	   14 	   26902 	   14 
 110938 	   38297 	   21 	   43546 	   22 
 100329 	   37302 	   21 	   25170 	   19 
  92300 	   50145 	   33 	   21372 	   31 
  90737 	   64438 	   83 	   67432 	   88 
  82340 	   56759 	   23 	   55932 	   20 
  85714 	   58535 	   20 	   56163 	   23 
  93124 	   43587 	   13 	   42811 	   12 
  88586 	   51582 	   20 	   44528 	   21 
  88412 	   51169 	   19 	   48898 	   27 
  91208 	   45234 	   17 	   45725 	   18 
  96892 	   38574 	   12 	   39530 	   18 
  99532 	   35190 	   13 	   38154 	   14 
 105482 	   26125 	   14 	   25092 	   12 
  86973 	   64157 	   48 	   58882 	   48 
  70523 	   71066 	   21 	   67662 	   21 
  85921 	   53821 	   19 	   53422 	   23 
 104195 	   33531 	   16 	   43939 	   13 
  70301 	   75781 	   22 	   52660 	   22 
  89040 	   53390 	   21 	   58288 	   23 
 105301 	   34353 	   19 	   45251 	   13 
 115466 	   24156 	   17 	   39386 	   18 
 106938 	   44315 	   30 	   36888 	   26 
 101558 	   34079 	   14 	   26411 	   13 
  85976 	   60235 	   74 	   31122 	   72 
 106498 	   23959 	   13 	   24132 	   15 
 107845 	   23603 	   14 	   22330 	   14 
 102831 	   31952 	   18 	   30063 	   18 
 104647 	   29091 	   13 	   27765 	   17 
 105264 	   32011 	   33 	   29443 	   33 
 107889 	   26722 	   13 	   26159 	   13 
 119410 	   23421 	   18 	   42598 	   15 
 110709 	   23963 	   14 	   22704 	   14 
 107476 	   41316 	   33 	   31833 	   37 
 100036 	   42842 	   31 	   26750 	   33 
 102238 	   34610 	   16 	   31992 	   14 
 105803 	   32021 	   17 	   28949 	   17 
 121688 	   16807 	   16 	   37147 	   13 
 102789 	   44713 	   31 	   27667 	   35 
 106487 	   33014 	   23 	   23046 	   26 
 126854 	   17538 	   20 	   39956 	   20 
 115552 	   37193 	   29 	   28348 	   31 
 110093 	   31919 	   25 	   13907 	   23 
 119949 	   18026 	   20 	   17308 	   19 
  63929 	   85997 	  133 	   25088 	  155 
  59521 	   81378 	   16 	   51598 	    9 
  59653 	   93777 	   61 	   18967 	   69 
  47809 	   95826 	   16 	   23707 	    9 
 103393 	   45989 	   48 	   19932 	   46 
  21883 	  123814 	   22 	   26680 	   17 
  36359 	  109629 	   22 	   55924 	   16 
  74792 	   71481 	   17 	  121655 	   14 
  33664 	  108674 	   16 	   58051 	   13 
  30732 	  117605 	   29 	   22978 	   20 
  83452 	   61771 	   17 	   89690 	   12 
  62456 	   81116 	   16 	   82072 	   13 
  76147 	   70166 	   15 	   71207 	   20 
  82556 	   66744 	   21 	  212525 	   27 
   4904 	  148319 	   28 	  144158 	   27 
  65573 	   75333 	   18 	   38398 	   16 
  23459 	  118551 	   19 	   20463 	   14 
  80123 	   60917 	   18 	   66359 	   14 
  84195 	   61979 	   16 	  109375 	   16 
  31865 	  111651 	   14 	   98337 	   14 
  19602 	  124501 	   19 	   86897 	   14 
  52150 	   92120 	   19 	  128700 	   11 
  17664 	  122017 	   13 	   62737 	   13 
  77766 	   69247 	   23 	  193212 	   24 
 103875 	   35790 	   15 	  129377 	   22 
   4639 	  144788 	   25 	  117906 	   26 
  30359 	  110609 	   10 	   52731 	   10 
  30277 	  114424 	   17 	   48145 	   14 
  42145 	   96440 	   13 	   44479 	   11 
  87138 	   58159 	   20 	  126981 	   20 
  23793 	  117596 	   14 	   84759 	   13 
  71827 	   74166 	   29 	  109079 	   34 
  50139 	   93287 	   11 	   65587 	   10 
  51219 	  102876 	   38 	  391718 	   51 
    566 	  149878 	   46 	    7277 	   37 
  31928 	  107853 	    9 	   82178 	   13 
   8845 	  134888 	   21 	   34762 	   16 
  46372 	   94860 	   17 	  105317 	   11 
  37345 	  101843 	   11 	  138003 	   15 
   8652 	  137095 	   63 	   38744 	   67 
  57906 	   83206 	   21 	   21844 	   12 
  75716 	   69557 	   20 	   22528 	   15 
 102895 	   39293 	   19 	  106593 	   12 
  42133 	  101076 	   14 	   44580 	   12 
  96772 	   50558 	   17 	  132893 	   19 
  63346 	   78783 	   22 	  117979 	   22 
  11012 	  131658 	   22 	   44341 	   16 
  56435 	   87787 	   27 	   30425 	   19 
  90472 	   49183 	   17 	   56692 	   13 
  81263 	   57523 	   13 	   49786 	   10 
  63213 	   79352 	   13 	   17754 	    9 
 116158 	   28648 	   14 	   61429 	   13 
  78263 	   61848 	   18 	   64474 	   25 
  83233 	   66041 	   32 	   98410 	   31 
  83644 	   56794 	   14 	   72676 	   10 
  46600 	   97053 	   16 	   39686 	   14 
  88660 	   49859 	   10 	   48508 	   11 
  89901 	   47591 	   15 	   40632 	   16 
  88119 	   51268 	   64 	   33399 	   76 
 101877 	   38883 	   11 	   36393 	   12 
  92622 	   48056 	   12 	   64239 	    8 
 107687 	   27220 	   12 	   31427 	    8 
  98350 	   38445 	   13 	   47340 	   14 
  57720 	   88118 	   28 	   46714 	   30 
  94949 	   40869 	   10 	   34428 	    7 
  92684 	   46222 	   12 	   41841 	   16 
  96868 	   45364 	   11 	   48510 	   11 
  84066 	   58024 	   12 	   79120 	   14 
  76547 	   64098 	   19 	   36212 	   14 
 109264 	   28168 	   15 	   29824 	   15 
 102437 	   33047 	    7 	   27212 	    7 
 108128 	   34732 	   15 	   23011 	   17 
 117322 	   22664 	   13 	   24620 	   13 
 117240 	   25995 	   26 	   52576 	   26 
  92460 	   49449 	   24 	   34413 	   23 
  98626 	   41430 	   13 	   53356 	   11 
  85482 	   56448 	   12 	   31396 	   11 
 102511 	   35529 	   12 	   35670 	   12 
  91364 	   56786 	   56 	   60807 	   74 
  84177 	   56414 	   18 	  146163 	   18 
  14932 	  123356 	   15 	   40446 	   15 
  99029 	   44297 	   14 	   56305 	   14 
  75786 	   63698 	   11 	   68917 	   13 
  81668 	   67579 	   35 	  321953 	   45 
  87445 	   49397 	   10 	   56129 	   10 
  68932 	   81730 	   59 	  213119 	   70 
    990 	  141467 	   23 	   21914 	   17 
  18348 	  125912 	   22 	   50669 	   15 
  77543 	   61558 	   10 	   80825 	   11 
   6117 	  137934 	   29 	   41597 	   25 
  34914 	  105830 	   17 	   41703 	   12 
  60044 	   82080 	   21 	   94879 	   14 
  57001 	   82814 	   17 	   85408 	   15 
  63625 	   78940 	   17 	  118706 	   17 
  40594 	   95550 	   12 	   49032 	   12 
  72641 	   68327 	   35 	  107987 	   35 
  40591 	  102157 	   20 	  154089 	   16 
   8306 	  130087 	   11 	   79186 	   10 
  43412 	   99490 	   16 	   90252 	   16 
  53465 	   85445 	   12 	   91396 	    9 
  44283 	   99361 	   33 	  206923 	   30 
   2632 	  137077 	   27 	   43858 	   24 
  67534 	   69366 	   12 	   71667 	   10 
  51354 	   92536 	   16 	  139226 	   21 
  33106 	  111191 	   31 	  182577 	   29 
   5029 	  135194 	   16 	   50750 	   14 
  40202 	   99448 	   16 	   85770 	   13 
  54669 	   81848 	   11 	   96689 	    9 
  86807 	   58651 	   46 	  154670 	   43 
 106216 	   33623 	   40 	   84100 	   50 
 103131 	   38010 	   22 	   63816 	   22 
  56648 	   88147 	   53 	   53730 	   59 
  86462 	   53284 	   20 	   39905 	   13 
  55777 	   80860 	   12 	   51045 	    8 
  66941 	   75999 	   21 	   99352 	   21 
  62250 	   73645 	   11 	   59869 	    7 
  80187 	   58973 	   16 	   58420 	   16 
  60728 	   83001 	   28 	   58691 	   29 
  76943 	   61294 	   18 	   34060 	   20 
  79548 	   64356 	   15 	   69001 	   19 
  42126 	   97685 	   14 	   82164 	   13 
  65023 	   78793 	   12 	   78794 	   14 
  67573 	   73891 	   17 	   84647 	   17 
  71185 	   73857 	   32 	  149326 	   41 
  46658 	   97982 	   25 	  120869 	   29 
  26459 	  113327 	   15 	   40176 	   16 
  45878 	   93346 	   15 	   78802 	   15 
  55669 	   82996 	   20 	   93187 	   19 
  36778 	   98745 	   11 	   94335 	   13 
  66518 	   74564 	   25 	   72289 	   26 
  86533 	   58781 	   16 	  132563 	   19 
  82043 	   57361 	   27 	   91034 	   25 
  27526 	  117615 	   29 	   64081 	   30 
  51121 	   86144 	   14 	   96246 	    8 
  50792 	   89912 	   20 	   46329 	   20 
  45826 	  102606 	   72 	   50830 	   82 
  84702 	   53763 	   18 	  103513 	   12 
  50821 	   90559 	   15 	   56413 	   14 
  56938 	   84918 	   15 	   86328 	   11 
  72642 	   64726 	   14 	   32529 	    9 
 105424 	   40228 	   21 	   48500 	   19 
  61945 	   86020 	   22 	  114603 	   19 
  33104 	  108392 	   19 	   25499 	   20 
  71820 	   72463 	   38 	   57764 	   41 
  73040 	   63006 	   13 	   69610 	   10 
  67655 	   69470 	   13 	   23801 	   12 
  94231 	   50112 	   21 	  102953 	   24 
  96041 	   43716 	   16 	   57978 	   14 
  79877 	   56139 	   12 	   44304 	   13 
  57761 	   86943 	   29 	  102864 	   28 
  61764 	   77945 	   16 	   77691 	   12 
  35734 	  110107 	   22 	   34604 	   21 
  77770 	   62248 	   15 	   98974 	   12 
  53164 	   89839 	   55 	   71178 	   60 
  69115 	   70303 	   13 	  120469 	   10 
  27142 	  114089 	   16 	   60480 	   14 
  67167 	   75297 	   14 	  142706 	   21 
  77088 	   69352 	   18 	  199744 	   19 
  27492 	  112547 	   10 	   57237 	   12 
  76004 	   70754 	   38 	  256207 	   67 
  67941 	   71496 	   19 	  157281 	   29 
   1415 	  141271 	   41 	   66146 	   41 
   5012 	  140244 	   26 	   33663 	   18 
  53994 	   86188 	   11 	   67913 	   10 
  66114 	   78349 	   28 	   88999 	   23 
  57524 	   83183 	   18 	  113214 	   12 
  38784 	  104818 	   16 	  107474 	   15 
  44558 	   96238 	   17 	   99263 	   10 
  66425 	   71580 	   16 	   91184 	   13 
  37328 	  104936 	   17 	   92085 	   16 
  45350 	   96970 	   35 	  123355 	   31 
   3699 	  140465 	   36 	   47719 	   24 
  51387 	   90008 	   15 	  134791 	   11 
  20684 	  118350 	   16 	   67347 	   12 
  23530 	  119311 	   17 	   37104 	   13 
  74397 	   64659 	   16 	  146378 	   17 
  20448 	  116209 	   10 	   57129 	   14 
  48309 	   93784 	   26 	   91088 	   28 
  73326 	   67063 	   19 	  187749 	   31 
  21646 	  126676 	   28 	  149805 	   26 
  25155 	  112350 	   11 	  100929 	   11 
    812 	  140893 	   24 	   26631 	   22 
  52157 	   84510 	    9 	  101583 	    8 
  63960 	   78374 	   51 	   60409 	   43 
  95670 	   42247 	   16 	   43363 	   14 
  91978 	   43448 	   11 	   55312 	   10 
  95130 	   43138 	   24 	   58023 	   23 
  93335 	   46653 	   14 	   47458 	   13 
  83242 	   57045 	   26 	   45927 	   28 
  86316 	   50806 	   17 	   69731 	   15 
  59534 	   79268 	   13 	   56154 	   13 
  58942 	   84546 	   18 	   54954 	   19 
  83618 	   54762 	   11 	   69097 	   13 
  76040 	   59437 	   10 	   28364 	   12 
 108129 	   29367 	   32 	   28839 	   35 
 101506 	   38095 	   12 	   36791 	   12 
 103482 	   37346 	   24 	   45900 	   19 
 120354 	   16247 	   14 	   16747 	   14 
 113096 	   27575 	   20 	   23201 	   20 
 101997 	   41749 	   22 	   48756 	   24 
  89999 	   47108 	   10 	   44369 	   11 
  83604 	   55203 	   12 	   43312 	   12 
  87753 	   54219 	   19 	   45280 	   19 
  86193 	   54395 	   20 	   36431 	   19 
 110336 	   34281 	   72 	  151852 	   83 
 114041 	   28958 	   40 	   90398 	   44 
  90788 	   47818 	   13 	   57069 	   12 
  55735 	   86034 	   45 	   64869 	   51 
  54842 	   83849 	   17 	  124179 	   15 
  23069 	  114554 	   14 	   57825 	   12 
  41470 	   99643 	   14 	   83758 	    9 
  49240 	   89248 	   14 	   73030 	   14 
  48362 	   90093 	   13 	   95524 	   16 
  48214 	   93862 	   25 	  123587 	   34 
  83917 	   58583 	   29 	  164662 	   33 
  20997 	  115164 	   16 	   61996 	   13 
  41706 	   94309 	   13 	  103546 	    8 
  14490 	  126283 	   23 	   44819 	   20 
  48646 	   89282 	   15 	  106692 	   19 
  35577 	  105840 	   30 	   90175 	   24 
  52814 	   86937 	   17 	   89051 	   21 
  44777 	   95278 	   13 	   83102 	   13 
  50910 	   91140 	   24 	   49221 	   19 
  79881 	   60498 	   17 	   82366 	   19 
  58694 	   80710 	   19 	   59541 	   16 
  83263 	   56896 	   27 	   87960 	   30 
  77586 	   62488 	   27 	  112350 	   28 
  38017 	  106634 	   26 	  125551 	   26 
  23303 	  116690 	   17 	   79531 	   24 
  41514 	   99424 	   27 	   79822 	   26 
  50286 	   87396 	   11 	   57265 	   12 
  44755 	  100322 	   92 	  219605 	  102 
  10475 	  126733 	   11 	   50466 	    9 
  51481 	   85802 	   16 	   99256 	   15 
  24999 	  117940 	   18 	  123904 	   19 
  39813 	   96944 	    9 	   72267 	   11 
  58261 	   80304 	   20 	  148976 	   17 
  25754 	  116430 	   29 	   71961 	   35 
  43409 	   95203 	   16 	   92912 	   15 
  49069 	   86530 	   17 	  114425 	   14 
  40220 	   98739 	   18 	   90427 	   17 
  33482 	  105412 	   16 	  101479 	   17 
  45469 	   91741 	   36 	  122734 	   43 
  26777 	  109621 	   14 	  103315 	    8 
  29008 	  111261 	   20 	  129351 	   17 
  19610 	  120024 	   17 	   92508 	   13 
  52954 	   82975 	   19 	  100928 	   15 
  44099 	   93086 	   17 	   93190 	   13 
  31545 	  109513 	   28 	  124832 	   32 
  34235 	  102733 	   16 	   99017 	   18 
  47815 	   85492 	   11 	   85853 	   10 
  56491 	   78792 	   15 	   80816 	   18 
  42989 	   92019 	   17 	  106418 	   14 
  34986 	  104900 	   67 	  168645 	   74 
  20957 	  118168 	   16 	   88287 	   19 
  30140 	  106051 	   18 	   90117 	   14 
  50409 	   87368 	   21 	  108173 	   20 
  37739 	  101068 	   17 	   84591 	   12 
  50508 	   88399 	   35 	   97743 	   38 
  49489 	   88054 	   19 	  110100 	   17 
  60641 	   79201 	   14 	   58413 	   16 
  58374 	   82373 	   28 	   88298 	   25 
  59950 	   77649 	   17 	   99819 	   15 
  42705 	   94188 	   17 	   91423 	   16 
  49616 	   89185 	   32 	   76973 	   41 
  49214 	   87675 	   19 	  100828 	   15 
  48961 	   87908 	   21 	   87311 	   21 
  60222 	   71722 	   20 	   89744 	   16 
  63101 	   68869 	   10 	   74193 	   11 
  59132 	   78426 	   32 	   81166 	   34 
  61333 	   78987 	   19 	   84117 	   15 
  61648 	   76634 	   19 	   72833 	   23 
  71448 	   61471 	   13 	   65198 	    8 
  77773 	   58368 	   17 	   74869 	   16 
  38283 	  103861 	   68 	  142291 	   78 
  22732 	  116966 	   18 	   94967 	   17 
  31538 	  106312 	   16 	  100008 	   16 
  41646 	   93816 	   17 	   99649 	   16 
  35115 	  101441 	   19 	   93107 	   15 
  28547 	  110382 	   30 	  118622 	   36 
  39749 	   94773 	   19 	   95574 	   19 
  59445 	   75042 	   21 	   96556 	   23 
  56073 	   76861 	   10 	   79851 	   12 
  48112 	   86205 	   16 	   97201 	   15 
  64172 	   76074 	   38 	  110101 	   40 
  26818 	  112465 	   22 	   83212 	   18 
  57422 	   78129 	   12 	   84957 	   10 
  57349 	   86135 	   16 	  104030 	   18 
  42615 	  102578 	   23 	  123319 	   21 
  63593 	   76339 	   33 	   66266 	   38 
  39801 	   94700 	   11 	   87091 	    9 
  51661 	   84206 	   17 	   78456 	   18 
  38526 	  103497 	   24 	  120396 	   19 
  32850 	  107727 	   23 	   97917 	   19 
  69354 	   67057 	   11 	   75298 	   12 
  73071 	   76497 	   55 	  134179 	   79 
  84232 	   54105 	   22 	   81943 	   23 
  87755 	   49232 	   11 	   81388 	   11 
  87840 	   46504 	   15 	   65217 	   13 
  70437 	   65218 	   31 	   71282 	   35 
  77229 	   57815 	   18 	   58335 	   17 
  79648 	   57611 	   20 	   63070 	   17 
  79659 	   55815 	   17 	   57245 	   15 
  93139 	   41087 	   40 	   45803 	   43 
  79217 	   52377 	   13 	   56184 	   12 
  70391 	   63965 	   17 	   68768 	   16 
  64373 	   72854 	   22 	   77604 	   20 
  66791 	   71605 	   21 	   72942 	   19 
  82385 	   57185 	   30 	   60518 	   30 
  91477 	   41917 	   13 	   40633 	   12 
 101831 	   37826 	   18 	   49978 	   19 
  94206 	   49899 	   22 	   51962 	   22 
 100041 	   41625 	   24 	   43025 	   21 
 110241 	   30056 	   18 	   22783 	   17 
  43950 	  203511 	  148 	   69348 	  160 
  95910 	   44648 	   14 	   42230 	   16 
 116164 	   24381 	   16 	   49305 	   21 
 100836 	   41331 	   45 	   83192 	   58 
 112465 	   29547 	   15 	   51836 	   21 
 109541 	   41664 	   37 	  116744 	   48 
  87020 	   56750 	   15 	   68403 	   17 
  78146 	   65923 	   19 	   54372 	   18 
  96262 	   45185 	   13 	   67898 	   12 
  52220 	   90964 	   19 	   72121 	   20 
  71944 	   69363 	   12 	   47518 	   12 
  70561 	   74199 	   19 	   71757 	   18 
  75380 	   69727 	   14 	   76580 	   13 
  44051 	  102026 	   32 	   38131 	   23 
  61289 	   94445 	   31 	  162912 	   33 
  97343 	   43048 	   11 	   59422 	   12 
  92638 	   52585 	   14 	   87163 	   20 
  70423 	   70435 	    9 	   40645 	   11 
  73014 	   74030 	   18 	   91418 	   20 
  82727 	   58746 	   14 	   54972 	   11 
  53147 	   89598 	   19 	   74183 	   16 
  76895 	   65259 	   11 	   38762 	   13 
 102956 	   41739 	   18 	   71106 	   18 
  68493 	   75678 	   17 	   38422 	   12 
  81407 	   65562 	   26 	   25458 	   27 
  57824 	   95965 	   35 	   97073 	   37 
  88829 	   54990 	   11 	   51477 	   11 
  94596 	   52803 	   14 	   94750 	   16 
 102996 	   36982 	    9 	   62436 	   12 
  86912 	   56743 	   18 	   52913 	   17 
  71614 	   69872 	    9 	   46161 	   10 
  57592 	   88720 	   26 	   64427 	   26 
  78241 	   63972 	   11 	   45427 	   10 
  28976 	  116726 	   30 	   46592 	   26 
  50571 	  107710 	   44 	  232798 	   54 
  60500 	   80814 	   10 	   68861 	   10 
  51445 	   92971 	   14 	  112913 	   16 
  85943 	   54391 	   10 	   70382 	   11 
  56856 	   87630 	   21 	   67083 	   19 
  73744 	   65234 	   13 	   81534 	    8 
  88952 	   56589 	   52 	   92290 	   60 
 119113 	   23381 	   19 	   55459 	   22 
  90873 	   48154 	   11 	   23505 	   11 
  97713 	   48883 	   22 	   55997 	   22 
  67690 	   73002 	   13 	   38096 	   13 
  96913 	   42624 	    8 	   34997 	    8 
  97106 	   50208 	   24 	   44585 	   22 
  81889 	   60953 	   14 	   32155 	   13 
  98134 	   40846 	   16 	   45314 	   19 
 115500 	   26214 	   14 	   56250 	   14 
  90618 	   45324 	   13 	   35736 	   13 
  56916 	   96634 	   33 	   83561 	   37 
  77089 	   64511 	   12 	   86189 	   18 
  88995 	   62098 	   28 	  131159 	   31 
  93093 	   45898 	   10 	   67274 	   10 
  50761 	   93688 	   12 	   30145 	   13 
  63195 	   77667 	   17 	   86127 	   18 
  82198 	   57117 	   13 	   92839 	   14 
 102510 	   42719 	   47 	   77353 	   43 
  96878 	   41519 	   12 	   30627 	   12 
 106359 	   31294 	   18 	   32132 	   17 
  94586 	   40863 	   13 	   35863 	   12 
  90036 	   47491 	   12 	   41456 	   10 
  97156 	   41985 	   32 	   36874 	   30 
 114031 	   21150 	   13 	   19731 	   13 
 119053 	   18641 	   15 	   18889 	   18 
 105568 	   36105 	   13 	   32497 	   12 
 108015 	   31590 	   14 	   42155 	   12 
 101400 	   41950 	   27 	   28002 	   26 
 112904 	   36013 	   31 	   80981 	   33 
  82070 	   53305 	    9 	   32216 	   11 
  66457 	   75402 	   14 	   33704 	   16 
  58240 	   83589 	   16 	   81205 	   17 
  73515 	   67756 	   12 	  106209 	   12 
  73122 	   70970 	   23 	  104499 	   20 
  82134 	   55054 	   11 	   54844 	   13 
  89150 	   51975 	   15 	   49903 	   15 
  76462 	   64517 	   12 	   61705 	   10 
 120130 	   29412 	   73 	   89457 	   78 
  84676 	   54570 	   11 	   40702 	   11 
  55914 	   93388 	   22 	   72512 	   25 
  61659 	   81617 	   13 	   96015 	    9 
  62323 	   79761 	   16 	   80904 	   10 
  35048 	  110111 	   24 	   42161 	   17 
  45167 	  105126 	   36 	   41283 	   30 
  44456 	   99502 	   19 	   37827 	   12 
  41802 	  104620 	   81 	   12858 	   81 
  53108 	   92257 	   34 	   20290 	   42 
  62196 	   75293 	   10 	   55868 	    6 
  49941 	  104684 	   57 	  180919 	   64 
  69376 	   71686 	    8 	   73736 	   14 
  70431 	   68529 	   11 	   68180 	   12 
  63667 	   82330 	   22 	  136705 	   22 
  63598 	   80319 	   11 	  111632 	   14 
  57093 	   79836 	   12 	   74622 	    7 
  42048 	   98896 	   20 	   67102 	   18 
  22089 	  123987 	   17 	  108598 	   21 
  58201 	   82166 	   12 	  127442 	   14 
  38479 	  105452 	   29 	  105783 	   32 
  54874 	   88418 	   22 	   67850 	   22 
  40479 	  102083 	   14 	  103504 	    8 
  50809 	   88457 	   12 	   99651 	    9 
  42384 	   99238 	   22 	   69030 	   21 
  32735 	  109633 	   11 	   69555 	   14 
  18952 	  128013 	   26 	   57531 	   22 
  24211 	  117553 	   18 	   64475 	   11 
  12100 	  140788 	   41 	  177115 	   38 
  52464 	   91935 	   20 	  159763 	   18 
  61709 	   80371 	   13 	  148166 	   12 
  34838 	  102851 	   11 	   87886 	   11 
  32031 	  108943 	   11 	  113314 	   10 
  38178 	  101686 	   20 	  119143 	   22 
  49611 	   87182 	    8 	  115673 	   12 
  49917 	   90117 	   10 	   95326 	   12 
  53192 	   90844 	   20 	   82621 	   21 
  41899 	  101605 	   16 	   85603 	   21 
  51186 	   90871 	   12 	  147204 	   12 
  37235 	   98490 	   13 	   86905 	    6 
  56522 	   83149 	   13 	  103935 	   15 
  95717 	   49509 	   18 	  127387 	   15 
  28583 	  115525 	   15 	   21911 	   13 
  38068 	  104270 	   15 	   91634 	   14 
  64600 	   73543 	   15 	  142884 	   13 
  42565 	  102382 	   36 	  106987 	   37 
  24789 	  121206 	   38 	   20895 	   39 
  30190 	  105881 	   11 	   39934 	   15 
  38832 	  101997 	   15 	   73784 	   10 
  23947 	  123169 	   32 	   95519 	   33 
  69202 	   70859 	   12 	  138352 	   13 
  30945 	  110037 	   12 	  112729 	   18 
  24619 	  113020 	   11 	   57559 	   14 
  22090 	  114246 	   14 	  100867 	   13 
  90614 	   56658 	   24 	  256717 	   24 
  23934 	  114161 	    9 	  100091 	   13 
  24357 	  119352 	   11 	  106045 	    9 
  40519 	  104315 	   59 	  161304 	   73 
  99309 	   42729 	   14 	   38359 	   18 
  85215 	   58099 	   19 	   43557 	   18 
  88587 	   48694 	    9 	   44935 	    8 
  99387 	   39679 	   20 	   44998 	   18 
 107262 	   36528 	   21 	   41571 	   20 
  86906 	   51251 	   13 	   30894 	   11 
 104546 	   37306 	   24 	   88663 	   27 
 110945 	   32774 	   35 	   70889 	   42 
 104640 	   33886 	   15 	   30137 	   14 
 112752 	   27137 	   21 	   35703 	   18 
  79666 	   63746 	   21 	   39734 	   19 
 104541 	   30838 	   12 	   28875 	   13 
 105535 	   33553 	   22 	   38031 	   18 
  91685 	   54757 	   26 	   51571 	   30 
  86824 	   51766 	   11 	   43026 	   11 
  93987 	   53164 	   24 	   92670 	   22 
  98921 	   38582 	   12 	   29617 	   13 
  96997 	   41395 	   17 	   47449 	   14 
  77576 	   66050 	   45 	   48633 	   47 
  96546 	   47112 	   16 	   61600 	   18 
  74572 	   69981 	   17 	   50885 	   15 
  49413 	   99555 	   23 	   39322 	   20 
  67111 	   72730 	   11 	   40688 	   11 
  79429 	   63999 	   56 	   46059 	   58 
  61598 	   79673 	   30 	   30549 	   27 
  64804 	   83349 	   52 	  116558 	   53 
  78593 	   67650 	   20 	  119684 	   23 
  66174 	   72893 	   11 	   37087 	   11 
  75222 	   69848 	   19 	   91867 	   22 
  63925 	   75761 	   18 	   33627 	   20 
  53551 	   88262 	   14 	   97313 	   14 
  64487 	   74649 	   15 	   89281 	    9 
  51061 	   92155 	   23 	   53270 	   18 
  65055 	   74426 	   16 	   62423 	   13 
  76416 	   66133 	   28 	   81578 	   34 
  69852 	   73242 	   23 	  121172 	   22 
  86515 	   53631 	   16 	   60888 	   16 
  87766 	   52218 	   16 	   59996 	   17 
  65060 	   76009 	   11 	   88525 	   14 
  76532 	   63159 	   12 	   64549 	   16 
  86852 	   52217 	   18 	   62925 	   15 
  51379 	   91120 	   22 	   81789 	   26 
  46270 	   94809 	   25 	   44904 	   28 
  59310 	   85612 	   28 	   95222 	   30 
  67225 	   71415 	   12 	   74315 	    6 
  63807 	   80059 	   16 	  105373 	   21 
  53235 	   86090 	   11 	   83476 	    8 
  54806 	   86478 	   44 	   83162 	   44 
 108751 	   25033 	   11 	   23695 	   13 
 103388 	   33059 	   21 	   31045 	   19 
 104737 	   34055 	   21 	   30335 	   18 
 111796 	   25528 	   19 	   24392 	   17 
 108793 	   26378 	   12 	   27050 	   10 
  95557 	   46114 	   26 	   50375 	   29 
  88083 	   51897 	   15 	   41559 	   19 
  97874 	   47078 	   20 	   68894 	   19 
 102429 	   33856 	    9 	   25858 	   12 
  96579 	   42269 	   15 	   48440 	   12 
 102292 	   40050 	   36 	   40026 	   33 
 114478 	   24184 	   23 	   23271 	   17 
 112690 	   24043 	   17 	   24603 	   16 
 118302 	   21945 	   22 	   20329 	   21 
 117575 	   23971 	   21 	   22638 	   21 
 117499 	   20301 	   17 	   22814 	   16 
 100937 	   37494 	   26 	   38192 	   26 
  88722 	   52793 	   18 	   53180 	   20 
  91869 	   51542 	   22 	   51187 	   20 
 102469 	   35793 	   17 	   33394 	   18 
  71049 	   76625 	   57 	   41131 	   58 
  99940 	   39864 	   55 	   42599 	   68 
 101831 	   39780 	   26 	   57207 	   28 
  65290 	   78102 	   59 	   78294 	   56 
  88270 	   48353 	   12 	   62991 	   12 
  63249 	   75815 	   18 	   65732 	   16 
  60352 	   80352 	   14 	   93369 	   12 
  87933 	   48945 	   13 	   52078 	   14 
  64293 	   75776 	   20 	   72056 	   17 
  54515 	   86996 	   22 	   86000 	   26 
  60107 	   79549 	   28 	   63639 	   30 
  54259 	   87877 	   29 	  101076 	   31 
  53895 	   84528 	   15 	   77056 	   11 
  41219 	  100829 	   18 	  105563 	   21 
  46769 	   92022 	   11 	   93337 	   13 
  47438 	   93488 	   26 	   93261 	   27 
  91935 	   45264 	   15 	   40453 	   15 
  77804 	   61620 	   16 	   68281 	   15 
  60953 	   81568 	   17 	   69025 	   16 
  74205 	   66238 	   16 	   65308 	   18 
  55850 	   86334 	   16 	   88858 	   18 
  70250 	   74472 	   26 	   69764 	   27 
  74940 	   64691 	   26 	   79814 	   29 
  57650 	   80888 	   17 	   92262 	   17 
  58136 	   85805 	   30 	   96544 	   32 
  58376 	   79827 	   13 	   81283 	    9 
  42214 	   98205 	   22 	   74924 	   23 
  30372 	  115462 	  100 	   82729 	  111 
  59545 	   77717 	   11 	   75650 	   12 
  45455 	   95380 	   16 	   90907 	   17 
  44543 	   96060 	   20 	   87845 	   18 
  62590 	   74746 	   10 	   78952 	   16 
  19333 	  120773 	   12 	   65416 	   13 
  36805 	  107453 	   25 	  154708 	   21 
  13465 	  126792 	   18 	   48581 	   10 
  54232 	   88424 	   17 	  163809 	   19 
  36210 	  104457 	   24 	   97131 	   21 
  44691 	   93483 	   12 	   98071 	   12 
  32436 	  104211 	   13 	   87513 	    8 
  27832 	  114847 	   41 	   98835 	   45 
  67755 	   72356 	   16 	   84754 	   19 
  50829 	   84362 	    7 	   80587 	    6 
  56659 	   82709 	   20 	   82633 	   21 
  44228 	   95782 	   11 	   76675 	    9 
  42873 	   98721 	   28 	   95627 	   25 
  51303 	   83081 	   12 	  102284 	   13 
  41730 	   92982 	   16 	   89475 	   10 
  30261 	  107201 	   21 	  103124 	   22 
  54667 	   83141 	   11 	   82874 	   10 
  35178 	  105138 	   55 	   59102 	   49 
  24371 	  121111 	   21 	   90172 	   26 
  59565 	   82519 	   10 	  128482 	   11 
  29422 	  110392 	   20 	   49017 	   24 
  31160 	  106473 	   11 	  138954 	   13 
  24452 	  110349 	   12 	  129456 	   12 
   7683 	  139254 	   21 	   20253 	   22 
  25308 	  114049 	   15 	   65731 	    9 
 105129 	   42533 	   24 	  186597 	   21 
  23092 	  118947 	   21 	   62725 	   25 
  41477 	  103764 	   13 	  143401 	   12 
  22856 	  116992 	   49 	  114833 	   46 
  32380 	  103058 	   17 	   91488 	   16 
  36350 	   97866 	   16 	   98394 	   11 
  19614 	  116018 	   25 	   58447 	   22 
  27739 	  106256 	   13 	   21567 	   14 
  18431 	  121209 	   30 	   54622 	   29 
  28903 	  109472 	   15 	   77641 	   12 
  10444 	  128025 	   17 	  108213 	   13 
  39930 	   99681 	   29 	  127121 	   22 
  35326 	  105625 	   17 	   89242 	   16 
  47901 	   94629 	   78 	   95647 	   91 
  66384 	   69387 	   13 	   74560 	   11 
  68680 	   65685 	   12 	   63790 	    6 
  46537 	   95649 	   20 	  100356 	   21 
  55179 	   86042 	   12 	   82015 	   14 
  45353 	   93403 	   22 	   88574 	   25 
  64524 	   67961 	    8 	   72097 	   10 
  45008 	   87480 	   13 	   65755 	   10 
  43113 	   93070 	   21 	   81451 	   21 
  48312 	   88603 	   10 	   80922 	   12 
  47341 	   93168 	   45 	  105004 	   40 
  55641 	   82862 	   18 	   78740 	   16 
  63955 	   73276 	   14 	   79061 	   12 
  34771 	  106675 	   18 	  110049 	   22 
  51380 	   91950 	   19 	  131239 	   18 
  62827 	   75684 	   14 	   46154 	   18 
  42485 	  101359 	   25 	  109024 	   27 
  47590 	   91720 	   12 	   79647 	   13 
  53448 	   84905 	   24 	   89817 	   22 
  68670 	   69187 	    9 	   72894 	   13 
  71652 	   71694 	   17 	  102289 	   15 
  14486 	  132425 	   47 	   14479 	   49 
   3484 	  142850 	   14 	    3548 	   14 
  13414 	  128107 	   25 	   45798 	   21 
  29171 	  107494 	   12 	   33853 	   13 
  50748 	   86272 	   28 	   55850 	   25 
  41133 	   97636 	   17 	   62361 	   12 
  47504 	   89722 	   32 	   90635 	   24 
  69710 	   63258 	   13 	   57674 	   14 
  64360 	   74952 	   17 	   66958 	    9 
  62164 	   75270 	   47 	   82355 	   44 
  63741 	   73224 	   10 	   71431 	   14 
  68250 	   70424 	   26 	   78780 	   25 
  77726 	   60716 	   18 	   64082 	   18 
  90892 	   49996 	   13 	   61335 	   13 
  75709 	   65190 	   29 	   52791 	   32 
  77248 	   65182 	   15 	   52658 	   15 
  93971 	   52491 	   32 	   62087 	   28 
 101765 	   36672 	   17 	   38865 	   17 
 109850 	   29706 	   18 	   30431 	   15 
 196926 	   27595 	  107 	  615625 	  116 
 129889 	   24807 	   62 	  132170 	   63 
 115126 	   29825 	   24 	   31484 	   25 
 113545 	   24664 	   12 	   26610 	   13 
 101011 	   40197 	   14 	   36815 	   13 
  99101 	   42951 	   14 	   38892 	   13 
  99600 	   38273 	   10 	   39395 	    9 
 103183 	   39746 	   22 	   42066 	   18 
  96765 	   50051 	   34 	   47184 	   33 
  98087 	   62538 	   57 	  100661 	   59 
  96088 	   43666 	   14 	   37735 	   13 
 102610 	   35066 	   11 	   39085 	    8 
  92887 	   48490 	    8 	   46339 	   13 
  86602 	   55851 	   11 	   53525 	   12 
  97751 	   47616 	   23 	   56944 	   22 
  69381 	   73216 	   23 	   63784 	   18 
  80211 	   63132 	   15 	   28270 	   18 
  77494 	   62729 	   11 	   60481 	    8 
  73489 	   70244 	   11 	   86704 	   12 
  73892 	   66359 	   11 	   58871 	   14 
  63347 	   82405 	   21 	   67349 	   21 
  63725 	   75033 	   12 	   57410 	    9 
  71405 	   71706 	   20 	   68712 	   18 
  79293 	   60873 	   18 	   54726 	   19 
  59126 	   85053 	   12 	   85180 	   12 
  59987 	   85486 	   11 	  113353 	   12 
  82002 	   65742 	   55 	   89883 	   60 
  45063 	  104255 	   12 	   56699 	   13 
  42391 	  101034 	   11 	   78169 	   12 
  73207 	   66998 	   12 	   88908 	   10 
  56007 	   85321 	   27 	   63527 	   20 
  58373 	   85769 	   27 	   49679 	   26 
  83132 	   55913 	   12 	   56066 	   10 
  76947 	   71481 	   36 	   75173 	   38 
  66815 	   73713 	   15 	   73491 	   13 
  57072 	   87526 	   13 	   75000 	   11 
  79245 	   59890 	    9 	   62966 	   13 
  65395 	   82235 	   22 	   87752 	   19 
  69380 	   76677 	   22 	   95101 	   20 
  53425 	   87583 	    9 	   89428 	    9 
  48659 	   96117 	   26 	   60760 	   25 
  60960 	   80590 	   24 	   92656 	   28 
  67379 	   74696 	   20 	   76391 	   19 
  51604 	   90573 	   16 	   86883 	   10 
  39310 	  105806 	   14 	  112997 	   15 
  54631 	   94131 	   36 	  130456 	   41 
  42073 	   97934 	   10 	   96245 	   13 
  86330 	   62932 	   30 	  165079 	   35 
  33724 	  109053 	   19 	   34165 	   17 
  12956 	  131634 	   13 	  100915 	   12 
  26704 	  113405 	    9 	  110625 	   15 
  53241 	   97582 	   22 	  158920 	   23 
   3788 	  141124 	   16 	   46338 	   14 
  18473 	  124453 	   10 	  132590 	    9 
  32383 	  113125 	   15 	  136137 	   17 
  52282 	   91354 	   16 	  112619 	   19 
  39404 	  100471 	    9 	   70124 	   12 
  58815 	   81372 	   14 	  122332 	    8 
  45685 	  103832 	   27 	  258053 	   31 
  80386 	   73509 	  100 	  162612 	  116 
  68226 	   75395 	   26 	   87583 	   30 
  61253 	   80943 	   19 	   57835 	   19 
  62443 	   81754 	   20 	   84134 	   18 
  66569 	   73101 	   21 	   66874 	   18 
  69645 	   68804 	   11 	   73626 	    9 
  44827 	  104269 	   28 	   84839 	   26 
  61951 	   79972 	   13 	   84607 	    9 
  52386 	   93009 	   12 	   87697 	   16 
  56016 	   85856 	   12 	   83251 	   15 
  63679 	   79204 	   15 	   84064 	   14 
  23323 	  120081 	   16 	   84551 	   12 
  50538 	   89685 	   11 	   96282 	   10 
  34123 	  120397 	   48 	  168168 	   49 
  70519 	   65946 	   13 	   41712 	   10 
  69790 	   68384 	   15 	   61983 	   15 
  74117 	   68898 	   24 	   72952 	   22 
  80747 	   58326 	   14 	   63282 	   13 
  83618 	   53799 	   16 	   63416 	   15 
  29587 	  123971 	   29 	   76806 	   27 
  65021 	   74494 	   10 	   81911 	    8 
  50933 	   91607 	   29 	   77422 	   24 
  61354 	   76694 	   11 	   66125 	   10 
  64554 	   73105 	   16 	   84511 	   10 
  71398 	   68359 	   18 	   74475 	   17 
  49789 	  100203 	   46 	   73187 	   42 
   4769 	  145677 	   37 	   56813 	   33 
  37761 	  103914 	   11 	   63024 	   10 
  19679 	  123702 	    9 	   87737 	   10 
  32256 	  108384 	   12 	  130017 	   14 
  14820 	  135237 	   18 	  145240 	   14 
  30873 	  108705 	   12 	   49594 	   11 
  24675 	  117095 	   14 	   99671 	   10 
  25125 	  121544 	   17 	  121983 	   20 
  35555 	  106810 	   11 	  172539 	   16 
  36253 	  109088 	   17 	  149503 	   23 
   9669 	  131340 	   17 	   60299 	   18 
  26901 	  112031 	   10 	   93666 	    9 
  50064 	  102025 	   22 	  283632 	   31 
  11673 	  141394 	   43 	   89055 	   36 
  40653 	   99937 	   10 	   96698 	    7 
  22936 	  118291 	   19 	   79063 	   23 
  33748 	  110348 	   24 	   86450 	   21 
  35598 	  106970 	   22 	   55201 	   17 
  31235 	  110356 	   11 	  102899 	   13 
  70516 	   77031 	   25 	  108748 	   27 
  13865 	  128917 	   16 	   68610 	   18 
  29019 	  108091 	   11 	   82699 	   15 
  64637 	   86346 	   19 	  239294 	   23 
  45836 	   94812 	   17 	   93940 	   18 
  39806 	  101120 	    9 	  132415 	   12 
  16913 	  133390 	   26 	  245004 	   38 
  66247 	   76413 	   11 	  123524 	   11 
  48614 	   91499 	   22 	   96039 	   31 
  68307 	   73781 	   14 	  112850 	   13 
  38437 	  106131 	   17 	  101283 	   19 
  48075 	   95686 	   18 	  122965 	   11 
  60975 	   82746 	   88 	  141665 	  101 
  84945 	   56510 	   22 	   61225 	   21 
  70337 	   70230 	   18 	   70141 	   16 
  91089 	   48923 	   20 	   44451 	   27 
  84774 	   60522 	   19 	   56994 	   16 
  69152 	   76746 	   35 	   65314 	   37 
  55217 	   85836 	   11 	   55596 	   15 
  67440 	   73907 	   30 	   71136 	   27 
  60015 	   82588 	   24 	   76765 	   24 
  79951 	   57037 	   13 	   60349 	   13 
  74379 	   68339 	   21 	   83694 	   22 
  85205 	   53767 	   19 	   64239 	   21 
  97805 	   46291 	   46 	   54120 	   53 
  94107 	   48559 	   19 	   45727 	   20 
  92080 	   54231 	   26 	   53399 	   21 
 114028 	   28727 	   22 	   28936 	   21 
 101462 	   43558 	   26 	   43028 	   22 
  83492 	   66679 	   38 	   43796 	   33 
  79093 	   61058 	   13 	   55019 	   12 
  64196 	   82990 	   22 	   57233 	   21 
  54944 	   94921 	   24 	   69665 	   21 
  93167 	   50286 	   23 	   74487 	   24 
  80557 	   59748 	   12 	   56512 	   14 
 100541 	   46895 	   21 	   81347 	   20 
  48784 	   96447 	   66 	   66332 	   59 
  32199 	  112830 	   24 	   64030 	   27 
  46461 	   93929 	   12 	   71846 	    7 
  24867 	  120128 	   30 	   49016 	   22 
  46392 	   92453 	   11 	   73449 	   17 
  79838 	   71796 	   25 	  146940 	   25 
  36780 	  107175 	   14 	   29350 	   13 
  70723 	   71199 	    9 	  109120 	   15 
  60450 	   85045 	   17 	  105034 	   18 
  58115 	   82663 	   10 	  133338 	   12 
  47902 	   96257 	   17 	  125469 	   22 
  67396 	   82282 	   55 	  118539 	   50 
  58894 	   81267 	   12 	   52527 	   12 
  51957 	   99261 	   25 	   69339 	   27 
  61556 	   82977 	   18 	   50493 	   15 
  81328 	   61985 	   17 	   81761 	   12 
  67152 	   82715 	   32 	   54141 	   32 
  68108 	   74350 	   15 	   60792 	   16 
 111130 	   37733 	   26 	   81085 	   22 
  83304 	   63916 	   23 	   33919 	   22 
  97524 	   47206 	   17 	   57550 	   14 
 106546 	   44118 	   27 	   50486 	   27 
  56648 	   86507 	   11 	   82345 	   10 
  96806 	   51783 	   23 	  129228 	   23 
  44822 	  102883 	   39 	   73596 	   37 
  53207 	   89695 	   14 	  121478 	   17 
  47928 	   97894 	   17 	  118523 	   18 
  47382 	   94864 	   15 	   88768 	   13 
  61571 	   82295 	   16 	  138649 	   20 
  52875 	   93200 	   34 	   71175 	   40 
  69422 	   76201 	   18 	  100650 	   17 
  62767 	   85014 	   19 	   96463 	   20 
  77059 	   65621 	   15 	   88339 	   15 
  80241 	   78247 	  135 	  165843 	  156 
  95556 	   45280 	   19 	   45219 	   25 
  96192 	   50449 	   45 	  103160 	   52 
  94752 	   44878 	   12 	   60277 	   15 
 100744 	   45348 	   37 	  102389 	   46 
 101889 	   45774 	   19 	   95893 	   20 
  85371 	   54575 	   15 	   31573 	   14 
  67908 	   74655 	   19 	   78644 	   20 
  74145 	   69966 	   18 	   91163 	   18 
  93795 	   47970 	   13 	   41252 	   14 
  76534 	   70172 	   28 	   50001 	   29 
  91242 	   51078 	   13 	   57810 	   11 
  87147 	   53104 	   13 	   31734 	   11 
  32575 	  120049 	   23 	   45152 	   27 
  78355 	   63171 	   13 	   44844 	   12 
  77317 	   67290 	   26 	   63300 	   23 
  81408 	   62215 	   15 	   56003 	   14 
  54728 	   90801 	   17 	   42893 	   18 
  55007 	   94977 	   41 	  115838 	   47 
  57636 	   81040 	   12 	  101048 	   14 
  61754 	   84363 	   13 	  121619 	   13 
  82895 	   60632 	    9 	   59006 	   12 
  54067 	   96052 	   23 	   83496 	   22 
  57711 	   85789 	   13 	   91106 	   13 
  68010 	   70674 	   15 	   79858 	    9 
  53005 	   87682 	   16 	   90182 	   17 
  54784 	   89915 	   12 	  114864 	    8 
  96151 	   45007 	   12 	   69256 	   12 
  35105 	  112413 	   18 	   79628 	   14 
  68351 	   74225 	   19 	  117105 	   19 
  74673 	   64841 	   13 	   74763 	    8 
  46674 	   96610 	   28 	   30113 	   27 
  57531 	   81992 	   10 	   88786 	    9 
  34577 	  125725 	   45 	  157876 	   57 
  49926 	   92437 	   11 	   93757 	   13 
  67189 	   74523 	   11 	  104166 	   11 
  59313 	   80232 	    9 	   54399 	   13 
  50212 	   90773 	   17 	   89583 	   15 
  64449 	   78084 	   19 	  107011 	   18 
  85283 	   68500 	   52 	  146716 	   61 
 102571 	   36518 	   10 	   28816 	   10 
  82086 	   61195 	   17 	   41947 	   17 
  95582 	   56086 	   22 	   75755 	   26 
  92329 	   50312 	   10 	   46317 	   11 
  66134 	   79494 	   12 	   38102 	   11 
  70834 	   74250 	   22 	   71270 	   21 
 101451 	   38383 	   14 	   27563 	   11 
  99674 	   38413 	   16 	   33623 	   18 
  78952 	   65033 	   23 	   62192 	   25 
  93937 	   48778 	   15 	   75355 	   16 
  77637 	   63791 	   21 	   45747 	   21 
  68791 	   86992 	   35 	  131240 	   40 
  92180 	   46316 	    9 	   39768 	   10 
  77581 	   70343 	   26 	  120827 	   29 
  59007 	   82089 	   11 	   61246 	   12 
  86059 	   50532 	   13 	   45828 	   11 
  78305 	   66260 	   19 	  103397 	   21 
  89115 	   54458 	   47 	   79063 	   44 
 106517 	   27429 	   12 	   25942 	   14 
 104430 	   32091 	   18 	   26685 	   19 
  94662 	   44754 	   23 	   45816 	   26 
  94149 	   47897 	   17 	   57428 	   16 
  95075 	   40623 	   13 	   22950 	   13 
 105420 	   33752 	   31 	   26786 	   31 
 113291 	   28041 	   18 	   27297 	   19 
 115388 	   24398 	   24 	   24624 	   28 
  99214 	   36159 	   11 	   32845 	   11 
 127600 	   15716 	   20 	   46548 	   19 
  82650 	   63475 	   32 	   23844 	   37 
  97412 	   45045 	   20 	   73216 	   20 
  59268 	   83598 	   14 	   46318 	   18 
  72278 	   70521 	   16 	   85697 	   18 
  92034 	   48057 	   13 	   85676 	   10 
  76807 	   58416 	   10 	   53218 	    7 
  83446 	   55674 	   24 	   70343 	   23 
  76494 	   64940 	   14 	   60955 	   12 
  79208 	   59207 	   13 	   53028 	   13 
  74251 	   65729 	   17 	   69906 	   16 
  87416 	   64495 	   69 	  105346 	   59 
  58221 	   85939 	   24 	   55271 	   26 
  80681 	   57566 	   11 	   72229 	   14 
  74446 	   66568 	   13 	   76630 	   10 
  39016 	  104147 	   21 	   63634 	   14 
  20495 	  128774 	   33 	   48323 	   36 
  47372 	   92096 	   15 	   59843 	   14 
  41333 	  101231 	   84 	   32605 	   88 
  47224 	   99752 	   38 	   10685 	   42 
  46564 	   95298 	   16 	   43179 	   18 
  62167 	   84310 	   71 	  109408 	   72 
  43400 	   99068 	   13 	  126848 	   15 
  38080 	  106306 	   13 	  102586 	   14 
  50078 	   88829 	   13 	   89790 	   11 
  53414 	   90987 	   22 	  152830 	   23 
  48260 	   92248 	   11 	  117015 	   12 
  44086 	  100643 	   19 	  120411 	   15 
  26497 	  116257 	   15 	   28635 	   17 
  69464 	   74617 	   17 	  159986 	   21 
  46909 	   89624 	   11 	   94920 	    9 
  28604 	  112588 	   19 	   59049 	   18 
  64526 	   78711 	   26 	  122252 	   26 
  55631 	   82208 	    9 	   53808 	    9 
  37614 	  104784 	   10 	   92550 	    9 
  52158 	   87324 	   10 	   95962 	   10 
   2400 	  144232 	   28 	   30327 	   24 
  44113 	   94235 	   13 	   82651 	   11 
  23894 	  117820 	   16 	   39792 	    9 
  43590 	  109024 	   37 	  179323 	   41 
  41393 	  106613 	   20 	  228242 	   23 
  28265 	  111838 	   12 	   98183 	    7 
  44453 	   95552 	   14 	   97564 	   13 
  25755 	  110741 	   14 	  112373 	    9 
  46033 	   95210 	   21 	  116375 	   25 
  57941 	   84022 	   11 	  138960 	   13 
  43863 	   92974 	   11 	   84220 	    6 
  18851 	  125496 	   22 	   66463 	   24 
  40033 	   96812 	   10 	  128852 	   13 
  39108 	  100927 	   11 	  107422 	    9 
  51288 	   93551 	   17 	  151828 	   16 
  71499 	   68790 	   14 	  105255 	   11 
  46301 	   98849 	   19 	   86243 	   14 
  41231 	   97614 	   15 	   43899 	   14 
  29749 	  116499 	   15 	  102061 	   15 
  70408 	   72333 	   18 	  145670 	   13 
  26671 	  115012 	   33 	   62799 	   33 
  23683 	  117832 	   36 	   26694 	   35 
  10533 	  136405 	   15 	   40998 	   12 
  43117 	   94573 	   10 	   93419 	    7 
  34159 	  110135 	   34 	  132196 	   42 
  58570 	   82315 	   14 	  148457 	   15 
  27052 	  108670 	   11 	  103526 	   14 
  19958 	  118838 	   13 	   81136 	   12 
  29847 	  112201 	   19 	  182246 	   23 
  73103 	   68377 	   13 	  123992 	   14 
  33895 	  106977 	   12 	  139006 	   11 
  26080 	  112412 	   12 	   73375 	   11 
  79765 	   69532 	   34 	  161946 	   43 
  72904 	   69375 	   17 	   43839 	   18 
 102462 	   34425 	   13 	   39528 	   14 
  60472 	   86649 	   21 	   71081 	   20 
  76133 	   65764 	   16 	   74292 	   14 
  95646 	   42989 	   15 	   43513 	   12 
  68939 	   76112 	   32 	   57274 	   34 
  88788 	   49626 	   18 	   44697 	   16 
 104368 	   30389 	   12 	   28426 	   13 
  95098 	   45041 	   23 	   50771 	   24 
  79519 	   62012 	   18 	   46964 	   16 
 101498 	   33978 	   16 	   35307 	   14 
  82565 	   64600 	   33 	  103704 	   32 
 111464 	   31287 	   31 	   79979 	   37 
  90799 	   46433 	   13 	   40306 	   13 
  73251 	   71707 	   21 	   73569 	   19 
  93074 	   44429 	   15 	   31598 	   15 
  92032 	   50513 	   24 	   81133 	   20 
  79900 	   65426 	   58 	   66487 	   55 
  65059 	   75317 	   21 	   42232 	   19 
  56763 	   87057 	   19 	   73313 	   17 
  62905 	   78946 	   16 	   69691 	   15 
  47608 	   94433 	   13 	   54015 	   10 
  58868 	   83633 	   43 	   68249 	   45 
  75052 	   62268 	   11 	   28049 	   14 
  65117 	   80508 	   54 	   46055 	   56 
 108593 	   25082 	   12 	   23027 	   13 
 106953 	   29446 	   20 	   27250 	   21 
  98354 	   41346 	   26 	   40665 	   21 
  96941 	   40883 	   19 	   38434 	   20 
 107354 	   27504 	   13 	   26126 	   13 
 109847 	   29418 	   32 	   27530 	   31 
 116222 	   25069 	   22 	   24001 	   21 
 120145 	   19050 	   21 	   19292 	   23 
 111962 	   23444 	   11 	   23089 	   11 
 111305 	   30122 	   17 	   27275 	   16 
 112073 	   29735 	   33 	   34434 	   34 
  94847 	   41228 	   21 	   36597 	   20 
  90717 	   50471 	   22 	   47342 	   20 
  87544 	   52363 	   22 	   51851 	   19 
 105387 	   31673 	   17 	   49917 	   13 
 101470 	   33802 	   11 	   37128 	   10 
 103207 	   37010 	   23 	   40389 	   26 
  99489 	   41178 	   20 	   40504 	   21 
 104543 	   33439 	   13 	   36290 	   13 
  94807 	   45415 	   14 	   40544 	   18 
  72115 	   80330 	   64 	   44188 	   74 
 100882 	   42725 	   41 	   48937 	   41 
 104323 	   37526 	   20 	   51974 	   21 
  78659 	   67532 	   57 	   84952 	   63 
  84354 	   58825 	   17 	  123043 	   17 
  72614 	   67484 	   16 	   60687 	   16 
  85922 	   52740 	   19 	   72677 	   23 
  31196 	  111421 	   21 	   58045 	   24 
  75108 	   67639 	   25 	  113735 	   24 
  61966 	   76250 	   13 	   54164 	    9 
  37349 	  105204 	   11 	   73613 	    6 
  70522 	   68668 	   12 	   62382 	   15 
  20082 	  125769 	   22 	   74765 	   18 
  84295 	   54949 	   15 	   75394 	   16 
  49251 	   93502 	   13 	   71305 	   12 
  88661 	   47871 	   10 	   57136 	   12 
  56444 	   90146 	   20 	  101617 	   20 
  78753 	   59840 	   16 	   66124 	   18 
  59881 	   86968 	   26 	   88235 	   24 
  57376 	   80149 	    9 	   61004 	   10 
  40317 	  106099 	   31 	   96494 	   37 
  63925 	   75352 	   17 	  122946 	   16 
  65186 	   78023 	   28 	  107313 	   30 
  68087 	   73903 	   13 	  103878 	   10 
  65255 	   73123 	   15 	   67864 	   11 
  69208 	   67688 	   14 	   83793 	   11 
  73396 	   67314 	   50 	   67261 	   59 
  67408 	   72951 	   14 	   71142 	   16 
  90451 	   46650 	   12 	   52693 	   11 
  58054 	   85545 	   22 	   81677 	   21 
  82298 	   56031 	   18 	   72139 	   13 
  77010 	   59642 	    9 	   58957 	   11 
  59505 	   83964 	   30 	   68353 	   31 
  63531 	   78799 	   22 	   78739 	   23 
  87800 	   51086 	   16 	   48819 	   15 
  77062 	   66588 	   18 	   59621 	   15 
  79937 	   60846 	   18 	   74008 	   18 
  58302 	   84314 	   17 	   89060 	   19 
  79981 	   59734 	   18 	   39345 	   19 
  68958 	   75250 	   30 	   74907 	   28 
  79896 	   64173 	   15 	   93852 	   18 
  83567 	   56103 	   14 	   66467 	   14 
  65307 	   72551 	   33 	   81878 	   32 
  73582 	   62235 	   15 	   65792 	   12 
  56532 	   84678 	   13 	   87995 	   11 
  63234 	   76344 	   16 	   78843 	   13 
  45574 	   98573 	   32 	   93310 	   35 
  69177 	   70675 	   12 	   78625 	   12 
  52533 	   91342 	   17 	   71454 	   16 
  67660 	   72355 	   10 	   55521 	   13 
  48755 	   96966 	  108 	   65686 	  126 
  40805 	   99911 	   13 	   86610 	   16 
  41307 	   96432 	   11 	  101154 	   11 
  33021 	  110655 	   11 	   78062 	   15 
  59012 	   81020 	   12 	   92398 	   14 
  58125 	   79370 	   20 	  100091 	   21 
  24562 	  115631 	   17 	   92104 	   16 
  18141 	  128669 	   27 	   74483 	   21 
  58890 	   80265 	   11 	  148257 	    9 
  40074 	   97644 	   11 	   93508 	   14 
  26895 	  111929 	   11 	   86153 	   13 
  41244 	   98691 	   19 	  123156 	   18 
  23437 	  117793 	   19 	   55982 	   22 
  30381 	  118125 	   18 	  122372 	   20 
  49086 	   86193 	    9 	   89246 	    4 
  55651 	   86046 	   14 	  124140 	   12 
  61553 	   74874 	   10 	   68466 	    7 
  33542 	  109225 	   27 	   80348 	   25 
  52829 	   88380 	   14 	  104784 	   13 
  39682 	   98433 	   13 	   99268 	   12 
  57800 	   75868 	    5 	   84043 	    6 
  48948 	   85140 	   13 	   78694 	   12 
   1464 	  146560 	   53 	   57324 	   56 
  40867 	   96887 	    8 	  139559 	   11 
  32333 	  105197 	   11 	  125140 	   10 
  27606 	  107263 	   11 	  101083 	   13 
  27218 	  114046 	   11 	  100807 	   13 
  26600 	  116622 	   18 	   71489 	   15 
  43299 	   98459 	   18 	   38627 	   12 
  20228 	  126943 	   23 	   84725 	   23 
  84140 	   57049 	   13 	  131573 	   13 
  25456 	  112487 	   13 	  137354 	   13 
  14974 	  122575 	   14 	  103684 	    7 
  30373 	  109016 	   33 	  150065 	   28 
  40968 	   97579 	   14 	   90864 	   15 
  44876 	   93304 	   14 	   75274 	   13 
  18003 	  117029 	   13 	   21247 	   13 
  14640 	  123975 	   33 	   26201 	   27 
  26070 	  109002 	   10 	   98127 	    9 
  17401 	  124924 	   16 	   47998 	   12 
  40276 	  106435 	   18 	  161227 	   16 
  34246 	  112631 	   18 	   76244 	   16 
  49224 	   86964 	   12 	  102001 	   10 
  33171 	  114766 	   57 	  114651 	   61 
  65135 	   72839 	   12 	   80579 	   11 
  62424 	   73024 	   11 	   77946 	    8 
  61481 	   74246 	    9 	   77298 	    9 
  65368 	   72766 	   12 	   74824 	   13 
  41101 	   99514 	   25 	   93207 	   28 
  50284 	   86767 	   14 	   77948 	   14 
  27810 	  108583 	   15 	   85678 	   12 
  62802 	   71898 	   12 	   78481 	   16 
  68637 	   64322 	   11 	   64403 	   11 
  77227 	   72145 	   24 	  134250 	   27 
  63523 	   76392 	    7 	   67927 	   11 
  60706 	   87207 	   16 	   95869 	   16 
  73138 	   66087 	   13 	   78670 	   11 
  45140 	  102210 	   16 	   76959 	   14 
  40419 	  109516 	   29 	   84424 	   29 
  71008 	   66401 	   16 	   54082 	   14 
  71096 	   66583 	   11 	   78244 	    9 
  77376 	   66963 	   12 	   94307 	   15 
  57724 	   90841 	   14 	   98988 	   17 
  61225 	   80733 	   54 	   16639 	   62 
   2286 	  146570 	   14 	    5460 	   15 
   3485 	  139488 	   19 	   18531 	   15 
  24857 	  115362 	   14 	   50304 	   15 
  36269 	  100533 	   35 	   50355 	   29 
  51711 	   80284 	   10 	   46954 	   10 
  47265 	   89831 	   20 	   83749 	   11 
  47113 	   91957 	   18 	   74893 	   15 
  62946 	   82788 	   17 	   71117 	   12 
  68802 	   71266 	   34 	   82565 	   38 
  78496 	   56415 	   18 	   57208 	   18 
  84048 	   52817 	   10 	   50207 	   10 
  78483 	   62627 	   15 	   90204 	   19 
  73497 	   71676 	   16 	   81763 	   17 
  63769 	   84001 	   39 	   51041 	   38 
  76429 	   66623 	   18 	   57722 	   15 
  90464 	   51382 	   17 	   47900 	   14 
 105335 	   45296 	   18 	   76562 	   19 
  93497 	   57511 	   16 	   36911 	   16 
 139469 	   41986 	   96 	  389561 	  117 
 182465 	   22563 	   56 	  384094 	   61 
 117602 	   21573 	   23 	   18504 	   25 
 113037 	   26802 	   18 	   29249 	   17 
 101624 	   41309 	   19 	   40324 	   17 
 102472 	   35575 	   14 	   33252 	   15 
  96380 	   44628 	   11 	   44512 	    8 
  99743 	   43234 	   19 	   50903 	   18 
  86311 	   61741 	   39 	   52988 	   38 
 111283 	   38082 	   59 	   71360 	   62 
  89398 	   57312 	   26 	   60008 	   26 
  88378 	   50804 	   14 	   49419 	   14 
  78833 	   65625 	   18 	   70044 	   20 
  88187 	   52031 	    9 	   54112 	   11 
  92122 	   47842 	   16 	   47081 	   14 
  92689 	   48449 	   20 	   47692 	   17 
  63389 	   83031 	   50 	   53550 	   55 
  79246 	   61749 	   16 	   40411 	   13 
  70779 	   72622 	   20 	   76580 	   18 
  57552 	   82391 	   10 	   80107 	   13 
  91282 	   52851 	   13 	   84902 	   17 
  57587 	   87085 	   19 	   37285 	   19 
  45363 	   98762 	   18 	   92300 	   18 
  71286 	   70222 	   18 	   64191 	   22 
  65772 	   78240 	   13 	   81626 	   14 
  87907 	   53187 	   20 	   69917 	   18 
  69221 	   68826 	    9 	   75891 	   12 
  67257 	   83045 	   44 	  103964 	   34 
  35268 	  110307 	   27 	   56089 	   20 
  46598 	   98763 	   11 	   76297 	   10 
  59061 	   85472 	   21 	   97421 	   15 
  21524 	  123372 	   27 	   98788 	   29 
  66662 	   73107 	   12 	   65622 	   12 
  81913 	   61243 	   29 	   54128 	   23 
  73763 	   76310 	   30 	   86887 	   33 
  70138 	   69910 	   13 	   64579 	    8 
  81403 	   59337 	   18 	   78862 	   16 
  63663 	   81437 	   15 	   87140 	   13 
  58227 	   84829 	   10 	   78933 	   12 
  44858 	   98987 	   20 	   91771 	   16 
  35437 	  106753 	   23 	   97337 	   23 
  46863 	   99460 	   43 	   77618 	   43 
  68831 	   73676 	   13 	   88554 	   13 
  57954 	   81840 	   13 	   67990 	   12 
  35660 	  112468 	   20 	  138885 	   21 
  57078 	   87563 	   44 	  122056 	   49 
  45334 	   94242 	    9 	   94268 	   13 
  40360 	  103592 	   13 	  116422 	   15 
  40978 	  110950 	   29 	  146621 	   36 
  48456 	   90625 	   14 	   64712 	   10 
  40357 	  104427 	   24 	   72690 	   20 
  40877 	  101915 	   10 	  141817 	   15 
  34164 	  111898 	   17 	  109500 	   18 
  24275 	  118303 	   13 	   30733 	   13 
  41636 	  101934 	   17 	  144242 	   14 
  59993 	   79366 	   11 	   99526 	   11 
  43249 	   99357 	   14 	  106679 	   18 
  15675 	  129061 	   12 	   99078 	   12 
  42215 	  105741 	   18 	  192662 	   18 
  82103 	   79709 	  100 	  274926 	  120 
  33386 	  110205 	   26 	  113571 	   23 
  60155 	   80174 	   12 	   99378 	    8 
  70120 	   71461 	   20 	   79046 	   17 
  23696 	  125510 	   18 	   90356 	   22 
  44436 	   98810 	   18 	   95548 	   17 
  50117 	   93940 	   34 	  100668 	   35 
  54142 	   87082 	   15 	   98744 	   12 
  47012 	   94226 	   20 	   79593 	   18 
  48783 	   94022 	   19 	   98106 	   18 
  69167 	   70123 	   12 	   72186 	   12 
  77318 	   66305 	   19 	   78575 	   19 
  28999 	  123422 	   31 	   87040 	   26 
  58546 	   83007 	   12 	   93885 	    9 
  62028 	   84134 	   14 	   74248 	   11 
  40018 	  104280 	   15 	   92423 	   14 
  49639 	   93677 	   10 	   61057 	   13 
  30671 	  116372 	   16 	  130465 	   15 
  38636 	  102812 	    8 	   82119 	   10 
  23304 	  130614 	   28 	  156254 	   26 
  58557 	   86056 	   26 	   63308 	   24 
  59909 	   81185 	   16 	   85477 	   17 
  48500 	   91285 	    9 	   69861 	    9 
  40525 	  102506 	   15 	  111954 	   14 
  59235 	   83349 	   12 	   86258 	   15 
  72697 	   65496 	   14 	   74230 	    9 
  67156 	   77784 	   72 	   93312 	   86 
  60551 	   79429 	   18 	   80197 	   22 
  76932 	   68991 	   23 	   68938 	   19 
  62790 	   76460 	   13 	   73251 	   12 
  78890 	   66384 	   18 	   62126 	   16 
  73588 	   77416 	   36 	   73120 	   49 
 104333 	   34816 	   20 	   35278 	   23 
 112886 	   29225 	   22 	   26094 	   16 
 105176 	   44434 	   27 	   47667 	   26 
  87059 	   60668 	   18 	   58844 	   16 
 102954 	   36878 	   16 	   34054 	   14 
  42803 	  106806 	   45 	   73166 	   46 
  50596 	   93296 	   18 	   90757 	   16 
  62930 	   76427 	   15 	   51282 	   11 
  76773 	   64579 	   23 	   80087 	   21 
  60260 	   84062 	   16 	   78961 	   16 
  74221 	   65677 	   12 	   67111 	    8 
  40129 	  120647 	   40 	  114875 	   35 
  73913 	   69503 	   23 	   53664 	   17 
  78489 	   65475 	   24 	   58299 	   23 
  88445 	   53596 	   16 	   42508 	   13 
  89393 	   53775 	   21 	   70143 	   22 
  84880 	   55631 	   11 	   65059 	   14 
 104634 	   36292 	   16 	   53138 	   13 
  21524 	  134765 	   58 	   59970 	   56 
  24306 	  118362 	   16 	   41577 	   14 
  35144 	  107851 	   18 	  109667 	   10 
  23387 	  122115 	   14 	   49160 	   13 
  41968 	  100469 	   13 	  155054 	   14 
  28630 	  115272 	   16 	  107888 	   13 
  25829 	  118494 	   13 	   78373 	   13 
  36928 	  113419 	   40 	  123302 	   33 
  14618 	  127142 	   10 	   46403 	   11 
  52128 	   95914 	   17 	  121310 	   13 
  35312 	  107503 	   12 	   55851 	    9 
  21247 	  122642 	   12 	   70676 	   16 
  35439 	  107494 	   10 	  158742 	   16 
  36754 	  108966 	   15 	  149899 	   17 
   9576 	  131751 	   12 	   57190 	   17 
  16206 	  122836 	   11 	   38119 	    7 
  51948 	  103238 	   20 	  344216 	   29 
  22320 	  131613 	   25 	   96270 	   28 
  28657 	  112551 	   24 	   82493 	   21 
  28506 	  110279 	   18 	   44879 	   12 
  35042 	  101745 	    8 	  104091 	   14 
  37653 	  101839 	   14 	  145010 	   20 
  70671 	   77866 	   18 	  178727 	   25 
  69577 	   73519 	   11 	  182490 	   15 
  26471 	  112341 	    9 	   48128 	   10 
  36556 	  119347 	   23 	  294942 	   33 
  60391 	   77826 	    9 	   85439 	   11 
  28121 	  117798 	   17 	  132482 	   27 
  39521 	  101600 	    7 	   77624 	    8 
  19670 	  131557 	   17 	  119131 	   15 
  38423 	  107032 	   15 	  136829 	    9 
  28166 	  126789 	   53 	  232418 	   53 
  40809 	   99508 	    9 	   50861 	    9 
  44481 	   98526 	   18 	   74224 	   11 
  48141 	  108335 	   47 	   48879 	   45 
  67124 	   76658 	   10 	   57818 	   11 
  60488 	   88076 	   17 	   62350 	   14 
  64007 	   82186 	   14 	   55859 	    6 
  76921 	   77479 	   38 	   85124 	   29 
  32635 	  108214 	   23 	   48654 	   17 
  40236 	  102164 	   17 	   28800 	   19 
  50048 	   93124 	   12 	  123179 	   21 
  66609 	   77895 	   13 	  117795 	   21 
  84280 	   61220 	   10 	  135132 	   18 
  32199 	  110722 	   18 	   68256 	   20 
  54430 	   98781 	   11 	  196424 	   20 
  50396 	   91337 	    8 	   54132 	   10 
  47030 	  114797 	   30 	  166230 	   33 
  82843 	   64348 	   23 	   58984 	   24 
  89472 	   58007 	   22 	   23755 	   21 
 107826 	   31291 	   13 	   46840 	   11 
  82794 	   58009 	   18 	   53895 	   20 
 116431 	   30058 	   18 	   94614 	   22 
  73853 	   76555 	   28 	   49309 	   29 
  79473 	   72508 	   16 	  135444 	   18 
  74613 	   81603 	   36 	   86168 	   36 
  50417 	   90795 	    9 	   95177 	   12 
  39809 	  107385 	   17 	   97270 	   17 
  65111 	   77323 	   16 	   90312 	   13 
  55899 	   88566 	   14 	  150919 	   21 
  55624 	   92871 	   22 	  105614 	   27 
  65882 	   75590 	   11 	   56877 	   10 
  64461 	   86009 	   19 	  106520 	   21 
  77476 	   66595 	   12 	   73498 	   10 
 101908 	   55742 	  126 	  144587 	  141 
 121597 	   15665 	   18 	   17040 	   23 
 111970 	   28537 	   20 	   30770 	   16 
 110108 	   31056 	   18 	   31907 	   17 
 113071 	   24676 	   15 	   26615 	   15 
 101891 	   40248 	   17 	   41969 	   13 
  93428 	   49802 	   26 	   28736 	   24 
  93372 	   52472 	   41 	   18569 	   39 
  99789 	   39258 	   19 	   17022 	   18 
 119594 	   32597 	   58 	   77552 	   73 
  80233 	   59809 	   15 	   52505 	   15 
  85725 	   57415 	   18 	   80302 	   17 
  89354 	   49998 	   10 	   48506 	   10 
  77327 	   66318 	   17 	   69597 	   14 
  76822 	   65124 	   17 	   81231 	   17 
  83749 	   64193 	   44 	  103090 	   45 
  99456 	   43074 	   18 	   60234 	   18 
  90505 	   50202 	   19 	   56129 	   14 
  95352 	   43030 	   16 	   45611 	   15 
  87445 	   55766 	   19 	   58795 	   16 
  81687 	   57822 	   17 	   58839 	   16 
  77626 	   67211 	   34 	   77557 	   34 
  75627 	   64268 	   14 	   48297 	   13 
  78518 	   65193 	   18 	   82785 	   21 
  64082 	   75251 	   10 	   35719 	   13 
  51968 	   93627 	   20 	   51108 	   20 
  52587 	  100627 	   31 	  121621 	   25 
  70968 	   77783 	   23 	  163258 	   24 
  45640 	   99619 	   22 	  113820 	   18 
  28733 	  113621 	   15 	   67021 	   11 
  72164 	   72225 	   38 	  112699 	   40 
  64529 	   73405 	   12 	   61758 	    8 
  66101 	   75843 	   24 	   48262 	   25 
  57072 	   93052 	   28 	   87142 	   26 
  53604 	   85413 	   12 	   53341 	    7 
  62560 	   77919 	   18 	  104050 	   15 
  58352 	   87501 	   18 	  149630 	   17 
  45958 	   97834 	   18 	  117601 	   16 
  32712 	  108972 	   11 	   88897 	   14 
  34069 	  104250 	   12 	   64615 	   15 
  36935 	  111032 	   47 	   14372 	   47 
  51678 	   88746 	   17 	   59831 	   12 
  62857 	   77760 	   13 	  138482 	   12 
   8823 	  139109 	   26 	   31378 	   25 
  30075 	  113700 	   56 	   29850 	   51 
  94618 	   43719 	   16 	   50374 	   15 
  70649 	   72368 	   19 	   34482 	   16 
  70293 	   80898 	   31 	  115794 	   33 
  60048 	   80528 	   11 	   95583 	   10 
  45495 	   99462 	   19 	  112185 	   18 
  48580 	   94182 	   15 	   95652 	   13 
  67429 	   75534 	   15 	   70048 	   13 
  66312 	   73588 	   11 	   51517 	   11 
  40929 	   99765 	   10 	   67327 	   13 
  50968 	   92113 	   26 	   34749 	   27 
  55844 	   89442 	   16 	  155661 	    8 
  20460 	  122619 	   15 	   34214 	   16 
  28846 	  117109 	   21 	   41721 	   20 
  35872 	  120541 	  126 	   90190 	  140 
  79291 	   66399 	   34 	  185554 	   37 
  40653 	   99089 	   12 	   82149 	    8 
  48298 	   95626 	   15 	  144209 	   11 
  15899 	  131756 	   22 	   49273 	   21 
  45417 	   97227 	   13 	   91891 	   14 
  22424 	  120676 	   11 	   67056 	   12 
  55241 	   95798 	   30 	  154615 	   24 
  35955 	  106266 	   16 	   57792 	   14 
  52934 	   88207 	   23 	   77007 	   19 
  37671 	  101704 	   11 	  123717 	   11 
  61480 	   80444 	   15 	  106971 	   15 
  21242 	  134843 	   31 	  170780 	   36 
  14669 	  125802 	   11 	   58874 	    8 
  44994 	  101279 	   15 	  161309 	   11 
  18282 	  126391 	   16 	  132718 	   13 
  37397 	  106684 	    9 	  113466 	    9 
  47196 	   95260 	   12 	  152614 	   15 
  23170 	  121478 	   15 	   56052 	   15 
  44029 	  113169 	   30 	  258998 	   29 
  43028 	   95722 	   16 	  103890 	   14 
  14870 	  129687 	   14 	   90292 	   11 
  43577 	  100367 	    5 	  118518 	    9 
  12988 	  134054 	   27 	   24160 	   24 
  35036 	  107743 	   13 	   70624 	    6 
  17993 	  124016 	   10 	   73160 	   10 
  43306 	  104935 	   65 	   55099 	   64 
  64670 	   78013 	   21 	   72507 	   13 
  83146 	   57412 	   14 	   55562 	   14 
 111845 	   36648 	   21 	  147864 	   20 
  51376 	   87733 	   15 	   63208 	   15 
  61417 	   94294 	   33 	   54266 	   37 
  96457 	   44659 	   20 	   51271 	   20 
  92372 	   47611 	   16 	   28915 	   14 
  98452 	   52959 	   23 	   63829 	   27 
  71418 	   72910 	   18 	   79663 	   19 
  99445 	   46816 	   14 	   71266 	   17 
  58338 	   99361 	   42 	  157466 	   48 
  43578 	   98015 	   13 	  127623 	   12 
  40190 	  102420 	    7 	  135377 	   12 
 110388 	   41682 	   26 	  129130 	   26 
  80445 	   67930 	   21 	  135068 	   27 
  68172 	   79055 	   12 	  140590 	   17 
  29702 	  115928 	    8 	   43608 	   14 
  32027 	  117305 	   21 	   95519 	   19 
  43348 	  100148 	   12 	   74516 	    6 
  31637 	  108441 	   12 	   72117 	   10 
  16059 	  135716 	   26 	   67995 	   23 
  30455 	  110715 	   10 	   56942 	   10 
  59305 	   82996 	    9 	   38941 	   16 
  85725 	   69012 	   53 	  133220 	   57 
  69682 	   81950 	   31 	  231326 	   36 
  37906 	  106302 	   11 	  153703 	   13 
  39157 	  109360 	   13 	  137951 	   11 
  22669 	  122299 	   12 	   46741 	    5 
  61179 	   84180 	   13 	  176267 	   12 
   6404 	  138139 	   13 	   24215 	   14 
  26625 	  125874 	   26 	  203924 	   23 
  50558 	  100027 	   15 	  237584 	   15 
   9879 	  131233 	   11 	   68156 	    9 
  39821 	  106593 	    4 	  141345 	    9 
  33630 	  116311 	   17 	   76179 	   14 
  32385 	  109844 	   14 	   66824 	    8 
  73194 	   68399 	   15 	  114504 	   10 
  21284 	  121073 	   15 	   41332 	   14 
  74216 	   68727 	    9 	  102593 	   15 
  23665 	  131076 	   25 	   63486 	   23 
  75297 	   71498 	   21 	  209073 	   22 
  34700 	  110833 	   15 	  110197 	   16 
  39626 	   99984 	   12 	   65120 	   15 
  51565 	   92559 	   13 	   50252 	   12 
  56325 	   84876 	   13 	   73207 	    9 
   4756 	  155030 	   35 	   29946 	   33 
  25437 	  112854 	   12 	   29935 	    6 
  61040 	   86476 	   12 	   91842 	   11 
  27339 	  134698 	   59 	  226291 	   63 
  23173 	  115589 	   10 	   54238 	    7 
  73612 	   76011 	   11 	  152605 	   12 
  93586 	   65885 	   33 	  184293 	   37 
  69853 	   74080 	   11 	  139137 	   12 
  51970 	   87002 	   10 	   32311 	    8 
  73206 	   71765 	    9 	   88535 	   15 
  61729 	   96527 	   38 	  104322 	   44 
  81869 	   61884 	   17 	  133497 	   14 
  62354 	   83033 	   18 	   95326 	   16 
  50440 	  100453 	   18 	   64113 	   14 
  70449 	   73061 	   19 	   47944 	   14 
  32079 	  109932 	   14 	    3930 	   17 
 134556 	   22198 	   34 	  133613 	   36 
  68139 	   71498 	   18 	   46075 	   14 
 108700 	   37858 	   13 	   78847 	   15 
  72434 	   80011 	   18 	   44166 	   17 
  85894 	   61557 	   13 	   33000 	   12 
  71568 	   92080 	   33 	  114617 	   29 
  13227 	  126657 	   13 	   38337 	    4 
  70217 	   76213 	   13 	  108731 	    8 
  11177 	  137880 	   21 	    3595 	   17 
  63247 	   85706 	   22 	   71543 	   24 
  28831 	  122773 	   13 	   51829 	   16 
   9237 	  143116 	   33 	   22784 	   25 
  46366 	   92975 	   12 	   55117 	   14 
  21506 	  125337 	   23 	  114522 	   22 
  31238 	  109993 	    9 	   48407 	    3 
  56548 	   93108 	   11 	  193015 	   13 
   1877 	  148960 	   13 	   11002 	   12 
  14980 	  143091 	   31 	  131951 	   33 
  33575 	  108255 	   14 	  149994 	   16 
  51471 	   86233 	   10 	   92500 	   11 
  24335 	  116222 	   16 	   15695 	   13 
  13578 	  130254 	   16 	   24487 	   13 
  25752 	  123345 	   22 	  102426 	   21 
  48182 	   96184 	   13 	  103412 	    5 
  53045 	   96143 	   13 	   98280 	   14 
  44670 	   99934 	   15 	   27688 	   12 
   9984 	  151955 	  138 	   11560 	  140 
  27856 	  139527 	   59 	  115412 	   63 
  60001 	   88639 	   10 	   95226 	   13 
  49648 	  106698 	   19 	  103905 	   21 
  75861 	   68158 	   12 	   73045 	   11 
  60744 	   94246 	   19 	  110643 	   14 
  49908 	  100673 	   12 	   90476 	   10 
  48628 	  113662 	   44 	   84617 	   53 
  73563 	   71753 	   11 	   53490 	   12 
 107827 	   37608 	   24 	   49936 	   25 
 106254 	   40417 	   25 	   33108 	   20 
 104831 	   37840 	   14 	   46372 	   13 
 102908 	   40654 	   23 	   44595 	   19 
 104838 	   46109 	   35 	   62622 	   38 
  86751 	   55234 	   16 	   51387 	   13 
  65478 	   85582 	   21 	   56939 	   20 
  81485 	   62435 	   13 	   73795 	   12 
  59760 	   92994 	   17 	   74160 	   20 
  83228 	   63403 	   15 	   88294 	   15 
  65404 	   79130 	   15 	   80142 	   13 
  76729 	   71957 	   22 	  103101 	   19 
  92670 	   53583 	   35 	   44091 	   44 
  71929 	   76700 	   17 	   58075 	   18 
  86634 	   54932 	   14 	   61227 	   12 
  67980 	   85576 	   22 	   70165 	   22 
  82695 	   61406 	   12 	   64534 	   13 
  71296 	   81074 	   18 	   87415 	   15 
  78397 	   66065 	   14 	   87323 	   10 
  72119 	   82177 	   31 	   91499 	   36 
  86533 	   56299 	    9 	   69672 	   14 
  60665 	   88802 	   22 	  117923 	   22 
  85286 	   76615 	   58 	   94135 	   66 
  68186 	   77780 	   23 	   62847 	   23 
  73115 	   74903 	   18 	   48985 	   22 
  76881 	   68972 	   13 	   60936 	   13 
  81795 	   66340 	   15 	   86584 	   15 
  56542 	   98143 	   17 	   90092 	   21 
  68938 	   79446 	   12 	   83912 	    9 
  65385 	   83718 	   13 	   97285 	   15 
  80690 	   72061 	   28 	   79882 	   28 
 107299 	   36223 	   18 	   41755 	   16 
  94400 	   51362 	   14 	   40309 	   14 
 102125 	   52463 	   22 	   73992 	   28 
  80442 	   64463 	   17 	   56765 	   11 
  80092 	   81438 	   39 	   98570 	   44 
  94277 	   57105 	   18 	  101767 	   14 
  63455 	   87154 	   14 	   63740 	   12 
  60369 	   86074 	   10 	   62184 	   12 
  85309 	   57879 	   21 	  101938 	   17 
  72262 	   73002 	   15 	   81961 	   11 
  49723 	   95616 	   17 	   78024 	   14 
  37666 	  118204 	   23 	   63776 	   17 
  67416 	   81202 	    9 	   90673 	   11 
  48018 	  103821 	   22 	  105540 	   16 
  41406 	  116825 	   46 	   68399 	   38 
 106624 	   49061 	   61 	  103998 	   74 
  88784 	   65503 	   28 	   88693 	   29 
  53748 	   98830 	   22 	   58487 	   23 
  73336 	   77883 	   16 	   70775 	   19 
  74870 	   71339 	   13 	   61509 	    9 
  76224 	   77195 	   15 	   70333 	   16 
  76922 	   71007 	   13 	   63928 	   12 
  81855 	   67607 	   14 	   81020 	   14 
  85999 	   67745 	   17 	   92937 	   16 
  64436 	   98034 	   25 	  132418 	   26 
  77366 	   71169 	   17 	  110398 	   14 
  67666 	   78691 	   13 	   87585 	   14 
  63987 	   91058 	   17 	  105649 	   19 
  80053 	   65933 	   13 	   77669 	    8 
  60218 	   90210 	   13 	   62303 	   13 
  52383 	   99808 	   15 	   88244 	   14 
  34700 	  122513 	   24 	   63133 	   19 
  62575 	   84907 	   12 	   93051 	   12 
  54210 	  100618 	   20 	  104767 	   17 
  65418 	   95293 	   39 	   83817 	   38 
 110911 	   28793 	   14 	   29442 	   10 
  96775 	   47678 	   11 	   40348 	   15 
 103318 	   52108 	   18 	   78448 	   19 
  82668 	   67594 	   17 	   44857 	   15 
  66172 	   95610 	   50 	   76295 	   48 
  87811 	   67466 	   35 	  145936 	   45 
  37475 	  112879 	   61 	   31692 	   73 
