% num_local_points | num_send_points | num_send_procs | num_recv_points | num_recv_procs 
  52055 	  108847 	   61 	   95629 	   67 
  58796 	   91061 	   20 	   88691 	   20 
  51709 	  103001 	   14 	   97291 	   19 
  71603 	   73844 	   10 	   82487 	   13 
  41435 	  118630 	   18 	  112147 	   18 
  67202 	   79577 	    8 	   80705 	   12 
  57014 	   96568 	   15 	   97932 	   16 
  81444 	   61032 	   13 	   63477 	    8 
  45984 	  111566 	   38 	  113475 	   31 
  48652 	  105218 	   22 	   98485 	   21 
  69238 	   79290 	   12 	   81843 	   14 
  58955 	   89259 	   11 	   97840 	   12 
  52645 	  104947 	   22 	   96799 	   21 
  65628 	   82650 	   13 	   80400 	   13 
  48381 	  103716 	   14 	  110291 	   15 
  68450 	   79692 	   14 	   85143 	    9 
  43275 	  114865 	   25 	  110599 	   24 
  52046 	  102839 	   16 	  104095 	   16 
  77405 	   69844 	   14 	   76288 	   12 
  46977 	  109915 	   19 	  104054 	   17 
  72776 	   72951 	   14 	   81356 	   10 
  57878 	   96455 	   23 	   96813 	   16 
  78847 	   66753 	   13 	   64739 	   11 
  74083 	   74343 	   23 	   72757 	   24 
  52434 	  118648 	   72 	  100143 	   75 
  73570 	   70379 	   13 	   71198 	   11 
  60241 	   83471 	    8 	   84683 	   11 
  63742 	   97177 	   24 	   95613 	   28 
  44231 	  109320 	   17 	   89491 	   18 
  59906 	   89942 	   12 	   95610 	   14 
  63330 	   78012 	    8 	   81174 	   10 
  62188 	   87054 	   14 	   80878 	   12 
  62095 	   92273 	   16 	  103109 	   13 
  58144 	  107089 	   46 	   91330 	   49 
  31270 	  106836 	   16 	  101205 	   14 
  10825 	  136651 	   17 	  131926 	   16 
   9050 	  131094 	   11 	  139019 	   13 
  11814 	  137831 	   16 	  134955 	   12 
   9547 	  134205 	   13 	  147376 	   18 
  40359 	  115925 	   30 	  108901 	   23 
  17131 	  132840 	   20 	  127577 	   19 
   8112 	  137316 	   11 	  143076 	   15 
   2509 	  150588 	   15 	  151967 	   13 
   1094 	  143841 	   14 	  151173 	   14 
   4890 	  138255 	   17 	  141541 	   15 
  26275 	  137164 	   48 	  118962 	   53 
  50981 	   97311 	   22 	   91519 	   11 
  40248 	  104906 	   10 	  103356 	   12 
  34242 	  115723 	   21 	  111894 	   19 
  22182 	  120666 	   12 	  118964 	   10 
  35643 	  108408 	    7 	  113942 	   18 
  29865 	  124951 	   20 	  105613 	   17 
  39089 	  104523 	   10 	  112855 	    8 
  14890 	  135209 	   16 	  139938 	   33 
  35970 	  116013 	   35 	  106281 	   41 
  11570 	  135573 	   40 	  132945 	   12 
   2803 	  141812 	   14 	  137700 	   14 
   7859 	  134158 	   10 	  142499 	   20 
   1068 	  145714 	   20 	  139300 	   17 
   9402 	  130429 	   14 	  144149 	   17 
   1430 	  144548 	   18 	  145830 	   21 
   4682 	  142056 	   20 	  139379 	   14 
     60 	  145681 	   14 	  134717 	   21 
   5390 	  139499 	   19 	  136797 	   17 
   4222 	  140115 	   18 	  149605 	   14 
     43 	  141554 	   17 	  140255 	   31 
   3311 	  147083 	   28 	  135394 	   19 
    168 	  144141 	   16 	  134213 	   15 
   2356 	  140870 	   12 	  142030 	    7 
  23687 	  119197 	   13 	  126473 	    9 
   9048 	  140496 	   14 	  144299 	   27 
    391 	  156875 	   25 	  143120 	    7 
  17510 	  130272 	   14 	  132340 	   12 
  16266 	  136881 	   15 	  133106 	   17 
    355 	  144376 	    8 	  147704 	   18 
  11858 	  136037 	   13 	  135107 	   10 
   2611 	  142679 	   12 	  139719 	   12 
   3670 	  138749 	    9 	  150038 	   27 
   7348 	  150757 	   27 	  142944 	    7 
  26208 	  118156 	   11 	  127919 	   11 
  23044 	  130780 	   12 	  138326 	   16 
  14220 	  141633 	   18 	  158162 	   35 
    131 	  159529 	   36 	  152196 	   38 
  24706 	  128514 	   35 	  121858 	    8 
   7330 	  140997 	   11 	  145184 	   12 
   5352 	  140594 	    9 	  155527 	   30 
     68 	  151543 	   24 	  152955 	   53 
     92 	  154863 	   52 	  142872 	   20 
  13231 	  131478 	   17 	  141052 	   13 
    399 	  149873 	   17 	  148872 	   13 
    212 	  139607 	   10 	  149275 	   16 
   7930 	  137365 	   19 	  144299 	   14 
   6804 	  143298 	   16 	  148861 	   14 
   1135 	  142038 	   12 	  146795 	   26 
   9001 	  143280 	   33 	  133919 	    9 
    391 	  141861 	   13 	  145212 	   15 
   2627 	  139257 	   14 	  145464 	   17 
   5537 	  144311 	   14 	  140642 	    7 
    327 	  144678 	   15 	  144590 	   13 
   6349 	  137871 	   14 	  155807 	   19 
    101 	  144685 	   17 	  159414 	   40 
  54641 	  117751 	   98 	  110195 	   53 
  55308 	   95601 	   11 	   98258 	   73 
  44550 	  105048 	   15 	  103375 	   16 
  48899 	  109571 	   33 	  100484 	   11 
  42455 	  106798 	   14 	  109356 	   34 
  40088 	  107949 	   11 	  108367 	   15 
  42015 	  100543 	    9 	  113328 	   12 
  27058 	  119341 	   16 	  119598 	   15 
  29764 	  113164 	   15 	  107327 	    7 
  40403 	  117830 	   40 	  113703 	   40 
  12779 	  125723 	   17 	  132280 	   27 
   1890 	  140933 	   16 	  134111 	   20 
  21485 	  122308 	   14 	  117626 	    9 
  10567 	  137455 	   19 	  136858 	   16 
  12630 	  133215 	   13 	  130640 	   14 
  16646 	  135874 	   35 	  133625 	   13 
   6046 	  134830 	   10 	  148623 	   33 
   9750 	  134619 	   12 	  127382 	   10 
   5864 	  142348 	   19 	  134598 	   14 
    936 	  144133 	   15 	  147466 	   17 
   2959 	  153149 	   47 	  140363 	   12 
   2951 	  144668 	   15 	  147022 	   47 
  10498 	  136233 	   12 	  141436 	   17 
  21134 	  120748 	   15 	  127128 	   15 
  13734 	  133100 	   18 	  131719 	   24 
  20775 	  121972 	   12 	  120616 	   10 
  21286 	  123278 	   18 	  126236 	   11 
  22596 	  118920 	   14 	  121908 	   19 
  25403 	  122553 	   17 	  119443 	   13 
  40950 	  105437 	   32 	  105996 	   15 
   9942 	  131413 	   17 	  131241 	   34 
  12705 	  139776 	   16 	  129418 	   20 
  32914 	  113108 	   16 	  115053 	   10 
  11402 	  126181 	   14 	  131039 	   20 
  36163 	  109224 	   21 	  103803 	   10 
  14826 	  131192 	   11 	  133683 	   19 
  43723 	  105254 	   10 	  112185 	   11 
  31540 	  121989 	   19 	  126465 	   19 
  31853 	  128172 	   38 	  115271 	    8 
  26107 	  117391 	   11 	  133823 	   40 
  28120 	  123562 	   17 	  117191 	    7 
  32086 	  108351 	   12 	  118172 	   17 
  23751 	  122627 	   17 	  124570 	   19 
  25195 	  115649 	   14 	  116765 	   11 
  22204 	  125804 	   18 	  126661 	   15 
  26722 	  117605 	   21 	  119437 	   10 
  32740 	  125475 	   38 	  115202 	   30 
  48609 	   97179 	   11 	  104218 	   40 
  33543 	  118780 	   20 	  116445 	   18 
  28990 	  119254 	   17 	  119198 	   11 
  15800 	  153864 	   82 	  141432 	   41 
   7009 	  132766 	    8 	  154664 	   60 
  22133 	  121776 	   11 	  118455 	   10 
  12126 	  125714 	    9 	  130088 	   12 
  13071 	  128632 	   22 	  128542 	   17 
  15678 	  129157 	   22 	  123520 	   14 
  23830 	  119799 	   23 	  117585 	   19 
  12312 	  128417 	   11 	  133901 	   22 
   7263 	  133518 	   17 	  134161 	   12 
    133 	  145257 	   21 	  139339 	   14 
   9268 	  136106 	   20 	  134889 	   17 
   1599 	  138204 	   16 	  143431 	   20 
    982 	  148437 	   28 	  135534 	   11 
  14896 	  125913 	   11 	  133863 	   25 
    615 	  151113 	   15 	  142677 	   12 
  16786 	  125164 	   11 	  127381 	   19 
   1529 	  139970 	   16 	  148594 	   13 
   7746 	  137455 	   16 	  134695 	   10 
  13704 	  127838 	    9 	  129518 	   14 
   8872 	  146082 	   40 	  131665 	    7 
   5749 	  133844 	    7 	  141292 	   33 
   1057 	  141158 	   17 	  142603 	   18 
   1230 	  141424 	   15 	  140361 	   12 
    245 	  138129 	    9 	  139844 	   13 
    217 	  146264 	   18 	  135749 	    7 
   5400 	  136708 	   13 	  140774 	   18 
   8750 	  137964 	   29 	  134378 	   22 
  27361 	  127367 	   60 	  117844 	   62 
  56578 	  105021 	   70 	   88452 	   72 
  87778 	   53007 	   10 	   45461 	   10 
  91362 	   48292 	   14 	   42803 	   10 
  89337 	   45291 	    9 	   51772 	   15 
  64658 	   91241 	   28 	   77921 	   30 
  72648 	   74035 	   14 	   69963 	   18 
  67839 	   80011 	   16 	   73159 	    9 
  56087 	   86398 	   11 	   92782 	   20 
  52887 	   96808 	   14 	  102208 	   11 
  55878 	   92751 	   18 	   98653 	   19 
  60706 	   92106 	   27 	   90143 	   25 
  76568 	   72124 	   16 	   67987 	   15 
  63276 	   83816 	   15 	   76588 	   10 
  77932 	   61472 	   11 	   70626 	   14 
  78780 	   70100 	   14 	   75134 	   11 
  61720 	   92629 	   33 	   89467 	   31 
  73683 	   67959 	   10 	   70120 	    9 
  73267 	   67461 	    9 	   68854 	   13 
  56436 	  100787 	   18 	   99189 	   19 
  66547 	   83530 	   15 	   86116 	   10 
  79284 	   58327 	   10 	   63275 	   10 
  64627 	   81208 	   32 	   83510 	   31 
  94039 	   76449 	   37 	   82304 	   41 
  86588 	   65902 	   34 	   56564 	   34 
  75814 	   63736 	   10 	   65948 	   10 
  74007 	   64234 	   15 	   60298 	   14 
  81426 	   53095 	   15 	   54412 	   11 
  82064 	   52693 	   10 	   57540 	   18 
  72465 	   68749 	   19 	   63188 	   20 
  45901 	   97819 	   18 	   92139 	   12 
  36090 	  106471 	   14 	  105367 	   27 
  12899 	  133144 	   23 	  137722 	   11 
  11273 	  140478 	   17 	  134166 	   14 
  15845 	  131307 	   17 	  136988 	   15 
  27527 	  115780 	   12 	  121732 	   11 
  40435 	  106650 	   25 	  103741 	   23 
  22276 	  121007 	   14 	  133448 	   15 
  34877 	  116742 	   17 	  109143 	   11 
  20248 	  122607 	   11 	  124458 	   12 
  35781 	  102464 	   13 	   99508 	   14 
  19852 	  118616 	   10 	  140969 	   28 
  98123 	   66514 	   45 	   71523 	   45 
  79043 	   67877 	   20 	   71807 	   21 
  45886 	  105239 	   51 	  111328 	   54 
  36252 	  101306 	   16 	   99844 	    8 
  32534 	  107611 	   13 	  101647 	   19 
  29667 	  110605 	   14 	  113108 	   10 
  34358 	  106908 	   28 	  104438 	   11 
  19380 	  126193 	   15 	  119041 	   28 
  14495 	  127496 	   18 	  127623 	   15 
   1277 	  145255 	   25 	  136331 	   17 
  13782 	  129944 	   15 	  127127 	   29 
   8173 	  133909 	   13 	  137313 	   13 
    767 	  140660 	   12 	  152275 	   15 
  14385 	  132902 	   13 	  125755 	   12 
  16252 	  148583 	   41 	  128455 	   10 
   9362 	  132793 	   12 	  148704 	   45 
  20435 	  115487 	    8 	  126781 	    9 
  21719 	  122194 	   18 	  113415 	   10 
  10534 	  133904 	   16 	  129348 	   15 
   5396 	  141517 	   25 	  134041 	   12 
  20281 	  131101 	   34 	  136756 	   32 
  48554 	   86723 	   10 	   96422 	   17 
  66009 	   76223 	   17 	   75969 	   17 
  71158 	   66203 	   46 	   68500 	   47 
  88447 	   46541 	   19 	   45695 	   15 
  75951 	   59986 	   16 	   60477 	   20 
  81980 	   53352 	   15 	   53274 	   16 
  81329 	   55320 	   22 	   52221 	    8 
  90059 	   44102 	   16 	   46665 	   23 
  99569 	   34755 	   10 	   32246 	   15 
  97688 	   39868 	   15 	   38664 	   16 
 110208 	   27336 	    9 	   28407 	   14 
 105242 	   36335 	   25 	   32645 	   25 
 101177 	   37585 	   18 	   37458 	   14 
  99509 	   38463 	   16 	   36571 	   15 
 102886 	   37535 	   15 	   31984 	   13 
  98625 	   45126 	   19 	   41428 	   18 
 103616 	   40960 	   18 	   32572 	   17 
  77898 	  102491 	   63 	  103661 	   58 
  82830 	   67858 	   33 	   87051 	   32 
  82379 	   61864 	   19 	   73018 	   16 
  82763 	   56171 	   15 	   56314 	   12 
  83395 	   65670 	  143 	   54702 	   14 
  55022 	   92313 	   23 	   98696 	  142 
  45994 	   96056 	   13 	   97583 	   24 
  36852 	  115445 	   37 	   99797 	   10 
  34005 	  106067 	    9 	  111512 	   37 
  48223 	   93673 	   13 	   90349 	   12 
  36358 	  110769 	   17 	  113520 	   21 
  13699 	  127739 	   13 	  126765 	   15 
  28238 	  112821 	   17 	  110619 	    9 
  34870 	  114383 	   42 	  111686 	   14 
  33939 	  112229 	   17 	  114936 	   44 
  36422 	  107396 	   15 	  112407 	   20 
  45483 	  107241 	   36 	   96394 	   14 
  44223 	   95625 	    6 	  112185 	   39 
  51444 	   91263 	   20 	   88704 	   16 
  47211 	   96870 	   15 	   94261 	   18 
  43738 	   97688 	   11 	  105622 	   12 
  63184 	   81539 	   17 	   80981 	   18 
  50995 	  104939 	   39 	   94694 	   31 
  53896 	   93067 	   13 	   94507 	   22 
  57130 	   93381 	   18 	   99667 	   24 
  48138 	   98630 	   21 	   97971 	   19 
  54931 	   90662 	   13 	   92989 	   13 
  46210 	  111984 	   22 	  107911 	   19 
  56005 	   92108 	   11 	   91237 	   12 
  55006 	   95117 	   20 	   96118 	   11 
  50630 	   95986 	   22 	  105308 	   29 
  49104 	  103241 	   31 	  104322 	   29 
  69653 	   77094 	   10 	   78995 	   12 
  46753 	  108688 	   24 	  103796 	   19 
  51790 	   90231 	   10 	  103951 	   22 
  36880 	  114257 	   41 	  106913 	   43 
  39712 	  106548 	   13 	  101108 	    8 
  38473 	  104656 	    9 	  107868 	   15 
  40298 	  119019 	   20 	  111383 	   15 
  42032 	  101771 	   12 	  108757 	   15 
  31160 	  115223 	   15 	  113996 	   16 
  38663 	  100536 	   13 	  107609 	   12 
  37951 	  115553 	   38 	  107420 	   23 
  36260 	  127201 	   68 	  122786 	   75 
  21372 	  117844 	   17 	  125448 	   16 
  28867 	  111144 	   10 	  109994 	   10 
  42440 	  103136 	   23 	  102204 	   24 
  18786 	  121039 	   15 	  121576 	   13 
  16794 	  123938 	   12 	  120570 	    7 
  35715 	  121045 	   37 	  112446 	   36 
  18087 	  122977 	   10 	  127020 	   16 
   8657 	  134051 	   13 	  128468 	   11 
  21963 	  126958 	   23 	  122369 	   24 
   5768 	  136136 	   17 	  139800 	   11 
   3883 	  150250 	   49 	  137525 	   14 
   3271 	  134021 	   11 	  152169 	   47 
   3207 	  140389 	   15 	  136393 	   11 
  21008 	  123761 	   23 	  121810 	   19 
   3490 	  134862 	   10 	  142233 	   23 
   3288 	  140898 	   17 	  133534 	    9 
  17151 	  126920 	   42 	  125942 	   15 
   5508 	  134335 	   12 	  143914 	   41 
   3208 	  143801 	   17 	  134011 	   10 
   9475 	  136800 	   20 	  134964 	   14 
    609 	  142065 	   21 	  144565 	   19 
   1888 	  137066 	   16 	  144180 	   18 
    219 	  146772 	   27 	  137211 	   13 
  17691 	  121826 	    9 	  129331 	   26 
     91 	  142475 	   14 	  144037 	   13 
   5308 	  143538 	   19 	  133880 	   13 
  10390 	  129951 	   12 	  132146 	   16 
   1941 	  143966 	   15 	  145761 	   11 
   1206 	  138974 	   12 	  143685 	   11 
   1840 	  154152 	   59 	  139563 	    8 
   4180 	  135721 	   11 	  147776 	   59 
   2889 	  137529 	   13 	  134879 	   12 
   2115 	  141433 	   21 	  136807 	   10 
    639 	  138335 	   14 	  143074 	   23 
     16 	  143653 	   21 	  139845 	   13 
   4598 	  137721 	   13 	  131009 	   15 
   2796 	  144509 	   32 	  139347 	   22 
  20368 	  129626 	   44 	  123556 	   40 
  47978 	  108802 	   61 	   97603 	   73 
  56252 	   88140 	   13 	   93721 	   15 
  66608 	   82026 	   13 	   77447 	   12 
  69000 	   85379 	   25 	   86488 	   20 
  86211 	   56811 	   12 	   53272 	   15 
  64571 	   76996 	   17 	   79039 	   13 
  68097 	   79613 	   26 	   88054 	   25 
  77068 	   63203 	   13 	   61817 	   13 
  68803 	   74797 	   16 	   75166 	   18 
  71184 	   77934 	   21 	   77241 	   26 
  74262 	   71209 	   15 	   71124 	    9 
  86619 	   48544 	    9 	   57101 	   13 
  78622 	   74470 	   38 	   63264 	   35 
  78081 	   66804 	   17 	   60791 	   13 
  81534 	   57469 	   14 	   56385 	   10 
  59060 	   83104 	   21 	   84068 	   25 
  61519 	   79069 	   14 	   79961 	   14 
  63907 	   76423 	   12 	   78567 	   11 
  51866 	   99610 	   19 	   95110 	   21 
  62286 	   82015 	   18 	   78627 	   12 
  72062 	   65117 	   11 	   71962 	   12 
  60574 	   79503 	   27 	   81405 	   23 
  93574 	   76320 	   38 	   80490 	   44 
  80088 	   68944 	   34 	   63611 	   33 
  62522 	   80217 	   16 	   83956 	   16 
  61291 	   81100 	   22 	   82834 	   23 
  92937 	   48325 	   13 	   56025 	    6 
  88852 	   56327 	   21 	   51869 	   10 
  67826 	   71564 	   14 	   74727 	   22 
  87791 	   54733 	   17 	   54805 	   15 
  61492 	   81606 	   24 	   85458 	   23 
  84325 	   52550 	   13 	   55942 	   20 
  83433 	   52162 	   10 	   53329 	   14 
  70601 	   68312 	   30 	   72254 	   31 
  74920 	   62516 	   12 	   61892 	   14 
  63662 	   72672 	   18 	   71901 	   11 
  73112 	   61331 	   19 	   63209 	   16 
  73284 	   60154 	   12 	   61267 	   13 
  67843 	   72617 	   17 	   66886 	   18 
  94059 	   47602 	   20 	   43282 	   22 
  98923 	   40078 	   15 	   37687 	   16 
 107335 	   49322 	   33 	   57291 	   35 
  74756 	   69718 	   26 	   72249 	   27 
  40669 	  111043 	  109 	  120102 	  106 
  31499 	  105315 	   17 	  104456 	    9 
  27735 	  110888 	   15 	  106882 	   15 
  24898 	  114121 	   16 	  114301 	   10 
  27624 	  112172 	   22 	  109257 	    9 
  11855 	  126828 	   12 	  125842 	   21 
  20493 	  121168 	   15 	  118954 	   11 
  23462 	  120134 	   17 	  125114 	   16 
  17270 	  124283 	   15 	  133858 	   20 
  33867 	  102807 	    9 	  105373 	   13 
  41244 	  120546 	   44 	  107929 	   48 
  36563 	   96367 	   12 	  103034 	   13 
  25595 	  126528 	   29 	  110819 	   21 
   8566 	  133198 	   12 	  131870 	   23 
  18606 	  119383 	   10 	  125833 	   10 
  16238 	  130100 	   26 	  120924 	   10 
  10753 	  130680 	   15 	  129877 	   23 
   3389 	  139117 	   23 	  136381 	    9 
  12598 	  138186 	   34 	  135255 	   24 
  40933 	   94393 	   14 	  105768 	   19 
  58455 	   84150 	   19 	   82610 	   18 
  65101 	   71898 	   43 	   74452 	   42 
  86038 	   48883 	   17 	   48061 	   19 
  69230 	   66324 	   18 	   68493 	   23 
  74558 	   61097 	   18 	   58814 	   16 
  74071 	   62453 	   23 	   61398 	   11 
  83120 	   49991 	   16 	   51943 	   23 
  93304 	   40825 	   10 	   37903 	   14 
  91133 	   45440 	   15 	   45383 	   19 
 105489 	   31342 	    9 	   30743 	   16 
  79303 	   74747 	   46 	   84334 	   46 
  67555 	   67163 	   19 	   68688 	   33 
  70338 	   62109 	   11 	   64822 	   11 
  60428 	   79966 	   17 	   71105 	   14 
  53598 	   90075 	   21 	   84283 	   15 
  54441 	   81854 	   12 	   83678 	   19 
  57734 	  111696 	   40 	   88569 	   31 
  76715 	   73585 	   36 	   94409 	   31 
  74946 	   69636 	   28 	   79833 	   16 
  75324 	   63466 	   15 	   64227 	   11 
  75815 	   72526 	   99 	   61673 	   13 
  54084 	   89574 	   15 	  102513 	  113 
  45635 	   99254 	   14 	  103751 	   18 
  56668 	   92720 	   23 	   85465 	   13 
  58763 	   82734 	   13 	   89848 	   20 
  38476 	  110524 	   23 	  109901 	   17 
  53345 	   96346 	   30 	   85160 	   16 
  49900 	   92068 	   11 	  104170 	   32 
  54586 	   91134 	   23 	   89550 	   19 
  59865 	   81752 	   22 	   82299 	   10 
  47970 	   87531 	   13 	   99457 	   24 
  55977 	   79924 	   18 	   77257 	   12 
  48171 	   98418 	   36 	   95662 	   32 
  49846 	   93400 	   23 	   87481 	   12 
  55057 	   85906 	   14 	   92403 	   20 
  45436 	   96211 	   26 	   92988 	   17 
  41904 	   99401 	   23 	   97238 	   21 
  49587 	   96223 	   21 	   90376 	   10 
  63502 	   73379 	    9 	   90094 	   23 
  65731 	   74148 	   14 	   77220 	   16 
  65680 	   69575 	   12 	   72588 	   15 
  63999 	   74911 	   23 	   72728 	   19 
  59051 	  108790 	   83 	   83378 	   15 
  51477 	   92567 	   23 	  113330 	   82 
  44606 	   98398 	   21 	   94732 	   18 
  48853 	   89773 	   21 	   90072 	   12 
  51809 	   87093 	   16 	   87897 	   23 
  54950 	   80161 	   12 	   77022 	   21 
  53361 	   90668 	   31 	   87437 	   32 
  58909 	   86544 	   24 	   82379 	   19 
  54287 	   89031 	   20 	   89067 	   13 
  62201 	   77713 	   24 	   76567 	   21 
  60397 	   80908 	   21 	   77742 	   19 
  71318 	   67354 	   30 	   66106 	   12 
  70464 	   62319 	    8 	   72270 	   30 
  71877 	   62971 	    8 	   66973 	   11 
  68821 	   67052 	   18 	   67144 	   16 
  70745 	   66448 	   17 	   63933 	   14 
  76993 	   74993 	   33 	   69217 	   36 
  71630 	   67058 	   19 	   78580 	   21 
  67185 	   71880 	   17 	   67601 	   15 
  59128 	   87311 	   22 	   88757 	   23 
  62737 	   73780 	   18 	   75871 	   19 
  81604 	   67571 	   84 	   51843 	   30 
  77223 	   73319 	   25 	   81465 	   85 
  69730 	   72891 	   22 	   72743 	   21 
  67587 	   73943 	   20 	   70534 	   22 
  74920 	   60557 	   13 	   62697 	   13 
  84172 	   53264 	   20 	   49714 	   21 
  80864 	   56833 	   19 	   60097 	   28 
  80627 	   55954 	   17 	   56573 	   17 
  87333 	   49252 	   12 	   49610 	   18 
  89532 	   46988 	   13 	   49778 	   13 
  96031 	   36404 	   14 	   37541 	   12 
  81588 	   68745 	   48 	   63592 	   48 
  66428 	   75195 	   20 	   73174 	   21 
  84471 	   55304 	   19 	   55741 	   24 
  90970 	   46984 	   16 	   49050 	   14 
  80335 	   63424 	   22 	   58883 	   22 
  91523 	   52041 	   21 	   54780 	   24 
 100577 	   38734 	   19 	   41955 	   15 
 100390 	   38209 	   17 	   42401 	   17 
  95330 	   55771 	   30 	   50781 	   29 
  97357 	   37954 	   14 	   38060 	   13 
  92387 	   48797 	   20 	   46144 	   70 
 102364 	   30289 	   69 	   28676 	   14 
 100690 	   32459 	   14 	   33599 	   13 
  95516 	   39957 	   18 	   40412 	   17 
  97088 	   37985 	   17 	   36829 	   17 
  97856 	   39522 	   33 	   38320 	   30 
 100281 	   34019 	   13 	   34730 	   14 
 106155 	   35916 	   20 	   41984 	   17 
 108885 	   25864 	   14 	   25643 	   14 
 106857 	   41603 	   30 	   40547 	   34 
  90562 	   54421 	   37 	   45998 	   32 
  91628 	   42340 	   15 	   42797 	   14 
  92341 	   40002 	   12 	   40023 	   16 
 104248 	   36701 	   18 	   40522 	   14 
 103026 	   47042 	   30 	   46425 	   33 
  89984 	   55372 	   27 	   48057 	   27 
 101758 	   38914 	   17 	   51384 	   20 
 100407 	   53184 	   30 	   46941 	   30 
  93440 	   50389 	   25 	   43017 	   25 
  91600 	   48075 	   21 	   47188 	   19 
  61127 	   84310 	  131 	   89582 	  152 
   1908 	  146158 	   24 	  142297 	   10 
   1095 	  143187 	   20 	  161208 	   70 
      0 	  139447 	   10 	  146804 	   11 
    162 	  149038 	   53 	  157296 	   45 
      0 	  142619 	   18 	  150366 	   20 
      0 	  142449 	   18 	  149733 	   17 
      3 	  147314 	   40 	  143584 	   15 
      3 	  152175 	   21 	  147797 	   13 
      3 	  142894 	   18 	  155394 	   24 
     14 	  142414 	   19 	  140879 	   11 
     28 	  143121 	   14 	  159079 	   15 
      0 	  141444 	   24 	  140804 	   20 
      0 	  145976 	   27 	  148221 	   25 
      2 	  146400 	   22 	  152202 	   26 
      0 	  142683 	   14 	  146150 	   17 
     41 	  155588 	   33 	  142990 	   14 
     21 	  147849 	   15 	  147777 	   13 
     55 	  143875 	   13 	  147331 	   16 
     19 	  145115 	   22 	  145059 	   13 
      0 	  141164 	   14 	  143743 	   16 
      0 	  142213 	   16 	  143792 	   12 
      0 	  145537 	   16 	  144588 	   12 
      0 	  146692 	   23 	  143755 	   27 
     11 	  143238 	   20 	  143851 	   22 
      0 	  144036 	   13 	  144615 	   25 
      0 	  146963 	   28 	  145086 	   10 
     83 	  149921 	   26 	  154753 	   15 
      0 	  141114 	   12 	  144541 	   13 
     72 	  142280 	   14 	  147574 	   19 
      1 	  145580 	   14 	  148215 	   14 
      0 	  139868 	   11 	  140644 	   36 
      0 	  143631 	   21 	  149092 	   11 
     34 	  141037 	   14 	  144589 	   51 
      0 	  146444 	   34 	  150880 	   44 
     19 	  150754 	   48 	  143492 	   10 
     27 	  144356 	   27 	  144560 	   15 
     12 	  142209 	   14 	  143865 	   14 
      1 	  139712 	   13 	  142625 	   17 
      9 	  144645 	   18 	  159102 	   73 
      0 	  139687 	   14 	  149381 	   13 
      0 	  145138 	   18 	  151265 	   17 
      0 	  140401 	   14 	  144125 	   16 
      0 	  148607 	   60 	  148636 	   16 
     51 	  147431 	   19 	  150207 	   18 
      9 	  144619 	   16 	  148672 	   26 
      0 	  145897 	   20 	  146501 	   19 
      0 	  141435 	   19 	  151117 	   20 
     15 	  149240 	   23 	  144563 	   13 
     48 	  150356 	   24 	  144886 	   12 
      0 	  145877 	   21 	  144013 	   11 
      0 	  139333 	   14 	  141775 	   14 
      0 	  148369 	   28 	  141931 	   27 
      5 	  144899 	   17 	  148188 	   30 
      0 	  138590 	   10 	  141349 	   13 
      0 	  138340 	   14 	  143659 	   15 
      0 	  140266 	   15 	  139184 	   11 
      5 	  147940 	   30 	  144134 	   15 
     32 	  143326 	   20 	  142063 	   77 
      0 	  142146 	   18 	  140914 	   14 
      0 	  143292 	   16 	  139516 	   12 
      0 	  137975 	   15 	  136173 	   11 
      0 	  138207 	   14 	  140526 	   17 
     49 	  144959 	   65 	  155544 	   27 
      0 	  138978 	   14 	  134950 	    8 
      0 	  140250 	   12 	  145557 	   15 
      0 	  134388 	   13 	  143631 	   13 
      0 	  137816 	   14 	  143078 	   14 
      0 	  142246 	   29 	  143702 	   17 
     10 	  145498 	   18 	  144474 	   17 
      0 	  138452 	   15 	  139420 	    9 
      0 	  141243 	   12 	  140107 	   18 
      0 	  138207 	   16 	  138010 	   15 
      0 	  137763 	   11 	  147965 	   25 
      0 	  140582 	   18 	  142276 	   25 
      0 	  142051 	   15 	  144625 	   12 
      0 	  139931 	   13 	  141944 	   15 
      0 	  136490 	   15 	  141469 	   15 
      0 	  139262 	   11 	  150406 	   74 
      0 	  147915 	   28 	  141730 	   16 
      0 	  138409 	   20 	  149643 	   13 
      0 	  140382 	   13 	  140248 	   15 
      0 	  142781 	   13 	  144707 	   12 
      0 	  138121 	   12 	  140071 	   48 
      0 	  153077 	   65 	  142781 	   13 
      0 	  141678 	   19 	  142528 	   64 
      0 	  144585 	   20 	  144575 	   16 
      0 	  139136 	   12 	  140461 	   15 
      0 	  160446 	   66 	  140492 	   12 
     22 	  138967 	   18 	  146981 	   25 
     13 	  139013 	   17 	  142938 	   13 
      0 	  143533 	   21 	  138883 	   17 
     14 	  139179 	   17 	  139563 	   12 
      0 	  145601 	   27 	  139808 	   19 
      0 	  138833 	   12 	  145005 	   13 
      7 	  140690 	   14 	  138435 	   36 
      0 	  138723 	   22 	  151533 	   19 
      0 	  138227 	   15 	  145735 	   12 
      0 	  142775 	   23 	  144011 	   19 
      0 	  138059 	   13 	  142696 	   10 
     18 	  144050 	   38 	  141932 	   24 
      0 	  140222 	   14 	  142844 	   28 
      0 	  142281 	   14 	  138149 	   11 
      0 	  145346 	   18 	  137075 	   21 
     28 	  149292 	   25 	  146467 	   31 
      0 	  142875 	   19 	  138286 	   15 
      0 	  137794 	   10 	  140590 	   15 
      2 	  146505 	   36 	  136829 	   12 
      2 	  139813 	   15 	  144578 	   52 
      0 	  136611 	   12 	  145073 	   46 
      0 	  140681 	   21 	  142626 	   21 
      0 	  140499 	   21 	  147930 	   54 
      0 	  136027 	   19 	  141681 	   13 
      1 	  155972 	   60 	  141378 	   10 
      0 	  138596 	   17 	  141087 	   20 
      0 	  137635 	   56 	  144590 	    8 
      1 	  140495 	   19 	  144235 	   17 
      3 	  138076 	   12 	  141930 	   34 
      8 	  143552 	   20 	  141099 	   18 
      0 	  137465 	   11 	  146659 	   22 
      2 	  141476 	   19 	  144902 	   13 
      0 	  141529 	   28 	  142784 	   16 
      0 	  138316 	   13 	  140897 	   19 
     11 	  138944 	   19 	  148909 	   44 
      2 	  146378 	   19 	  145928 	   31 
      0 	  138841 	   11 	  143741 	   17 
      0 	  142054 	   15 	  138611 	   12 
      0 	  138850 	   19 	  142312 	   23 
     11 	  145905 	   44 	  140429 	   11 
      2 	  139159 	   15 	  142660 	   24 
      0 	  136738 	   10 	  149603 	   19 
      0 	  140311 	   21 	  147283 	   25 
      0 	  142872 	   21 	  143799 	   30 
      0 	  139874 	   30 	  141203 	   10 
      0 	  143099 	   21 	  144598 	   21 
     28 	  145692 	   33 	  155038 	   87 
      0 	  139170 	   21 	  138808 	   15 
      0 	  143208 	   23 	  140973 	   14 
      0 	  140726 	   21 	  145485 	   11 
      0 	  139684 	   11 	  141968 	    9 
     88 	  147708 	   72 	  144702 	   20 
      0 	  141117 	   20 	  151355 	   24 
      0 	  142066 	   15 	  146090 	   21 
      0 	  143934 	   17 	  147150 	   41 
     24 	  141212 	   17 	  139653 	    9 
     77 	  142184 	   19 	  145381 	   13 
     81 	  142298 	   21 	  138048 	   25 
      0 	  140115 	   19 	  140457 	   13 
      0 	  141309 	   17 	  138448 	   11 
     24 	  141761 	   33 	  139826 	   28 
      0 	  141456 	   15 	  139489 	   14 
      0 	  141524 	   22 	  152892 	   23 
      0 	  135176 	   14 	  138906 	   15 
      0 	  139177 	   13 	  145819 	   63 
      0 	  146136 	   28 	  138031 	   11 
      0 	  137642 	   15 	  148374 	   16 
      0 	  137488 	   14 	  146633 	   20 
      0 	  141718 	   21 	  142505 	   18 
      0 	  140967 	   14 	  137488 	   12 
     84 	  143734 	   56 	  146586 	   65 
      0 	  141416 	   16 	  143971 	   31 
      0 	  140351 	   13 	  146154 	   42 
      0 	  146779 	   23 	  146318 	   20 
      0 	  143581 	   44 	  139243 	   10 
     17 	  152736 	   52 	  144836 	   28 
      7 	  140730 	   12 	  141369 	   11 
      0 	  144769 	   22 	  149543 	   18 
     15 	  141940 	   19 	  137718 	   15 
     41 	  139550 	   17 	  143668 	   17 
     18 	  142915 	   26 	  144540 	   18 
      0 	  141429 	   17 	  142198 	   25 
      0 	  145633 	   25 	  142738 	   24 
      5 	  145742 	   25 	  140654 	   14 
      4 	  144711 	   24 	  141323 	   11 
      0 	  140850 	   15 	  142675 	   15 
      0 	  142392 	   27 	  138702 	   16 
      0 	  138992 	   12 	  143521 	   11 
     31 	  142324 	   16 	  141824 	   32 
     13 	  140836 	   15 	  147251 	   25 
      0 	  136479 	    9 	  143544 	   29 
      0 	  142993 	   16 	  135291 	    9 
      0 	  138291 	   11 	  141841 	   22 
      0 	  143292 	   26 	  136645 	   12 
      1 	  145114 	   31 	  143762 	   52 
      0 	  140801 	   13 	  136788 	   13 
      0 	  141859 	   22 	  135818 	   11 
      0 	  137676 	   16 	  136810 	   25 
      0 	  136349 	   14 	  140554 	   16 
     38 	  146778 	   50 	  145888 	   26 
      0 	  137446 	   17 	  132897 	   16 
      1 	  135246 	   25 	  147546 	   12 
      0 	  134447 	   14 	  145310 	   18 
      0 	  137888 	   13 	  139458 	   12 
      0 	  141064 	   27 	  148062 	   12 
      0 	  136955 	   17 	  138237 	   37 
      0 	  138045 	   13 	  138846 	   16 
      0 	  141619 	   17 	  144508 	   21 
      0 	  138556 	   21 	  139798 	   15 
      0 	  136832 	    9 	  141814 	   21 
     17 	  140593 	   34 	  139973 	   24 
      0 	  138910 	   16 	  141952 	   12 
      0 	  136053 	   11 	  145736 	   13 
     10 	  142067 	   26 	  139744 	   18 
      0 	  140906 	   13 	  146313 	   21 
     14 	  138147 	   22 	  149398 	   75 
     31 	  139404 	   20 	  145030 	   41 
      0 	  142234 	   13 	  143015 	   14 
      0 	  143580 	   20 	  140040 	   48 
      0 	  138436 	   16 	  142725 	   14 
      1 	  159406 	   74 	  141710 	    7 
      0 	  142664 	   37 	  143794 	   11 
      1 	  141880 	   44 	  142031 	   14 
      0 	  137683 	   12 	  143026 	   17 
     28 	  140088 	   17 	  139762 	   35 
      2 	  137154 	   12 	  148786 	   35 
      0 	  139524 	   10 	  139032 	   14 
      0 	  140801 	   17 	  138970 	   15 
      0 	  136224 	    7 	  144625 	   22 
     14 	  149297 	   39 	  140822 	   17 
      0 	  136312 	   13 	  148896 	   25 
      0 	  138300 	   17 	  143889 	   14 
      0 	  142563 	   22 	  144336 	   12 
      0 	  137267 	   11 	  145274 	   17 
      0 	  137316 	   21 	  144360 	   18 
      0 	  144108 	   27 	  146741 	   17 
     11 	  139336 	   16 	  144442 	   31 
      1 	  140661 	   14 	  147093 	   27 
      0 	  143325 	   17 	  147853 	   26 
      0 	  139839 	   17 	  138778 	   23 
      0 	  142421 	   17 	  144898 	   28 
      0 	  146098 	   28 	  140584 	   12 
      2 	  141040 	   28 	  146563 	  107 
      0 	  143504 	   24 	  146037 	   11 
      0 	  141371 	   18 	  138662 	   19 
      0 	  137332 	   17 	  136905 	   23 
      0 	  143152 	   25 	  144231 	   12 
     15 	  141768 	   98 	  137237 	   18 
      0 	  138280 	   11 	  135020 	   38 
      0 	  141962 	   15 	  137397 	   20 
      0 	  140502 	   19 	  138274 	   20 
      0 	  138082 	   16 	  137742 	   19 
      0 	  140914 	   17 	  134710 	   16 
      6 	  142580 	   33 	  136272 	   42 
      0 	  135817 	   13 	  136352 	   12 
      0 	  136890 	   19 	  140479 	   20 
      0 	  139845 	   19 	  139065 	   17 
      0 	  137490 	   18 	  133705 	   19 
      4 	  137193 	   41 	  136815 	   16 
      0 	  136264 	   20 	  140000 	   30 
      0 	  138186 	   18 	  138298 	   16 
      0 	  139886 	   23 	  154996 	   11 
     12 	  136720 	   19 	  139881 	   18 
      0 	  135334 	   10 	  155538 	   17 
     14 	  138871 	   26 	  138303 	   74 
      0 	  138555 	   17 	  140334 	   16 
      0 	  139049 	   20 	  139004 	   12 
      0 	  136492 	   20 	  132738 	   19 
      4 	  151736 	   70 	  139737 	   14 
     10 	  139973 	   22 	  143053 	   35 
      2 	  138190 	   23 	  143778 	   15 
      0 	  133353 	   13 	  143993 	   17 
      3 	  135086 	   15 	  144227 	   25 
     12 	  139721 	   36 	  142379 	   17 
      1 	  139747 	   15 	  143507 	   18 
      0 	  140685 	   20 	  138682 	   37 
     22 	  141174 	   19 	  149614 	   16 
      5 	  141650 	   17 	  147172 	   21 
      9 	  139006 	   32 	  136380 	   16 
      2 	  139991 	   18 	  151968 	    9 
      4 	  134204 	   10 	  141420 	   32 
     37 	  158468 	   41 	  145983 	   17 
    102 	  139722 	   20 	  138959 	   18 
     67 	  138729 	   20 	  139985 	    8 
    229 	  137309 	   21 	  139494 	   17 
    437 	  134663 	    8 	  139870 	   80 
     64 	  139529 	   66 	  138650 	   18 
     17 	  139026 	   21 	  134593 	   17 
    440 	  137781 	   22 	  139900 	   20 
     97 	  135166 	   11 	  142554 	   15 
    255 	  137221 	   20 	  142539 	   32 
    189 	  140074 	   29 	  147221 	   19 
   7400 	  137851 	   23 	  126456 	   19 
  78677 	   77681 	   45 	   64288 	   11 
      0 	  136505 	   12 	  144254 	   13 
   2760 	  136017 	   18 	  154894 	   41 
  13168 	  131699 	   19 	  131612 	   21 
   2814 	  139757 	   22 	  139795 	   10 
  12949 	  123372 	    7 	  130119 	   20 
   1355 	  137974 	   33 	  145312 	   19 
    691 	  139703 	   22 	  144970 	   33 
  31840 	  106853 	   25 	  108736 	   10 
  21972 	  114655 	   10 	  121378 	   15 
  43545 	   92588 	   19 	   93271 	   22 
    698 	  165185 	   64 	  139099 	   20 
      0 	  135605 	   19 	  143429 	   14 
     23 	  142982 	   22 	  126164 	   72 
      0 	  138624 	   19 	  137972 	   18 
   6576 	  141438 	   40 	  132423 	    9 
   9921 	  131584 	   23 	  148475 	   10 
      0 	  137591 	   23 	  153835 	   31 
      0 	  136168 	   22 	  139346 	   20 
      0 	  134550 	   14 	  144882 	   16 
  16407 	  123560 	   30 	  126315 	   14 
   7237 	  132875 	   21 	  138053 	   37 
      0 	  139733 	   25 	  150265 	   11 
      4 	  137912 	   24 	  146306 	   12 
      0 	  136570 	   20 	  139170 	   21 
      0 	  158608 	   50 	  140918 	   20 
      0 	  152675 	   41 	  143187 	   29 
      0 	  140011 	    7 	  143230 	   13 
      0 	  157675 	   43 	  142659 	   19 
      0 	  139846 	   11 	  141411 	   23 
      0 	  142385 	   26 	  138388 	   23 
      0 	  136580 	   24 	  143410 	   19 
  30982 	  102056 	    5 	  157106 	  155 
      0 	  135227 	    7 	  147425 	   16 
      0 	  135682 	    7 	  143689 	   21 
      0 	  152669 	   16 	  145058 	   58 
      0 	  177775 	   65 	  138994 	   26 
      0 	  141160 	   13 	  155735 	   49 
     12 	  147468 	   51 	  148437 	   18 
      0 	  138754 	   17 	  144196 	   19 
   1567 	  154606 	   38 	  142164 	   11 
      0 	  141698 	   12 	  146292 	   21 
      0 	  145399 	   22 	  142681 	   14 
     28 	  144372 	   19 	  147321 	   21 
   4056 	  137828 	   11 	  141064 	   12 
   2734 	  146712 	   20 	  136615 	   23 
  13294 	  130470 	   11 	  134392 	   31 
   1416 	  139086 	   11 	  142699 	   11 
  22091 	  124298 	   28 	  128017 	   19 
  21173 	  135162 	   32 	  118791 	   11 
  10382 	  135426 	   15 	  137746 	   16 
    631 	  139390 	   10 	  140386 	   12 
      0 	  144023 	   13 	  142042 	   17 
      0 	  145502 	   22 	  143766 	   15 
     17 	  144413 	   19 	  140350 	   19 
   2618 	  139316 	   10 	  141940 	   12 
   2735 	  143506 	   20 	  143376 	   24 
  19439 	  125243 	   16 	  130239 	   38 
  25506 	  123834 	   25 	  116808 	   13 
  18536 	  122216 	   13 	  122341 	   19 
  34478 	  111828 	   36 	  103685 	   14 
     75 	  138934 	    9 	  144735 	   19 
     27 	  144827 	   18 	  140435 	   10 
     41 	  143581 	   15 	  145143 	   24 
    570 	  141941 	   20 	  141532 	   13 
     33 	  144370 	   19 	  138408 	   23 
   4141 	  137563 	   17 	  144238 	   53 
  15712 	  124652 	   10 	  131828 	    8 
  15256 	  130319 	   28 	  127855 	   15 
  14553 	  140807 	   45 	  130260 	   15 
    227 	  144375 	   15 	  140015 	   17 
     45 	  139948 	   11 	  140854 	    8 
      0 	  142881 	   12 	  146742 	   60 
      0 	  139690 	   20 	  141865 	   21 
   2053 	  142908 	   55 	  141251 	   12 
   1470 	  144619 	   17 	  144339 	   22 
   3034 	  137210 	   14 	  137638 	   11 
  21333 	  127626 	   20 	  121252 	   10 
   5104 	  138614 	   11 	  138504 	   24 
      0 	  139566 	   10 	  140433 	   16 
   3176 	  144967 	   23 	  134152 	   19 
  27293 	  114738 	   14 	  117203 	   14 
  11045 	  126143 	   15 	  131255 	   14 
   1206 	  145454 	   18 	  137655 	   37 
      0 	  136396 	   13 	  146176 	   17 
  23780 	  121189 	   26 	  131108 	   30 
  10173 	  137435 	   29 	  132256 	   11 
  17107 	  132344 	   28 	  117662 	    9 
  34179 	  104144 	   10 	  107413 	   16 
  18533 	  121401 	   11 	  129926 	   14 
   1969 	  142353 	   19 	  145653 	   44 
   7828 	  135628 	   46 	  126977 	   15 
   9193 	  126362 	   12 	  125405 	   20 
      7 	  134294 	   11 	  137292 	   15 
  23151 	  116021 	   19 	  118226 	   12 
  15644 	  124832 	   15 	  120684 	   34 
      8 	  135290 	   11 	  137600 	   13 
   3082 	  139586 	   31 	  139755 	   17 
  13110 	  129946 	   18 	  124845 	   15 
   3706 	  135441 	   16 	  135089 	   15 
   6468 	  129850 	   10 	  135693 	   28 
    394 	  144554 	   26 	  152167 	   36 
    467 	  143873 	   27 	  132786 	    9 
  20319 	  121912 	   19 	  118069 	   18 
  28022 	  114610 	   12 	  111384 	   16 
  13800 	  124745 	   15 	  128009 	   11 
  16284 	  121281 	   12 	  132216 	   26 
  14431 	  127846 	   23 	  120225 	   13 
  33985 	  103489 	   12 	  107292 	   14 
  23757 	  117513 	   13 	  113108 	   11 
  19566 	  121869 	   14 	  140285 	   84 
  51635 	   99766 	   73 	   88141 	   10 
  50135 	   90170 	   13 	   95479 	   23 
  50976 	   97934 	   19 	   93705 	    9 
  62400 	   83093 	   14 	   77878 	   10 
  41659 	   97777 	   13 	   95289 	   17 
  17852 	  126003 	   23 	  124795 	   30 
    185 	  150213 	   33 	  134921 	   10 
    121 	  138456 	   13 	  133208 	   84 
      0 	  144430 	   15 	  131324 	   40 
      0 	  144459 	   81 	  138078 	    8 
     84 	  144615 	   36 	  145029 	   66 
      0 	  138564 	   18 	  142313 	   13 
      0 	  143660 	   14 	  143175 	   13 
    372 	  146459 	   55 	  147335 	   23 
      4 	  141674 	   11 	  150748 	   14 
      0 	  139792 	   11 	  143932 	    9 
  18049 	  126553 	   24 	  119632 	   21 
    127 	  138274 	   13 	  143553 	   19 
    271 	  143210 	   14 	  142861 	   12 
     77 	  142111 	   15 	  145142 	   30 
      0 	  145472 	   22 	  138386 	   19 
      0 	  140413 	   28 	  141332 	   11 
     13 	  139297 	   10 	  140077 	    9 
     21 	  145846 	   18 	  141444 	   19 
      6 	  138420 	   15 	  141898 	   14 
  12080 	  131690 	   16 	  123839 	   25 
      0 	  139328 	   10 	  137605 	   13 
  17499 	  122274 	    9 	  120802 	   35 
  27471 	  118258 	   25 	  120604 	   18 
  38710 	   99745 	   11 	  107209 	   12 
      0 	  136094 	   14 	  149846 	   12 
   2009 	  153101 	   39 	  141274 	   10 
    108 	  148820 	   26 	  138025 	   18 
      0 	  139924 	   14 	  142473 	   11 
      0 	  136412 	   15 	  140692 	   13 
   4664 	  135165 	   23 	  136574 	   22 
     81 	  142331 	   12 	  139286 	   18 
   3688 	  140551 	   18 	  136449 	   12 
  13141 	  129685 	   18 	  124679 	    6 
     50 	  137548 	   13 	  145929 	   16 
    580 	  139452 	   19 	  145750 	   18 
   1504 	  138540 	   16 	  126472 	   13 
  40116 	  100902 	   18 	   98359 	   12 
   2862 	  138774 	   12 	  141914 	   13 
   7290 	  135335 	   16 	  135195 	   35 
  28624 	  120314 	   36 	  109251 	   38 
   6856 	  136286 	   15 	  125416 	    8 
     59 	  135883 	   11 	  136979 	   11 
    443 	  145140 	   34 	  137802 	   34 
      0 	  141358 	   14 	  143281 	   16 
      0 	  140623 	   13 	  138676 	   16 
      0 	  143122 	   25 	  139246 	   14 
    454 	  147016 	   26 	  136579 	   13 
    435 	  135366 	   11 	  151411 	   23 
  52812 	   85395 	    9 	   80394 	   13 
  37336 	  104556 	   27 	  104716 	   11 
  53608 	   84311 	    8 	   94376 	   66 
      0 	  145620 	   17 	  143859 	   20 
  23595 	  125733 	   62 	  120710 	   17 
  24401 	  119040 	   17 	  113331 	    7 
     90 	  139116 	   14 	  137042 	   16 
  20644 	  121157 	   23 	  124812 	   19 
  18805 	  125918 	   22 	  120701 	   10 
  28908 	  109670 	   12 	  110328 	   30 
  36367 	  108347 	   24 	  106893 	   41 
  50966 	   92126 	   38 	   89987 	   12 
  68590 	   67694 	   14 	   65962 	   17 
  64978 	   74672 	   22 	   77016 	   20 
  44106 	   98777 	   21 	   93349 	   15 
  50847 	   88056 	   20 	   83832 	   19 
  42259 	   94095 	   13 	  102111 	   29 
  29650 	  116629 	   26 	  107384 	   10 
  45434 	   93163 	   13 	   98737 	   23 
  51796 	   91490 	   21 	   84887 	   13 
  55166 	   84637 	   15 	   86839 	   13 
  67194 	   78327 	   46 	   74808 	   47 
  68346 	   72870 	   11 	   75948 	   22 
  74895 	   65680 	   17 	   62976 	   14 
  38755 	  103440 	   19 	  107057 	   21 
  17498 	  127939 	   19 	  123764 	   13 
  10754 	  128972 	   10 	  132798 	   59 
    255 	  147045 	   55 	  142202 	   23 
     28 	  139232 	   12 	  145436 	   53 
      3 	  139857 	   31 	  143453 	   25 
      5 	  144293 	   51 	  140509 	   11 
    737 	  141690 	   22 	  138254 	   23 
      3 	  140007 	   17 	  139499 	   19 
  14385 	  124101 	   12 	  125680 	   12 
  23103 	  119847 	   17 	  117377 	   10 
     83 	  138346 	   11 	  137857 	   21 
   2535 	  142910 	   20 	  140671 	   16 
  15671 	  122955 	    8 	  127491 	   32 
   3364 	  138681 	   15 	  138027 	   26 
      0 	  139647 	   30 	  136542 	   16 
  11077 	  131787 	   28 	  126784 	   17 
  10784 	  127539 	   14 	  130104 	   16 
   3987 	  138865 	   13 	  135317 	   16 
  16146 	  123968 	   15 	  124308 	   17 
   9310 	  130186 	   19 	  128769 	   27 
   7129 	  134961 	   21 	  132392 	   28 
  14641 	  123548 	   10 	  131197 	   29 
  27656 	  117808 	   27 	  116353 	    6 
  29930 	  117102 	   28 	  112238 	   20 
   3430 	  137468 	   16 	  136839 	    9 
   9565 	  130239 	   13 	  131348 	   42 
   4060 	  137169 	   42 	  130101 	   11 
  15071 	  119115 	   11 	  123456 	   18 
   1098 	  137100 	   20 	  137064 	   19 
    912 	  139743 	   21 	  134943 	   17 
   7944 	  128540 	   19 	  126403 	   10 
   2400 	  133013 	   12 	  139089 	   30 
   7442 	  136086 	   26 	  133153 	   17 
  13823 	  126108 	   15 	  126617 	   19 
   8459 	  136394 	   21 	  129613 	   13 
  13314 	  122937 	    9 	  123499 	   15 
   2605 	  135205 	   15 	  134138 	   32 
  14671 	  127044 	   36 	  123321 	   16 
  15376 	  124098 	   23 	  120486 	   16 
   5389 	  130750 	   17 	  131629 	   18 
  12892 	  125462 	   22 	  126286 	   20 
  11015 	  129864 	   20 	  127479 	   16 
   6435 	  136125 	   27 	  132123 	   27 
  16264 	  120317 	   12 	  121967 	   20 
  10678 	  128940 	   19 	  130323 	   21 
   6751 	  134290 	   21 	  130503 	   17 
  10731 	  129672 	   17 	  139308 	   58 
    551 	  144710 	   54 	  142899 	   65 
    118 	  142484 	   55 	  141485 	   27 
    154 	  140192 	   30 	  141349 	   59 
   2678 	  141215 	   59 	  135142 	   12 
  18248 	  118710 	   14 	  121039 	   16 
  10511 	  128052 	   18 	  128465 	   12 
   3819 	  138011 	   16 	  132021 	   12 
  12886 	  123357 	   14 	  127613 	   17 
  14422 	  125397 	   20 	  126871 	   27 
  23359 	  119153 	   22 	  117765 	   26 
  47820 	   91965 	   28 	   92620 	   31 
  17488 	  124910 	   28 	  120247 	    7 
   1589 	  136615 	   16 	  137327 	   20 
   6683 	  135913 	   20 	  136864 	   13 
   4589 	  133843 	   11 	  136662 	   28 
   1510 	  139639 	   26 	  133349 	   16 
   8966 	  128489 	   15 	  129644 	   15 
   4890 	  134113 	   16 	  135287 	   16 
    336 	  142381 	   17 	  138215 	   18 
   2981 	  136513 	   16 	  140193 	   16 
   4410 	  137240 	   16 	  139944 	   28 
   4739 	  140361 	   26 	  130394 	   29 
    131 	  137703 	   27 	  140636 	   15 
   3290 	  140054 	   30 	  143544 	   32 
   6464 	  133706 	   16 	  125472 	    8 
    921 	  138459 	   19 	  137844 	   24 
    369 	  137955 	   15 	  146157 	  108 
  13717 	  128691 	   79 	  127722 	   12 
  46117 	   94438 	   41 	   95851 	   11 
  26990 	  113291 	   14 	  110390 	   17 
   1126 	  139154 	   20 	  141009 	   14 
  28985 	  109402 	   10 	  108995 	   15 
  11778 	  128957 	   10 	  132218 	   18 
   3537 	  136008 	   22 	  129376 	   11 
  42397 	   94423 	   13 	   98907 	   13 
  16361 	  121649 	   11 	  127509 	   19 
   3034 	  138633 	   21 	  133302 	   11 
  48733 	   89039 	   20 	   88339 	    6 
   1851 	  135030 	   11 	  137844 	   45 
    677 	  140660 	   37 	  138437 	   17 
  11340 	  126648 	   10 	  130673 	    6 
     70 	  138536 	   16 	  141651 	   22 
   1245 	  140277 	   15 	  133572 	    9 
  12005 	  127572 	   14 	  126828 	   25 
  22275 	  112357 	    9 	  115819 	   11 
  27302 	  112658 	   21 	  110229 	   10 
   2059 	  138048 	   15 	  138386 	   23 
    398 	  139359 	   22 	  136917 	   10 
  10589 	  123243 	   11 	  124890 	   50 
      0 	  135366 	   14 	  135609 	   20 
  22203 	  115757 	   44 	  120450 	   11 
   6318 	  136834 	   14 	  130051 	   21 
      3 	  142507 	   11 	  134926 	   12 
  26071 	  111166 	   19 	  110184 	    8 
     28 	  138914 	   10 	  133779 	   20 
  11292 	  132025 	   17 	  126847 	    9 
  18866 	  118478 	   11 	  132309 	   19 
      2 	  140565 	   16 	  135427 	   15 
  14681 	  134452 	   24 	  129190 	   12 
   1039 	  141429 	   16 	  136792 	   43 
      0 	  138893 	   14 	  137185 	   14 
  21227 	  119458 	   45 	  114987 	   10 
     62 	  140668 	   12 	  136612 	   23 
    734 	  138915 	   28 	  127450 	   14 
   3389 	  130161 	   14 	  135742 	   24 
  12784 	  121572 	   13 	  119854 	   11 
  21877 	  119287 	   28 	  114393 	   11 
   5538 	  132822 	   15 	  129736 	   23 
   3848 	  135446 	   29 	  134455 	   15 
  12740 	  121550 	   12 	  135507 	   92 
      0 	  140232 	   19 	  137035 	   13 
    178 	  146051 	   84 	  135956 	    6 
      2 	  136216 	   13 	  142628 	   23 
      0 	  135493 	   13 	  138849 	   15 
   3657 	  138360 	   21 	  131346 	   28 
   2838 	  136479 	   12 	  134305 	   10 
    134 	  138341 	   21 	  133411 	   15 
      7 	  134043 	    8 	  135976 	   23 
      2 	  134414 	   13 	  132250 	   13 
     75 	  135710 	   21 	  136977 	   45 
      0 	  136580 	   11 	  140079 	   19 
     41 	  138893 	   46 	  138944 	   10 
     30 	  137347 	   18 	  138670 	   22 
      0 	  136665 	   15 	  142841 	   19 
    154 	  142310 	   20 	  140818 	   18 
     69 	  144063 	   21 	  138487 	   27 
   1703 	  134677 	    9 	  139116 	   14 
   3899 	  137254 	   24 	  131200 	   22 
      0 	  137794 	   12 	  135099 	   13 
    182 	  139589 	   26 	  141142 	   16 
     14 	  135676 	   13 	  132880 	   52 
      0 	  134666 	   15 	  126252 	   18 
     32 	  136306 	   44 	  130484 	   23 
      6 	  135313 	   12 	  126333 	   14 
  14201 	  121191 	   27 	  120938 	   28 
    580 	  132405 	   18 	  133159 	   12 
  18963 	  117803 	   29 	  124054 	   23 
      9 	  135685 	   13 	  134622 	   11 
    103 	  141723 	   17 	  140610 	    9 
      6 	  141573 	   26 	  132214 	   43 
      0 	  142267 	   15 	  126782 	   15 
     40 	  141264 	   48 	  137443 	   25 
      6 	  131942 	   14 	  135360 	   18 
      0 	  134366 	   13 	  139222 	   12 
  14199 	  123927 	   24 	  125785 	   26 
    871 	  137089 	   16 	  136839 	   13 
   5716 	  133146 	   32 	  143865 	   27 
      6 	  139944 	   19 	  143284 	   13 
    181 	  141267 	   15 	  143309 	   13 
    297 	  149498 	   30 	  177218 	  113 
    105 	  146643 	   16 	  148730 	   65 
    130 	  161462 	  145 	  150202 	   24 
    224 	  139894 	   20 	  138560 	   13 
   1854 	  145005 	   23 	  135984 	   13 
     76 	  137221 	   12 	  143371 	   15 
      0 	  137985 	   11 	  138034 	    9 
     57 	  142670 	   14 	  143293 	   19 
   9349 	  134273 	   19 	  131871 	   33 
   3511 	  134132 	   13 	  151869 	   62 
    984 	  145862 	   37 	  142573 	   13 
     28 	  154164 	   59 	  140126 	    9 
      2 	  139873 	   15 	  141706 	   12 
      3 	  143825 	   11 	  142772 	   14 
    818 	  139633 	    8 	  145581 	   24 
   1830 	  139083 	   12 	  145316 	   19 
      0 	  144662 	   31 	  153614 	   18 
     85 	  148504 	   25 	  139737 	    8 
    199 	  143175 	   16 	  139915 	   15 
     36 	  140100 	   10 	  135275 	   16 
  13608 	  128629 	   11 	  135039 	   22 
   2053 	  140983 	   11 	  139502 	    9 
    176 	  147463 	   21 	  137970 	   17 
   1425 	  139250 	   10 	  146079 	   21 
    291 	  144391 	   23 	  144948 	   14 
   1079 	  137273 	    8 	  140076 	   13 
    759 	  144626 	   12 	  146718 	   60 
   5575 	  142076 	   16 	  151127 	   13 
  13693 	  142348 	   56 	  132413 	   11 
   6213 	  141851 	   12 	  131656 	   11 
  16995 	  124409 	    9 	  128442 	   22 
      0 	  138578 	   13 	  146368 	   28 
      0 	  142258 	   27 	  141671 	   11 
    184 	  144768 	   30 	  152120 	   37 
    198 	  140019 	   11 	  146263 	   14 
     15 	  144444 	   21 	  149243 	   11 
   3126 	  147000 	   35 	  145504 	   11 
    874 	  139958 	   11 	  139777 	   20 
    429 	  145503 	   12 	  144072 	   21 
   2628 	  140048 	   13 	  142602 	   11 
  16391 	  132118 	   24 	  128644 	   28 
    101 	  139010 	   15 	  140273 	   30 
      2 	  144939 	   23 	  146669 	   21 
      0 	  144023 	   25 	  141713 	   12 
     90 	  141115 	   20 	  141412 	   14 
      2 	  140639 	   14 	  143000 	   42 
      0 	  145233 	   15 	  137962 	   15 
    336 	  144235 	   39 	  142123 	   35 
   1728 	  137510 	    9 	  145990 	   16 
   1613 	  146054 	   31 	  140264 	   11 
     60 	  144330 	   18 	  137158 	   12 
   1396 	  139265 	   10 	  136519 	   23 
   2937 	  140309 	   11 	  144453 	   16 
  22129 	  128806 	   22 	  114691 	    7 
  36950 	  101573 	   11 	  101168 	   16 
     81 	  141191 	   16 	  144605 	   18 
   1164 	  145421 	   19 	  146423 	   13 
  51355 	   89973 	   19 	   85787 	    7 
  14268 	  129185 	   12 	  124736 	   33 
  13688 	  145520 	  103 	  140191 	  114 
  15680 	  129013 	   28 	  130211 	   30 
  37330 	  102050 	   13 	  104696 	   18 
  26958 	  114126 	   19 	  118462 	   17 
  39596 	  103607 	   23 	  104733 	   17 
  13317 	  131961 	   19 	  136160 	   11 
  18337 	  121218 	   10 	  125037 	   28 
  28065 	  118517 	   26 	  118143 	    8 
  12632 	  126874 	   14 	  128806 	   14 
  36656 	  104212 	   11 	  108541 	   14 
  35337 	  106459 	   16 	  104359 	   13 
  19645 	  119304 	   12 	  121047 	   13 
  60560 	   83183 	   15 	   79727 	    8 
   1334 	  138765 	   11 	  146575 	   46 
  24120 	  129508 	   49 	  121493 	   10 
    250 	  139079 	   15 	  140926 	   15 
  13710 	  123863 	   11 	  133714 	   22 
  11330 	  135062 	   24 	  131441 	   14 
   4485 	  137170 	   15 	  135390 	   16 
  22415 	  119035 	   19 	  128581 	   27 
  30363 	  123365 	   28 	  114977 	    8 
  13030 	  128558 	    9 	  139364 	   25 
  14464 	  128346 	   27 	  130360 	   10 
    601 	  142144 	   12 	  144454 	   12 
   1647 	  142216 	   15 	  142553 	   18 
   7296 	  133652 	   16 	  143390 	   45 
   1712 	  142633 	   44 	  147775 	   31 
      0 	  139976 	   21 	  149002 	    9 
      4 	  147322 	   29 	  139647 	   12 
      4 	  144336 	   14 	  138625 	   11 
  11467 	  128186 	   13 	  134025 	   20 
      2 	  142271 	   14 	  144617 	   12 
  10969 	  137908 	   16 	  130451 	    7 
    876 	  143926 	   16 	  137406 	   19 
      0 	  139478 	   10 	  142199 	   19 
    548 	  146308 	   20 	  135958 	   26 
   1967 	  137350 	   10 	  134898 	   17 
  70112 	   75612 	   19 	   70737 	    8 
  56284 	   84742 	   12 	   82996 	   33 
  17872 	  120564 	   11 	  130285 	   38 
  62064 	   91916 	   46 	   79538 	    7 
  36770 	  106145 	   10 	  112388 	   16 
  19774 	  125803 	   18 	  132450 	   20 
      0 	  142190 	   15 	  151025 	   15 
     94 	  142148 	   20 	  138944 	   13 
   5869 	  139780 	   18 	  134787 	   27 
      2 	  142281 	   10 	  141940 	   17 
   2988 	  154220 	   24 	  135970 	   14 
     87 	  141345 	   13 	  143963 	   19 
      5 	  143974 	   15 	  143732 	   18 
    838 	  144150 	   20 	  138908 	   10 
  10563 	  127251 	   19 	  133055 	   33 
  43204 	  104318 	   33 	  100505 	   10 
  42281 	   99367 	   24 	  102731 	   28 
  73429 	   67133 	   10 	   71332 	   13 
  63870 	   81579 	   17 	   81589 	   17 
  53794 	   88187 	   16 	   87129 	   13 
  49540 	   98724 	   90 	   93817 	   99 
  81345 	   61067 	   22 	   58895 	   20 
  63274 	   76424 	   18 	   82003 	   16 
  87767 	   53648 	   20 	   55317 	   25 
  76166 	   71163 	   21 	   64394 	   16 
  70777 	   76617 	   31 	   80911 	   34 
  64798 	   75852 	   10 	   81862 	   13 
  81361 	   60490 	   28 	   65314 	   25 
  63056 	   80915 	   22 	   79265 	   20 
  67719 	   72651 	   15 	   79189 	   14 
  69605 	   72729 	   21 	   73507 	   22 
  76434 	   60866 	   13 	   64614 	   20 
  92898 	   55390 	   48 	   50617 	   50 
  92839 	   50905 	   20 	   51358 	   19 
  91172 	   52954 	   26 	   56210 	   21 
 103769 	   38039 	   19 	   40429 	   21 
  94484 	   56029 	   25 	   58085 	   22 
  86767 	   59718 	   30 	   58039 	   34 
  75509 	   67983 	   21 	   60874 	   12 
  63927 	   79155 	   18 	   82140 	   22 
  48287 	   96804 	   26 	   92811 	   20 
  88395 	   51998 	   14 	   57822 	   21 
  61285 	   85500 	   22 	   85172 	   11 
  89188 	   51436 	   21 	   58776 	   18 
  55846 	   97910 	   64 	   93237 	   56 
  59814 	   81395 	   11 	   90811 	   28 
  68199 	   80210 	   20 	   76595 	    6 
   8753 	  131380 	   13 	  138751 	   28 
    110 	  141782 	   30 	  138138 	   16 
  41659 	   97767 	   10 	  104907 	   28 
  28548 	  119072 	   26 	  115113 	   14 
      0 	  137742 	   14 	  136797 	   16 
  29806 	  108188 	   12 	  112252 	   19 
  20980 	  125540 	   18 	  116705 	   13 
  61272 	   82786 	   15 	   82450 	   21 
  72207 	   69540 	    8 	   67492 	   51 
  68103 	   90734 	   55 	   83704 	   12 
  63842 	   78607 	   12 	   79571 	   25 
  45315 	  111052 	   27 	   99163 	   13 
  48773 	   94692 	   14 	   95378 	   11 
  43588 	  112042 	   34 	  113102 	   29 
  27384 	  115065 	   11 	  110240 	   17 
  31865 	  111002 	   14 	  109313 	   21 
  45821 	  105477 	   31 	  102021 	   22 
  44034 	   99213 	   15 	   96749 	   13 
  30973 	  111957 	   18 	  122926 	   28 
  52970 	   94241 	   25 	   91984 	   11 
  91850 	   49778 	   21 	   48806 	   23 
  71379 	   76129 	   35 	   74182 	   36 
  61501 	   80969 	   15 	   82150 	   13 
  27366 	  124302 	   19 	  121445 	   18 
  61040 	   79907 	   13 	   79730 	   12 
  39494 	  110326 	   32 	  103860 	   17 
  60463 	   78751 	   13 	   80262 	   37 
  54987 	   98146 	   24 	   88558 	   14 
  28221 	  116905 	   15 	  122101 	   18 
  24626 	  133779 	  136 	  120974 	   17 
   2302 	  137999 	   19 	  155385 	  154 
     84 	  146595 	   47 	  142166 	   26 
    210 	  141731 	   38 	  146236 	   56 
      0 	  149762 	   20 	  144572 	   17 
     38 	  143177 	   15 	  143001 	   47 
     59 	  142640 	   21 	  146797 	   22 
      0 	  145462 	   22 	  147304 	   16 
     24 	  143052 	   12 	  144189 	   25 
     23 	  150733 	   28 	  143307 	   19 
      0 	  143002 	   14 	  149441 	   16 
      5 	  140317 	   13 	  146589 	   29 
   8292 	  136454 	   15 	  130787 	   13 
     28 	  146417 	   26 	  142213 	   11 
      0 	  138337 	   12 	  140742 	   28 
    262 	  147901 	   28 	  139102 	   13 
     22 	  141919 	   12 	  142073 	   24 
   6112 	  142446 	   16 	  138040 	   14 
     84 	  148526 	   44 	  140235 	   15 
      8 	  138283 	   13 	  148036 	   48 
   2795 	  140624 	   10 	  145601 	   17 
   6678 	  138957 	   14 	  134675 	   15 
      0 	  145040 	   24 	  146080 	   13 
     59 	  139851 	   14 	  144264 	   24 
      0 	  144965 	   20 	  140811 	   14 
      0 	  142245 	   14 	  141707 	   12 
    169 	  137368 	   14 	  147771 	   17 
  11907 	  132306 	   18 	  127077 	   12 
      1 	  139979 	   20 	  137534 	   16 
     15 	  145268 	   21 	  137178 	   17 
      7 	  141079 	   23 	  142009 	   21 
      0 	  143054 	   18 	  141095 	   13 
     16 	  145916 	   20 	  146580 	   27 
     29 	  154435 	   39 	  140419 	    9 
    108 	  144773 	   11 	  147480 	   55 
     97 	  138963 	   10 	  141707 	   11 
  22446 	  119728 	   16 	  121133 	    9 
      0 	  139137 	   17 	  153356 	   13 
      0 	  142743 	   53 	  136873 	   15 
      0 	  141974 	   13 	  141356 	   17 
   1721 	  138958 	   19 	  147252 	   59 
    381 	  146892 	   17 	  135239 	   13 
      0 	  143099 	   10 	  139611 	   20 
   2846 	  136374 	   13 	  140394 	   24 
      0 	  143429 	   24 	  141722 	   13 
      3 	  139798 	   15 	  146415 	   10 
      0 	  135255 	   15 	  137435 	   19 
    124 	  143045 	   27 	  139047 	   13 
      1 	  136320 	   15 	  139856 	   16 
   1093 	  147392 	   33 	  135220 	   25 
      0 	  138409 	   17 	  146709 	   14 
      8 	  147692 	   27 	  134510 	   18 
     25 	  137507 	   11 	  147929 	   39 
      0 	  135871 	   15 	  139930 	   12 
     64 	  143865 	   19 	  146538 	   30 
      0 	  144096 	   47 	  137174 	   13 
      0 	  136673 	   15 	  136447 	   12 
      0 	  134181 	   14 	  146304 	   23 
    154 	  140266 	   25 	  147515 	   41 
      2 	  140606 	   15 	  135519 	   13 
      0 	  134726 	   13 	  136421 	   20 
    157 	  142323 	   31 	  136651 	   25 
      0 	  142546 	   19 	  143863 	   15 
     16 	  140129 	   24 	  134043 	   12 
      4 	  135980 	   11 	  134190 	   31 
     23 	  144873 	   21 	  141895 	   19 
     22 	  149687 	   32 	  139910 	   26 
      0 	  137355 	   18 	  137591 	   11 
      2 	  143019 	   13 	  143760 	   20 
     49 	  140502 	   15 	  136405 	   37 
     18 	  138052 	   13 	  151692 	   21 
      1 	  142953 	   26 	  137479 	   19 
     12 	  137375 	   12 	  139423 	   18 
      0 	  140588 	   15 	  144973 	   12 
      0 	  140348 	   18 	  141169 	   11 
     10 	  150251 	   66 	  148106 	   22 
      0 	  140788 	   13 	  136322 	   13 
      0 	  149722 	   25 	  136986 	   13 
      0 	  142890 	   13 	  145812 	   16 
      0 	  139105 	   14 	  151408 	   62 
      8 	  143336 	   17 	  138499 	   27 
      2 	  150897 	   32 	  146543 	   14 
      6 	  138851 	   11 	  144064 	   10 
      0 	  145167 	   14 	  137365 	   16 
    124 	  147773 	   80 	  138845 	   32 
      2 	  147075 	   38 	  137143 	   15 
      3 	  136586 	    9 	  132826 	   91 
    148 	  139696 	   15 	  134616 	   40 
    228 	  152039 	   69 	  130893 	   16 
    135 	  142497 	   12 	  145047 	   72 
   2171 	  138135 	   12 	  152971 	   17 
      1 	  142441 	   24 	  146015 	   15 
      0 	  137534 	   14 	  141078 	   12 
   2788 	  136582 	   15 	  151829 	   24 
     69 	  143181 	   15 	  145217 	   12 
     36 	  145492 	   19 	  142371 	   15 
      0 	  144015 	   21 	  130896 	   16 
      0 	  138087 	    9 	  148779 	   25 
      0 	  148201 	   23 	  143561 	   10 
      0 	  137663 	    8 	  139571 	   19 
  17915 	  126508 	   10 	  127528 	   26 
      3 	  138337 	    9 	  137691 	    9 
  17780 	  121807 	   13 	  124079 	    8 
      0 	  145005 	   26 	  142165 	   14 
     11 	  140049 	   11 	  133744 	   26 
      1 	  137491 	   17 	  139277 	   12 
    523 	  151698 	   38 	  137229 	   11 
    137 	  147789 	   27 	  148658 	   39 
     42 	  140578 	   14 	  145193 	   21 
     36 	  135850 	   14 	  145183 	    8 
     12 	  139097 	   24 	  143090 	   12 
      0 	  142279 	   16 	  139856 	   10 
     45 	  142917 	   18 	  139150 	   20 
     10 	  143286 	   20 	  145321 	   12 
      0 	  140658 	   14 	  138307 	    7 
     23 	  140571 	   17 	  136432 	   25 
      0 	  142589 	   18 	  141616 	   16 
      0 	  136504 	   13 	  142095 	   12 
      0 	  140486 	   15 	  143632 	   16 
     27 	  141812 	   16 	  142304 	   13 
     27 	  148786 	   32 	  134104 	   17 
     16 	  142923 	   12 	  132968 	   14 
    165 	  144813 	   32 	  141099 	   17 
   7227 	  129269 	   13 	  146821 	   14 
    652 	  141777 	   14 	  135896 	   28 
     24 	  140372 	   12 	  134988 	   35 
    133 	  147996 	   33 	  132130 	   12 
      0 	  142015 	   14 	  136463 	    6 
      1 	  135816 	   11 	  152680 	   36 
   5351 	  133896 	   10 	  135615 	   15 
      5 	  144295 	   25 	  137367 	   13 
      0 	  138588 	    9 	  134200 	   13 
      0 	  146148 	   40 	  144374 	   21 
      0 	  138083 	   17 	  142552 	   11 
      0 	  145658 	   17 	  143532 	   14 
      0 	  139035 	   18 	  135478 	   10 
     26 	  142267 	   19 	  151062 	   39 
      0 	  145875 	   18 	  138609 	   17 
      0 	  138566 	   13 	  138853 	   16 
   2609 	  138209 	   32 	  138874 	   22 
     10 	  140272 	   18 	  137891 	   15 
   1510 	  136904 	   22 	  147905 	   15 
   5774 	  131728 	   16 	  134025 	   32 
      7 	  142830 	   20 	  137202 	   18 
      0 	  140480 	   32 	  138560 	   14 
      3 	  138475 	   22 	  137330 	   26 
     17 	  141791 	   31 	  139913 	   16 
     13 	  143410 	   21 	  137789 	   12 
      8 	  136800 	   14 	  141464 	   34 
    226 	  143114 	   25 	  141377 	   36 
     15 	  144467 	   57 	  138376 	   13 
      0 	  140998 	   14 	  139506 	   16 
      0 	  146847 	   22 	  138340 	   14 
      0 	  141700 	   17 	  138671 	   20 
      0 	  143341 	   15 	  143543 	   61 
      0 	  138679 	   11 	  143999 	   20 
    114 	  146859 	   43 	  142918 	   19 
      0 	  138620 	   12 	  141514 	   17 
      0 	  140594 	   19 	  146382 	   11 
     50 	  139725 	   51 	  141274 	   48 
      0 	  138840 	   20 	  140914 	   13 
     85 	  138394 	   25 	  147459 	   55 
     15 	  134486 	   16 	  134475 	   12 
     35 	  138821 	   22 	  138637 	   20 
    557 	  138717 	   32 	  136815 	   19 
      0 	  134921 	   14 	  135243 	   19 
      4 	  136918 	   21 	  135477 	   11 
     77 	  140471 	   21 	  139400 	   31 
     55 	  139324 	   14 	  132134 	   18 
    676 	  136192 	   16 	  137950 	   21 
      3 	  139806 	   33 	  137794 	   12 
      0 	  142093 	   19 	  136688 	   17 
     15 	  137092 	   17 	  139012 	   35 
     14 	  139782 	   19 	  137937 	   18 
     19 	  140714 	   17 	  143692 	   17 
   7385 	  136074 	   23 	  128022 	   17 
      5 	  140014 	   20 	  138407 	   13 
      0 	  137535 	   15 	  138819 	   12 
   3667 	  137847 	   15 	  137455 	   26 
     59 	  151711 	   65 	  135353 	   20 
    106 	  146034 	   42 	  139080 	   14 
    176 	  143775 	   17 	  138937 	   18 
    175 	  136939 	   13 	  152232 	   73 
     46 	  147116 	   58 	  150293 	   46 
      0 	  139049 	   12 	  143303 	   21 
     25 	  144330 	   24 	  138443 	   65 
      0 	  138792 	   11 	  137791 	   16 
      8 	  147449 	   25 	  143257 	   16 
      0 	  139014 	   11 	  139374 	   21 
      8 	  144087 	   13 	  140616 	   20 
    185 	  138176 	   12 	  141021 	   28 
     92 	  140724 	   12 	  136971 	   11 
      0 	  144274 	   22 	  145568 	    8 
   3817 	  134477 	   11 	  136117 	   11 
      0 	  141152 	   13 	  142197 	   18 
    308 	  137707 	   16 	  138310 	   15 
      2 	  142565 	   20 	  138343 	   14 
      0 	  143578 	   27 	  138419 	   14 
      0 	  138217 	   11 	  138493 	   20 
      2 	  145315 	   17 	  140703 	   19 
     20 	  145726 	   30 	  143757 	   30 
      5 	  142290 	   28 	  138705 	   10 
      3 	  145041 	   17 	  145113 	   32 
      0 	  139278 	   15 	  147157 	   21 
     80 	  142107 	   52 	  141960 	   32 
      0 	  138749 	   14 	  142531 	   12 
      0 	  143397 	   18 	  145959 	   14 
      0 	  136868 	   17 	  137046 	   12 
     21 	  140978 	   16 	  140055 	   53 
     10 	  142608 	   19 	  139471 	   16 
      0 	  143147 	   27 	  137646 	   13 
      5 	  142281 	   19 	  137639 	   23 
      2 	  141838 	   24 	  139591 	   17 
   7894 	  129564 	   15 	  136035 	   11 
     12 	  141069 	   20 	  141079 	   32 
      0 	  138688 	   19 	  142439 	   24 
      8 	  135970 	   11 	  139290 	   16 
     77 	  146013 	   30 	  136511 	   14 
      2 	  144773 	   15 	  137329 	   16 
      0 	  139525 	    9 	  135686 	   18 
      1 	  143933 	   32 	  138117 	   19 
      0 	  138134 	   19 	  147048 	   34 
      0 	  142611 	   17 	  144780 	   20 
      0 	  139178 	   14 	  143446 	   16 
     82 	  142865 	   32 	  140580 	   31 
      0 	  139111 	   14 	  138768 	    8 
      0 	  140568 	   13 	  145286 	   11 
      0 	  138593 	   14 	  137961 	   13 
    175 	  145188 	   92 	  144963 	   36 
      0 	  140700 	   43 	  136064 	   13 
      0 	  140783 	   16 	  141712 	   16 
      0 	  142759 	   12 	  140128 	   10 
     10 	  137457 	    8 	  143445 	  133 
      0 	  139712 	   12 	  142272 	   15 
     10 	  142641 	   25 	  141779 	   11 
      0 	  135799 	    6 	  142191 	   17 
      0 	  138224 	   12 	  136470 	   16 
      0 	  145846 	   21 	  140324 	   19 
      0 	  135554 	    8 	  142619 	   18 
      7 	  135886 	   13 	  136334 	   22 
      0 	  141309 	   23 	  148641 	   13 
     48 	  139320 	   11 	  138928 	   12 
     56 	  151360 	   22 	  134454 	   10 
      0 	  135187 	   10 	  143424 	   19 
      1 	  141951 	   15 	  139789 	   19 
      7 	  135075 	    9 	  139125 	   19 
      0 	  137572 	   26 	  143591 	    6 
      0 	  140510 	   15 	  143632 	   14 
      0 	  141147 	   14 	  136446 	    9 
     19 	  135526 	   14 	  134884 	   27 
      0 	  132952 	   11 	  139482 	   13 
      0 	  139522 	   47 	  139888 	   16 
      0 	  138829 	   13 	  147139 	   10 
      0 	  144355 	   20 	  133268 	   13 
     39 	  133371 	    7 	  133823 	   56 
     54 	  138784 	   12 	  138426 	   12 
     32 	  141865 	   19 	  140601 	   12 
      0 	  139404 	   15 	  136621 	   11 
      0 	  139930 	   16 	  134790 	   11 
     15 	  146761 	   17 	  132194 	   19 
     62 	  147188 	   20 	  140690 	   10 
    284 	  138348 	   14 	  136016 	   15 
     18 	  141331 	   35 	  142872 	   12 
  13134 	  128842 	   14 	  123603 	   11 
      0 	  140657 	   18 	  141354 	    7 
     11 	  133660 	   13 	  137104 	   30 
     11 	  136052 	   11 	  137646 	   14 
      0 	  147154 	   30 	  137120 	   17 
      0 	  144630 	   18 	  133223 	   15 
     55 	  143883 	   19 	  129924 	   27 
      4 	  134689 	   11 	  143080 	   11 
     34 	  141879 	   18 	  136794 	   13 
    212 	  153210 	   59 	  141017 	   16 
      0 	  144690 	   17 	  141922 	   17 
      0 	  139142 	   15 	  150477 	    9 
     23 	  144247 	   12 	  145800 	   60 
     71 	  139143 	   11 	  142479 	   10 
   9283 	  132863 	   24 	  130506 	    7 
      0 	  135526 	   16 	  145579 	   10 
      0 	  132570 	   10 	  138197 	   15 
    131 	  137061 	   12 	  139568 	   27 
     36 	  137776 	   14 	  132374 	   16 
      2 	  140065 	   24 	  132753 	   15 
      0 	  140731 	   18 	  138664 	   16 
      0 	  145884 	   18 	  134253 	   11 
     67 	  138965 	   13 	  138572 	   28 
    202 	  148629 	   17 	  139447 	    8 
    284 	  139136 	    7 	  147620 	   18 
     66 	  140747 	   28 	  138673 	   11 
      7 	  137260 	   17 	  142685 	   16 
   7088 	  135996 	   16 	  139331 	   32 
  39062 	  106443 	   13 	  103350 	   15 
  18979 	  114942 	   10 	  119395 	    8 
      0 	  135979 	   51 	  145178 	   14 
      0 	  135064 	   15 	  141497 	   20 
     36 	  135558 	   16 	  141226 	   63 
     19 	  135903 	   14 	  125351 	   18 
      4 	  140279 	   34 	  129545 	   15 
      0 	  136354 	   19 	  128461 	   15 
     22 	  137212 	   19 	  130774 	   31 
   6539 	  136447 	   18 	  133872 	   11 
    975 	  146100 	   16 	  134872 	   11 
   1819 	  139942 	   36 	  134596 	   15 
      2 	  135431 	   18 	  145914 	   12 
      3 	  136855 	   10 	  137746 	   36 
  33628 	  105190 	   16 	   98222 	   17 
  16997 	  123220 	   17 	  115662 	   10 
     17 	  142456 	   38 	  141301 	   18 
      0 	  143168 	   19 	  139403 	   19 
     36 	  140731 	   17 	  139848 	   38 
  17389 	  132947 	   18 	  124545 	   16 
   5500 	  141852 	   17 	  137419 	   12 
   2290 	  162502 	  130 	  145302 	   19 
      0 	  140037 	   24 	  148264 	   18 
      0 	  141227 	   18 	  167777 	  111 
     25 	  141877 	   20 	  169374 	   63 
   2029 	  135779 	   12 	  138368 	   24 
     96 	  144153 	   13 	  141878 	   18 
   2018 	  142518 	   20 	  141031 	   16 
      0 	  140262 	   24 	  138840 	   15 
   5231 	  145233 	   60 	  136270 	    9 
    975 	  145509 	   27 	  141575 	   18 
     92 	  138647 	   14 	  143752 	   36 
     38 	  144388 	   25 	  142011 	   58 
  15195 	  125189 	    9 	  134004 	   24 
   1520 	  140587 	   14 	  140615 	   12 
  17198 	  124800 	   19 	  129151 	   19 
      0 	  147332 	   51 	  140737 	   11 
      0 	  142802 	   16 	  141901 	   14 
     19 	  139692 	   10 	  143738 	   15 
   3466 	  139774 	   20 	  145225 	   51 
     17 	  144284 	   19 	  144043 	   12 
   1303 	  143643 	   14 	  141336 	   17 
      0 	  139681 	   13 	  136089 	   12 
      1 	  144965 	   20 	  133978 	   15 
      0 	  139454 	   10 	  151509 	   18 
      0 	  143450 	   11 	  140242 	   20 
    186 	  146652 	   21 	  142819 	   22 
   2968 	  153702 	   43 	  140439 	   14 
     46 	  149124 	   25 	  145682 	   19 
      4 	  144248 	   11 	  140595 	   11 
    770 	  138650 	   13 	  153551 	   36 
    162 	  142392 	   16 	  156830 	   19 
      0 	  144582 	   24 	  141297 	   14 
      0 	  141549 	   12 	  145545 	   18 
     91 	  145761 	   27 	  145794 	   23 
    317 	  151115 	   29 	  144023 	   10 
    173 	  141020 	   12 	  148605 	   21 
  16619 	  130272 	   23 	  136232 	   31 
  12227 	  128867 	   11 	  134245 	    7 
  27799 	  116088 	   18 	  112840 	   16 
  19440 	  120704 	    8 	  126768 	   14 
      1 	  146343 	   25 	  142138 	   13 
    102 	  147214 	   44 	  144744 	   16 
  22255 	  119910 	   13 	  126839 	   21 
     12 	  140834 	   13 	  147002 	   41 
    616 	  147910 	   20 	  139493 	   13 
  23092 	  121444 	   45 	  124526 	   12 
      0 	  139188 	   11 	  138533 	   24 
     79 	  147317 	   29 	  144953 	   48 
      0 	  143856 	   15 	  136444 	   13 
      0 	  138326 	   11 	  133133 	   16 
   5108 	  140505 	   21 	  149635 	   33 
   4961 	  139799 	   11 	  137424 	    6 
   1691 	  140082 	   10 	  140975 	   21 
      0 	  140308 	   10 	  139276 	   14 
     27 	  147594 	   18 	  138538 	   20 
      0 	  143419 	   15 	  143887 	   14 
      0 	  145188 	   13 	  134555 	   14 
     20 	  163573 	  104 	  136764 	   10 
      0 	  145814 	   27 	  145714 	   18 
      0 	  138906 	   13 	  141477 	   12 
      0 	  140521 	   23 	  139414 	   17 
     29 	  147334 	   16 	  152560 	  123 
      9 	  142863 	   15 	  144904 	   24 
      0 	  141985 	   13 	  144201 	    9 
    102 	  146654 	   33 	  138935 	   17 
     61 	  142927 	   20 	  152116 	   17 
     17 	  143054 	   19 	  144968 	   18 
    108 	  139502 	   12 	  151787 	   34 
    223 	  145871 	   19 	  146004 	   12 
     73 	  151533 	   27 	  146707 	   17 
      0 	  140605 	   12 	  144195 	   20 
     95 	  147512 	   18 	  145732 	   15 
      0 	  144108 	   15 	  137773 	   17 
   3066 	  140304 	    9 	  148849 	   25 
   1931 	  147797 	   14 	  146260 	   10 
  10869 	  131806 	    9 	  135308 	   11 
  28335 	  118856 	   25 	  116025 	   14 
      0 	  159020 	   37 	  151272 	   12 
      0 	  143197 	    9 	  142375 	   17 
      0 	  143079 	   19 	  146519 	   10 
      0 	  138783 	   12 	  148007 	   28 
      0 	  140791 	   17 	  145484 	   24 
      0 	  140186 	   17 	  148602 	   17 
      0 	  145700 	   72 	  145424 	   10 
      0 	  138884 	   14 	  143786 	   13 
      0 	  139101 	   16 	  145044 	   16 
      0 	  144625 	   20 	  141218 	   10 
   1303 	  147026 	   18 	  145169 	   88 
     81 	  138230 	   13 	  139173 	   24 
  13618 	  134352 	   36 	  132336 	   19 
      0 	  147686 	   23 	  141951 	   13 
      0 	  141106 	   20 	  142124 	   17 
   3441 	  143656 	   27 	  152066 	   50 
  16795 	  133884 	   20 	  128610 	   23 
   2541 	  141189 	   15 	  143260 	   17 
    323 	  149080 	   41 	  148666 	   28 
      0 	  143831 	   19 	  149602 	   17 
      0 	  138266 	   14 	  150406 	   14 
     12 	  139898 	   23 	  148802 	   41 
      0 	  144280 	   18 	  145180 	   16 
      0 	  139350 	   13 	  138628 	   12 
    819 	  160830 	   40 	  141934 	   19 
      0 	  147078 	   23 	  145485 	   19 
      0 	  143100 	   14 	  146365 	    8 
   4368 	  149551 	   22 	  141849 	   36 
   2108 	  146138 	   23 	  144022 	   16 
      0 	  141557 	   12 	  146320 	   23 
     56 	  145579 	   50 	  151318 	   11 
      0 	  141335 	   19 	  151098 	   22 
      0 	  147954 	   24 	  148927 	   12 
      0 	  145893 	   15 	  140789 	   16 
      0 	  140587 	   11 	  161225 	   58 
    118 	  141415 	   17 	  147620 	   11 
  14053 	  129164 	   13 	  132155 	   11 
    622 	  146198 	   15 	  141722 	   13 
     13 	  139987 	    9 	  139060 	   15 
     40 	  148693 	   34 	  144746 	   17 
     11 	  146250 	   21 	  139055 	   10 
   1826 	  141888 	    9 	  148113 	   27 
  27899 	  128087 	   17 	  116825 	   10 
   9150 	  132571 	    9 	  137547 	   15 
  27210 	  118681 	   15 	  129841 	    9 
    138 	  138749 	   11 	  136238 	   17 
    139 	  144320 	   10 	  140023 	   16 
     22 	  144596 	   11 	  136271 	   21 
    341 	  144932 	   25 	  141220 	   14 
     29 	  141363 	   11 	  140568 	    7 
     21 	  140985 	   12 	  145613 	   28 
   1704 	  153471 	   21 	  154313 	   27 
    148 	  137622 	   12 	  142887 	   19 
   7374 	  141246 	   17 	  137911 	   14 
      0 	  147180 	   21 	  135375 	   12 
      0 	  142145 	   15 	  134253 	   22 
      1 	  150048 	   27 	  143752 	   22 
      0 	  144330 	   18 	  143590 	   15 
      0 	  142281 	   10 	  145013 	   12 
      0 	  150299 	   17 	  148339 	   30 
      0 	  142397 	   11 	  142397 	   11 
     94 	  162539 	   55 	  142696 	   26 
      0 	  141324 	   12 	  153157 	   10 
      0 	  154666 	   19 	  155029 	   16 
      0 	  147267 	   49 	  139189 	   11 
     20 	  149051 	   18 	  148402 	   52 
      0 	  142046 	   12 	  149236 	   11 
      0 	  151395 	   18 	  155019 	   12 
   3602 	  142823 	   14 	  147004 	   44 
      0 	  156789 	   38 	  144809 	   11 
      0 	  145424 	   25 	  149511 	   16 
      0 	  137987 	   12 	  144348 	    9 
   6962 	  136735 	   17 	  141327 	   31 
  12849 	  129149 	   13 	  136075 	   19 
   6066 	  139438 	   16 	  132946 	   17 
      0 	  139650 	    8 	  146852 	   17 
      0 	  150718 	   14 	  135678 	   22 
      9 	  164518 	   30 	  137451 	   16 
      2 	  137960 	   10 	  155395 	   22 
      0 	  146499 	   24 	  145398 	   20 
      0 	  146476 	   18 	  142074 	   10 
   1726 	  145546 	   20 	  149352 	   33 
   4471 	  137623 	   20 	  139213 	   23 
   5267 	  145339 	   26 	  138999 	   21 
      6 	  144021 	   20 	  144942 	   11 
     22 	  150068 	   35 	  138485 	   19 
      0 	  144887 	   12 	  144525 	   22 
      0 	  147691 	   18 	  148317 	   31 
      0 	  147108 	   17 	  140487 	   20 
    600 	  145600 	   22 	  146503 	   37 
      0 	  144116 	   13 	  148625 	   10 
      0 	  152888 	   16 	  143530 	   17 
      0 	  144016 	   16 	  145556 	   13 
     43 	  154484 	  127 	  148211 	   21 
      0 	  140846 	   24 	  143847 	   28 
      0 	  137026 	   15 	  145320 	   11 
      0 	  142292 	   19 	  148178 	   21 
      0 	  139068 	   20 	  148020 	   12 
      0 	  137354 	   10 	  152965 	  138 
      0 	  144618 	   25 	  136547 	   23 
    946 	  146600 	   39 	  139660 	   15 
     26 	  137604 	   15 	  139244 	   17 
     62 	  158054 	   58 	  137808 	   16 
      0 	  138499 	   11 	  136984 	   12 
    442 	  144400 	   19 	  144488 	   24 
    505 	  139036 	   12 	  145543 	   41 
      0 	  141728 	   19 	  141289 	   19 
     12 	  140176 	   18 	  154874 	   67 
      9 	  152069 	   49 	  137508 	   14 
      0 	  138942 	   13 	  142931 	   18 
      0 	  141723 	   20 	  137708 	    9 
      0 	  140152 	   21 	  142742 	   14 
      0 	  138945 	   18 	  139576 	   16 
     10 	  142075 	   37 	  149878 	   42 
   9380 	  129305 	   11 	  133995 	   15 
   6877 	  138424 	   18 	  137359 	   14 
      0 	  140320 	   11 	  136289 	   15 
      0 	  143713 	   15 	  139166 	   17 
   7550 	  134341 	   10 	  130784 	   14 
    430 	  152365 	   35 	  141413 	   34 
      0 	  145023 	   21 	  140063 	   16 
      0 	  140266 	   10 	  142396 	   20 
      0 	  148078 	   42 	  141547 	   12 
      0 	  140863 	   14 	  143127 	   18 
      0 	  145211 	   24 	  144955 	   28 
      0 	  148966 	   29 	  149468 	   26 
      0 	  139666 	   12 	  140487 	   16 
      0 	  140344 	   19 	  145128 	   13 
      0 	  143639 	   23 	  147608 	   41 
      0 	  140990 	   22 	  138564 	   10 
      0 	  141084 	   10 	  146212 	   25 
     33 	  145352 	   26 	  144231 	   25 
     38 	  147677 	   42 	  137461 	    7 
      0 	  140681 	   12 	  142188 	   14 
      4 	  140780 	   17 	  138039 	   15 
  13740 	  131283 	   13 	  131379 	   15 
     10 	  147299 	   20 	  144363 	   16 
      0 	  142720 	   11 	  144640 	   13 
    211 	  149309 	   49 	  140857 	   45 
      0 	  141091 	   13 	  136715 	   14 
      0 	  144447 	   16 	  149737 	   12 
      0 	  151113 	   31 	  146276 	   25 
      0 	  145267 	   22 	  143877 	   48 
      0 	  140597 	   10 	  141774 	   11 
      0 	  140082 	   17 	  141899 	   16 
   6738 	  135937 	   12 	  142512 	   32 
      0 	  141820 	    9 	  141699 	   10 
      0 	  143029 	   25 	  144396 	   19 
      0 	  142748 	   12 	  138117 	   14 
      0 	  144164 	   18 	  142007 	   12 
      0 	  141573 	   12 	  143523 	   15 
     19 	  143911 	   14 	  146948 	   13 
      8 	  138777 	    9 	  140180 	   28 
     60 	  146531 	   35 	  139518 	   15 
     48 	  160141 	  132 	  144208 	   16 
      0 	  138871 	   14 	  137830 	   18 
     55 	  141692 	   12 	  153042 	  136 
    257 	  145773 	   21 	  145499 	   37 
   6720 	  134403 	   13 	  134663 	    9 
  11018 	  129823 	    8 	  131020 	   12 
   4080 	  143359 	   31 	  136587 	   20 
      0 	  139775 	   14 	  140407 	   11 
      0 	  138705 	   14 	  140167 	   12 
  29389 	  113276 	   24 	  117647 	   26 
  13951 	  132290 	   18 	  121308 	   12 
  46081 	  100562 	   31 	   94066 	   17 
      0 	  142275 	   13 	  140558 	   10 
      0 	  141894 	   12 	  151329 	   16 
   1320 	  143520 	   16 	  137766 	   33 
  12055 	  132540 	   18 	  126986 	    9 
  23386 	  117700 	   13 	  116292 	   12 
  17947 	  128345 	   30 	  127259 	   12 
      0 	  144245 	   11 	  140889 	    9 
      0 	  142712 	   12 	  150369 	   16 
      0 	  144167 	   16 	  139529 	   14 
    191 	  147415 	   23 	  147352 	   29 
      0 	  145418 	   15 	  142459 	   17 
      0 	  143376 	   10 	  138061 	   10 
    171 	  150524 	   19 	  146511 	   12 
    195 	  143843 	   61 	  140595 	   27 
      0 	  144378 	   20 	  144769 	    8 
      1 	  148699 	   27 	  144591 	   13 
    341 	  144596 	   19 	  145198 	   57 
  25312 	  114433 	   10 	  114932 	   15 
  12674 	  139540 	   29 	  133100 	   15 
     74 	  138481 	   19 	  151258 	   20 
      0 	  143370 	   20 	  144721 	   17 
   5381 	  143172 	   27 	  143081 	   35 
   7836 	  136297 	   16 	  131759 	   15 
   8936 	  131128 	   17 	  132706 	   14 
   8645 	  144202 	   45 	  135338 	   22 
     17 	  146596 	   29 	  147187 	   17 
      0 	  152118 	   24 	  145207 	   16 
      0 	  150136 	   12 	  144881 	   42 
      0 	  145120 	    9 	  139235 	   12 
      0 	  147876 	   19 	  148569 	   13 
      0 	  144490 	   13 	  166789 	   27 
      0 	  141193 	    8 	  149712 	   26 
      0 	  143687 	   20 	  155462 	   18 
      0 	  149337 	   19 	  150963 	   14 
      0 	  144509 	   10 	  140289 	   21 
      0 	  146640 	   11 	  141511 	   11 
     48 	  156873 	   51 	  150327 	   11 
      0 	  142383 	   38 	  143257 	   24 
      0 	  148517 	   22 	  146556 	   11 
      0 	  143678 	   11 	  142814 	   15 
      1 	  144045 	   11 	  152615 	   54 
    120 	  146063 	   11 	  138842 	   42 
     88 	  146151 	   30 	  146862 	   15 
      2 	  143861 	   11 	  146809 	   11 
      0 	  144584 	   12 	  143237 	   10 
      0 	  144579 	   18 	  147617 	   13 
      0 	  140572 	   15 	  143165 	   15 
      0 	  142854 	   17 	  148530 	   27 
      0 	  140681 	   12 	  145547 	   15 
      0 	  144298 	    8 	  139273 	   10 
      0 	  149951 	   20 	  145204 	   12 
      0 	  149113 	   28 	  143197 	   19 
      0 	  146909 	   21 	  141137 	   11 
    757 	  140529 	   11 	  142821 	   13 
      0 	  145718 	   16 	  142068 	   14 
      0 	  152645 	   18 	  146586 	   12 
     27 	  146723 	   21 	  148094 	   25 
   8658 	  134985 	   17 	  140701 	   21 
   9480 	  132620 	   11 	  140108 	   15 
   9365 	  136931 	   11 	  134605 	   14 
      0 	  149720 	   17 	  138978 	   11 
      0 	  149269 	   58 	  144628 	   10 
      0 	  143758 	   18 	  138489 	   32 
      0 	  164770 	   34 	  141746 	    6 
      0 	  150394 	   12 	  143195 	   14 
      0 	  144769 	   10 	  147368 	   60 
      0 	  158101 	   35 	  145354 	    8 
      0 	  147989 	   17 	  158801 	   12 
      0 	  152040 	   21 	  165635 	   36 
      0 	  142905 	   15 	  157638 	   17 
      0 	  138786 	   21 	  154673 	    7 
      0 	  149350 	   32 	  147353 	   15 
     60 	  147350 	   22 	  149075 	   44 
      0 	  148848 	   16 	  157135 	   14 
      0 	  145426 	   17 	  146847 	   23 
    184 	  138718 	   10 	  147570 	   13 
    334 	  144751 	   16 	  143908 	   15 
   8767 	  149850 	   30 	  118955 	   13 
      1 	  144487 	   14 	  172843 	   36 
      0 	  144538 	   11 	  146990 	   16 
      0 	  150455 	   16 	  152382 	   17 
      0 	  154492 	   25 	  140535 	   23 
      0 	  139585 	   11 	  141059 	   16 
     19 	  150799 	   14 	  141313 	   30 
      0 	  153166 	   18 	  143003 	    7 
      3 	  146520 	   30 	  149185 	   14 
      0 	  144618 	   15 	  145723 	   16 
      0 	  139765 	   15 	  149321 	   22 
      0 	  152054 	   19 	  145651 	   18 
      0 	  140682 	   14 	  147981 	   31 
   6366 	  136064 	   13 	  133029 	    9 
   8137 	  133345 	   14 	  131685 	   22 
  41564 	  101448 	   11 	  100488 	    6 
  27077 	  123655 	   30 	  112477 	   16 
  14293 	  131580 	   17 	  134915 	   11 
  19312 	  120312 	   13 	  126562 	   39 
  11094 	  129688 	   11 	  134354 	   16 
   6186 	  140863 	   16 	  146593 	   10 
      0 	  152862 	   14 	  137188 	   16 
   9672 	  149637 	   22 	  131184 	   14 
  12104 	  134064 	   13 	  140037 	   20 
  29958 	  114142 	   11 	  119908 	    8 
  27700 	  117191 	   12 	  128587 	   15 
     65 	  154221 	   21 	  145511 	   15 
  61875 	   97673 	  132 	   85192 	  147 
  26666 	  139907 	   59 	  121624 	   63 
  56679 	   90207 	   11 	   96582 	   13 
  50633 	   99972 	   19 	   96478 	   20 
  76880 	   62332 	   12 	   68262 	   11 
  57268 	   92441 	   18 	   93927 	   14 
  47811 	   99204 	   11 	   98023 	   10 
  62252 	  103857 	   44 	  100130 	   49 
  94618 	   49327 	   11 	   52975 	   12 
  95929 	   49246 	   26 	   49066 	   26 
 102635 	   42762 	   25 	   42392 	   22 
 103522 	   39091 	   13 	   40217 	   12 
 103562 	   42644 	   23 	   41406 	   20 
  93527 	   58692 	   34 	   58656 	   38 
  87056 	   56595 	   13 	   57228 	   14 
  77470 	   73180 	   19 	   74076 	   19 
  72285 	   71465 	   15 	   73196 	   14 
  69386 	   85090 	   20 	   82837 	   22 
  79583 	   65713 	   15 	   67064 	   14 
  72493 	   70975 	   17 	   73836 	   11 
  63621 	   88756 	   39 	   82748 	   17 
  82868 	   58374 	   12 	   69402 	   43 
  71586 	   75716 	   16 	   74306 	   21 
  85340 	   56670 	   14 	   55659 	   12 
  71843 	   81030 	   21 	   79818 	   20 
  79197 	   65006 	   14 	   64914 	   13 
  77253 	   71396 	   18 	   73934 	   14 
  65913 	   90704 	   30 	   76749 	    9 
  55003 	   90885 	    9 	  102654 	   34 
  62519 	   89309 	   21 	   84074 	   13 
  27279 	  138193 	   58 	  127104 	   20 
  49964 	   93494 	   10 	  103213 	   61 
  26937 	  125860 	   21 	  122172 	   25 
  43898 	  101773 	   16 	  105120 	   22 
  38768 	  105484 	   10 	  101230 	   12 
  38216 	  112504 	   21 	  106866 	   14 
  40165 	  103040 	   12 	  105488 	   21 
  29794 	  118353 	   14 	  112452 	    9 
  35874 	  110694 	   11 	  116771 	   14 
  39863 	  113772 	   32 	  111515 	   27 
  38394 	  108734 	   16 	  100878 	   15 
  37208 	  107079 	   10 	  114126 	   13 
  36198 	  109980 	   23 	  109922 	   25 
  63173 	   84555 	   22 	   79769 	   11 
  23149 	  133482 	   35 	  136466 	   46 
   6969 	  140208 	   14 	  132751 	   14 
  30055 	  116730 	    8 	  123753 	   14 
  29659 	  125764 	   22 	  128751 	   12 
  43069 	  102376 	   11 	   96384 	   18 
   6419 	  140967 	   14 	  142034 	   11 
  21864 	  124079 	   17 	  131075 	   14 
  26601 	  123809 	   15 	  131829 	   19 
  34584 	  111617 	   12 	  114048 	   10 
  20627 	  132538 	   23 	  134158 	   16 
  40614 	  112612 	   48 	  116708 	   41 
  44816 	  121952 	   67 	  108837 	   72 
  52398 	   94715 	   22 	   93919 	   27 
  21449 	  122082 	   10 	  129101 	   25 
  33855 	  120479 	   17 	  108635 	   19 
  39470 	  104842 	   12 	  107287 	   11 
  34043 	  120899 	   18 	  122612 	   15 
  52268 	   94526 	   14 	   92732 	   12 
  36766 	  115356 	   13 	  117097 	   15 
  42872 	  111416 	   25 	  109940 	   15 
  14425 	  136121 	   18 	  137228 	   26 
  32562 	  113882 	    9 	  107571 	   16 
   8918 	  147241 	   22 	  134225 	   13 
    224 	  140798 	   11 	  154601 	   19 
  20474 	  127785 	   12 	  123950 	    9 
   6584 	  149048 	   15 	  147259 	   13 
  20089 	  134959 	   23 	  135880 	   13 
  20577 	  125492 	   14 	  143897 	   20 
  40656 	  108011 	   12 	  113306 	   11 
  14033 	  140341 	   24 	  143893 	   16 
  42669 	  107348 	   33 	  108145 	   38 
  50512 	  100787 	   14 	   95389 	   10 
  53322 	   98302 	   18 	   94275 	   12 
  37565 	  103860 	   15 	  112834 	   16 
  61194 	  103668 	   36 	   94849 	   12 
  48855 	   99756 	   34 	  116271 	   48 
  46922 	  108632 	   38 	  100122 	   44 
  81955 	   73828 	   57 	   82868 	   76 
