% num_local_points | num_send_points | num_send_procs | num_recv_points | num_recv_procs 
  41137 	   78112 	   56 	  114275 	   81 
  42514 	   72853 	   25 	  111448 	   24 
  15473 	   99796 	   23 	  134132 	   23 
  13373 	   99022 	   11 	  133201 	   12 
  12504 	   96984 	   10 	  143772 	   26 
   2749 	  110500 	   14 	  164794 	   17 
    669 	  111618 	   10 	  156142 	   21 
      4 	  113518 	    8 	  161366 	   10 
   2969 	  108773 	   10 	  156808 	   39 
      0 	  115137 	   15 	  154483 	   29 
      0 	  108298 	   12 	  147409 	   18 
      0 	  117163 	   38 	  163579 	   17 
  10044 	  102392 	   23 	  142923 	   25 
  16908 	   95763 	   12 	  128952 	   17 
   4322 	  105251 	   12 	  151428 	   18 
      0 	  105680 	    7 	  153681 	   11 
   2742 	  107868 	   11 	  151462 	   32 
      0 	  111756 	   23 	  154382 	   19 
      0 	  106634 	   13 	  153810 	   13 
      0 	  105143 	   10 	  155949 	   22 
      0 	  110679 	   13 	  157084 	   12 
     66 	  109310 	   14 	  153658 	   19 
      0 	  122169 	   26 	  156070 	   15 
   4670 	  108408 	   15 	  148600 	   30 
      0 	  108905 	   12 	  155378 	   90 
      0 	  108908 	   15 	  150078 	   14 
      0 	  115369 	   19 	  140964 	   14 
      0 	  109866 	   12 	  159933 	   34 
      0 	  110461 	   15 	  146593 	   20 
      0 	  114288 	   20 	  147090 	   15 
      0 	  110489 	   16 	  152609 	   13 
      0 	  113857 	   22 	  148634 	   14 
      0 	  105651 	   10 	  152595 	   16 
     89 	  128265 	   71 	  150100 	   56 
      0 	  114236 	   15 	  147644 	   20 
      0 	  111998 	   14 	  145066 	   19 
      0 	  107778 	    8 	  154476 	   15 
      0 	  107315 	   10 	  134343 	   14 
      0 	  116679 	   24 	  160611 	   19 
      0 	  116949 	   16 	  145025 	   26 
      0 	  109604 	   13 	  108959 	   23 
      0 	  108288 	   10 	   91187 	   15 
      0 	  106016 	    9 	   87059 	   12 
      0 	  104236 	   12 	  108646 	   14 
      0 	  111060 	   16 	   81658 	   16 
      6 	  109554 	   39 	  144741 	   55 
      0 	  117314 	   37 	  148577 	   13 
      0 	  105004 	   12 	  152341 	   14 
      0 	  108879 	   14 	  143289 	   25 
      0 	  111642 	   16 	  147471 	   14 
      0 	  104292 	   10 	  147836 	   22 
      0 	  115452 	   17 	  140990 	   22 
      0 	  107454 	    7 	  154667 	   10 
      0 	  109179 	   14 	  157450 	   39 
      0 	  111764 	   30 	  145043 	   45 
      0 	  106032 	   20 	  154153 	   13 
      0 	  114085 	   16 	  137502 	   16 
      0 	  110567 	   14 	  141681 	   25 
      0 	  112134 	   17 	  134619 	   20 
      0 	  107990 	   19 	  155292 	   21 
      0 	  111234 	   38 	  121781 	   24 
      0 	  116814 	   37 	   96037 	   14 
      0 	  106110 	   13 	   86274 	   22 
      0 	  110338 	    8 	  122070 	   17 
      0 	  111835 	   12 	   85292 	   16 
      0 	  118756 	   21 	  106103 	   33 
      0 	  103688 	   12 	  145453 	   24 
      0 	  101420 	    5 	  155639 	   20 
      0 	  106004 	    7 	  150985 	    9 
      0 	  114802 	   21 	  156022 	   12 
      0 	  106748 	   10 	  160568 	   33 
      0 	  108115 	   16 	  144150 	    9 
      0 	  106216 	   13 	  152233 	   16 
      0 	  115248 	   36 	  159655 	   21 
      0 	  114401 	   41 	  153989 	   23 
      0 	  106453 	   12 	  148749 	   14 
      0 	  113220 	   14 	  147025 	   16 
      0 	  105640 	   10 	  155446 	   34 
      0 	  111061 	   19 	  144374 	   10 
      0 	  105973 	   17 	  157571 	   13 
      0 	   99507 	   11 	  162208 	   18 
      0 	  106938 	   19 	  168774 	   41 
      0 	  109032 	   23 	  153313 	   48 
      0 	  105414 	   12 	  149807 	   12 
      0 	  111138 	   14 	  156081 	   15 
      0 	  106428 	   19 	  169203 	   37 
      0 	  110994 	   17 	  151160 	   64 
      0 	  109860 	   18 	  137764 	   23 
      0 	  122176 	   27 	  152612 	   17 
      0 	  113392 	   17 	  146642 	   15 
      0 	  108974 	    9 	  143975 	   19 
      0 	  113227 	   13 	  145130 	   17 
      0 	  108450 	   13 	  143105 	   17 
      0 	  113691 	   14 	  126379 	   28 
      0 	  108594 	   11 	   95317 	   10 
      0 	  121146 	   27 	   60955 	   14 
      0 	  109681 	    9 	   77139 	   16 
      0 	  114728 	   15 	  102247 	   11 
      0 	  103446 	    9 	   63216 	   14 
      0 	  106478 	    8 	   66039 	   16 
      0 	  108389 	   14 	   81835 	   35 
      0 	  108195 	   12 	   83704 	   48 
      0 	  114237 	   14 	  151931 	   73 
      0 	  107891 	    9 	  149926 	   22 
      0 	  120769 	   27 	  147542 	   13 
      0 	  108756 	   13 	  150360 	   39 
      0 	  106276 	   12 	  152070 	   18 
      0 	  113379 	   12 	  158735 	   15 
      0 	  117530 	   18 	  152183 	   20 
      0 	  110591 	   25 	  149602 	   10 
      0 	  122320 	   46 	  157883 	   48 
      0 	  107606 	   11 	  152168 	   34 
      0 	  104081 	    9 	  145532 	   27 
      0 	  111349 	   11 	  148917 	   12 
      0 	  114623 	   17 	  150179 	   18 
      0 	  109234 	   22 	  144812 	   18 
      0 	  127458 	   51 	  147599 	   17 
      0 	  103791 	   21 	  152124 	   40 
      0 	  106902 	   14 	  149204 	   13 
      0 	  106905 	   16 	  148984 	   16 
      0 	  106821 	   16 	  145052 	   22 
      0 	  109284 	   15 	  138456 	   13 
      0 	  106545 	   20 	  150405 	   55 
      0 	  106932 	   15 	  147947 	   18 
      0 	  103201 	   13 	  148867 	   20 
      0 	  112746 	   28 	  153173 	   29 
      0 	  116434 	   24 	  149317 	   15 
      0 	  114683 	   17 	  151773 	   17 
      0 	  112076 	   13 	  147750 	   22 
      0 	  107423 	   17 	  142349 	   16 
      0 	  111133 	   16 	  150814 	   20 
      0 	  113064 	   18 	  151806 	   43 
      0 	  133467 	   99 	  155588 	   24 
      0 	  106050 	   11 	  156455 	   16 
      0 	  110196 	   16 	  154260 	   21 
      0 	  105552 	   10 	  150703 	   14 
      0 	  119957 	   34 	  153757 	   27 
      0 	  112908 	   15 	  152776 	   13 
      0 	  106202 	    9 	  156486 	   25 
      0 	  111148 	   10 	  147891 	   11 
      0 	  106751 	    8 	  159862 	   46 
      0 	  119625 	   17 	  150622 	    9 
   3724 	  103784 	   12 	  149130 	   20 
    425 	  108001 	   14 	  153120 	   21 
      0 	  123017 	   41 	  142969 	   14 
      0 	  107227 	   17 	  154320 	   20 
      0 	  106533 	   14 	  153299 	   13 
      0 	  104926 	   13 	  154591 	   32 
     11 	  106848 	   12 	  156480 	   44 
      0 	  107845 	   16 	  151503 	   22 
      0 	  106400 	   12 	  145166 	   13 
      0 	  104821 	   12 	  154215 	   47 
      0 	  103299 	   14 	  161157 	   73 
      0 	  123198 	   36 	  144766 	   13 
      0 	  105376 	    9 	  141250 	   15 
      0 	  105662 	    8 	  148165 	   20 
      0 	  102417 	   11 	  136920 	   16 
      0 	  108494 	   21 	  147820 	   21 
      0 	  104147 	   13 	  148370 	   28 
      0 	  106535 	   16 	  144910 	   16 
      0 	  118318 	   49 	  140548 	   16 
      0 	  108578 	   15 	  149838 	   22 
      0 	  109750 	   13 	  143270 	   26 
      0 	  108374 	   15 	  141154 	   14 
      0 	  110660 	   19 	  148609 	   32 
      0 	  104859 	    9 	  146979 	   15 
      0 	  105237 	   12 	  155539 	   22 
      0 	  106502 	   10 	  150158 	   17 
      0 	  109852 	   20 	  149783 	   13 
      0 	  102309 	   15 	  141816 	   17 
      0 	  111822 	   18 	  141320 	    9 
      0 	  103962 	   15 	  150531 	   42 
      0 	  110649 	   32 	  144958 	   24 
      0 	  109362 	   16 	  146262 	   17 
      0 	  115293 	   17 	  146853 	   17 
      0 	  109028 	   10 	  143395 	    9 
      0 	  107237 	   12 	  147942 	   22 
      0 	  115060 	   17 	  143582 	   26 
      0 	  107657 	   12 	  147099 	   70 
      0 	  116104 	   24 	  146258 	   82 
      0 	  107062 	   12 	  137548 	   14 
      0 	  107054 	    8 	  141793 	   14 
      0 	  107778 	   14 	  148057 	   17 
      0 	  109226 	   20 	  143177 	   35 
      0 	  112439 	   21 	  152064 	   21 
      0 	  115165 	   33 	  149742 	   12 
      0 	  106522 	   10 	  158723 	   25 
      0 	  119588 	   18 	  157170 	   15 
      0 	  106474 	   10 	  163447 	   24 
      0 	  102419 	   11 	  154558 	   30 
      0 	  103956 	   18 	  149567 	   19 
      0 	  104442 	   14 	  146518 	   13 
      0 	  118456 	   17 	  155839 	   19 
      0 	  107582 	   10 	  158644 	   16 
      0 	  107835 	   22 	  156833 	   40 
      0 	  116562 	   37 	  147811 	   11 
      0 	  108688 	   10 	  148097 	   15 
      0 	  106079 	    9 	  148809 	   24 
      0 	  111517 	   21 	  157101 	   13 
      0 	  103896 	   12 	  143969 	   13 
      0 	  111578 	   39 	  152276 	   38 
      0 	  124002 	   65 	  176120 	   51 
      0 	  103033 	    7 	  142734 	   39 
      0 	  103524 	   13 	  140928 	   13 
      0 	  101204 	    6 	  142701 	   18 
      0 	  103857 	   10 	  136652 	   16 
      0 	  106515 	   20 	  141425 	   21 
      0 	  104214 	   16 	  136429 	   24 
      0 	  107730 	   22 	  138366 	   15 
      0 	  103685 	   15 	  144406 	   30 
      0 	  111145 	   26 	  146499 	   17 
      0 	  101634 	    7 	  144703 	   18 
      0 	  102949 	   18 	  151600 	   17 
      0 	  108492 	   19 	  163318 	   15 
      0 	  102273 	   15 	  148105 	   28 
      0 	  110307 	   18 	  144461 	   18 
      0 	  105893 	   16 	  106130 	   14 
      0 	  110622 	   27 	  134470 	   14 
      0 	  104549 	   11 	  130850 	   17 
      0 	  106396 	   11 	  136735 	   28 
      0 	  111603 	   15 	  164587 	   49 
      0 	  106394 	    8 	  148969 	   26 
      0 	  109610 	   16 	  158077 	   62 
      0 	  104981 	   11 	  140634 	   12 
      0 	  104408 	   17 	  142191 	   22 
      0 	  103325 	    8 	  144598 	   15 
      0 	  104790 	    9 	  135595 	   15 
      0 	  120098 	   41 	  145328 	   35 
      0 	  105457 	    8 	  148967 	   20 
      0 	  110174 	   17 	  142613 	   20 
      0 	  105687 	   12 	  144012 	   33 
      0 	  106282 	   15 	  150453 	   17 
      0 	  104149 	   11 	  158858 	   20 
      0 	  112630 	   14 	  138786 	   17 
      0 	  104706 	   17 	  142586 	   14 
      0 	  108992 	   14 	  159977 	   52 
      0 	  112913 	   26 	  140558 	   12 
      0 	  103873 	   14 	  136182 	   11 
      0 	  116831 	   61 	  146376 	   20 
      0 	  121501 	   71 	  144226 	   15 
      0 	  106704 	    8 	  153712 	   37 
      0 	  107906 	   11 	  145934 	   24 
      0 	  105077 	   15 	  151259 	   22 
      0 	  105371 	    9 	  138947 	   54 
      0 	  115152 	   24 	  140402 	   18 
      0 	  114241 	   17 	  135789 	   23 
      0 	  113393 	   13 	  136952 	   23 
      0 	  107978 	   10 	  137844 	   14 
      0 	  117925 	   18 	  143311 	   28 
      0 	  106809 	   12 	  137075 	   17 
      0 	  114780 	   14 	  140072 	   19 
      0 	  118127 	   18 	  140674 	   17 
      0 	  115523 	   28 	  138306 	   32 
      0 	  102442 	    9 	  139102 	   20 
      0 	  110440 	   17 	  136601 	   19 
      0 	  105724 	    9 	  135299 	   17 
      0 	  115608 	   16 	  137882 	   23 
      0 	  104054 	   12 	  143117 	   21 
      0 	  113884 	   15 	  184275 	   72 
      0 	  106369 	    8 	  171924 	   37 
      0 	  116690 	   34 	  155944 	   18 
      0 	  103387 	   10 	  139373 	   17 
      0 	  109156 	   10 	  138721 	   17 
      0 	  103120 	    8 	  160113 	  157 
      0 	  117364 	   19 	  148693 	   25 
      0 	  104923 	   10 	  150019 	   14 
      0 	  110266 	   16 	  160976 	   41 
      0 	  101819 	   10 	  140412 	   13 
      0 	  108499 	   32 	  150303 	   25 
      0 	  111039 	   15 	  145799 	   20 
      0 	  125596 	   36 	  141308 	   12 
      0 	  108651 	   32 	  152784 	   19 
      0 	  101406 	   11 	  152418 	   50 
      0 	  100980 	    7 	  154215 	   25 
      0 	  103685 	   16 	  149018 	   18 
      0 	   99248 	   12 	  155434 	   48 
      0 	  100874 	   12 	  156304 	   21 
      0 	  101931 	   19 	  149413 	   22 
      0 	  100948 	   10 	  149034 	   15 
      0 	  106342 	   18 	  150305 	   21 
      0 	  100079 	   15 	  144910 	   39 
      0 	  102984 	   11 	  151748 	   28 
      0 	  109774 	   21 	  155499 	   27 
      0 	  110135 	   16 	  146014 	   21 
      0 	  102259 	   11 	  155012 	   16 
      0 	  110411 	   17 	  153012 	   22 
      0 	  105003 	   12 	  148010 	   14 
      0 	  105629 	   11 	  153734 	   13 
      0 	  116957 	   27 	  157303 	   35 
      0 	  108097 	   15 	  151911 	   37 
      0 	  116702 	   18 	  150684 	   18 
      0 	  108221 	   13 	  158201 	   23 
      0 	  100286 	    9 	  154023 	   26 
      0 	  105063 	   15 	  151710 	   49 
      0 	  105432 	   11 	  142270 	   12 
      0 	  126882 	   45 	  151239 	   19 
      0 	  103241 	   10 	  156346 	   20 
      0 	  117880 	   43 	  153317 	   21 
      0 	  106082 	   28 	  147992 	   21 
      0 	  103804 	   16 	  148245 	   14 
      0 	  104428 	   13 	  155865 	   26 
      0 	  102788 	   10 	  160303 	   93 
      0 	  102480 	   15 	  147977 	   20 
      0 	  101514 	   10 	  143642 	   13 
      0 	  109435 	   28 	  147784 	   29 
      0 	  108147 	   15 	  148171 	   16 
      0 	  102179 	   12 	  141378 	   11 
      0 	  114188 	   29 	  147454 	   45 
      0 	  103056 	   10 	  147001 	   20 
      0 	  109026 	   16 	  143487 	   15 
      0 	  102878 	   11 	  150160 	   29 
      0 	  109732 	   16 	  148323 	   14 
      0 	  103372 	   10 	  146588 	   17 
      0 	  108707 	   12 	  153538 	   57 
      0 	  110109 	   38 	  141342 	   15 
      0 	  110102 	   30 	  150216 	   21 
      0 	  101637 	    8 	  142998 	   29 
      0 	  102952 	   11 	  142130 	   12 
      0 	  103420 	   18 	  146258 	   18 
      0 	  103546 	   10 	  150837 	   49 
      0 	  105529 	   12 	  145542 	   13 
      0 	  106574 	   11 	  144264 	   18 
      0 	  114437 	   31 	  143791 	   23 
      0 	  107969 	   19 	  150965 	   23 
      0 	  101443 	   10 	  143976 	   16 
      0 	  105330 	   15 	  147021 	   33 
      0 	  102475 	   14 	  147538 	   17 
      0 	  101761 	   47 	  146822 	   20 
      0 	  101860 	   18 	  149906 	   23 
      0 	   97970 	   11 	  146481 	   13 
      0 	  100752 	   17 	  146935 	   14 
      0 	  100655 	   16 	  143846 	   10 
      0 	   98483 	    9 	  156775 	   67 
      0 	  103759 	   25 	  145402 	   18 
      0 	  100998 	   11 	  146124 	   14 
      0 	  100509 	   13 	  148707 	   28 
      0 	  103146 	   15 	  144032 	   17 
      0 	   99850 	   11 	  143411 	   19 
      0 	  102766 	   10 	  141685 	   27 
      0 	  104827 	   25 	  147819 	   47 
      0 	   99317 	   13 	  144853 	   83 
      0 	  101045 	   15 	  148738 	   20 
      0 	  100469 	   16 	  157620 	   15 
      0 	  101448 	   14 	  160050 	   25 
      0 	  100930 	   11 	  148191 	   18 
      0 	  102844 	   20 	  150966 	   17 
      0 	  102979 	   14 	  160123 	   33 
      0 	  135909 	   51 	  144029 	   14 
      0 	  115819 	   46 	  155598 	   22 
      0 	  112825 	   34 	  156498 	   30 
      0 	  108259 	   17 	  146956 	   13 
      0 	   99916 	   11 	  146692 	   16 
      0 	  102801 	   16 	  151082 	   44 
      0 	   99593 	   11 	  136114 	   17 
      0 	  116793 	  143 	  138697 	   13 
      6 	  110688 	   21 	  141354 	   29 
      0 	  106923 	   12 	  140084 	   16 
      0 	  108341 	   11 	  152518 	   15 
      9 	  121987 	   37 	  147530 	   24 
      0 	  103324 	   10 	  144663 	   15 
      0 	  103310 	   11 	  144580 	   17 
      7 	  108724 	   18 	  150377 	   27 
      0 	  109171 	   16 	  177366 	   54 
      0 	  105886 	   13 	  151708 	   43 
      0 	  105296 	   15 	  145814 	   19 
      0 	  103943 	   15 	  144518 	   25 
      0 	  114120 	   41 	  155081 	   10 
      0 	  112081 	   18 	  144053 	   13 
      0 	  106519 	   12 	  139456 	   29 
      0 	  105708 	   15 	  118368 	   14 
      0 	  117060 	   37 	  107456 	   23 
      0 	  109074 	    7 	  142685 	   21 
      0 	  111633 	   18 	  137897 	   16 
      0 	  104881 	   16 	  127271 	   37 
      0 	  108733 	   16 	  138082 	   19 
      0 	  104911 	   11 	  140887 	   17 
      0 	  106148 	   17 	  139306 	   23 
      0 	  105425 	   15 	  136084 	   19 
      0 	  115766 	   40 	  141655 	   23 
      0 	  108512 	   11 	  139068 	   26 
      0 	  111976 	   13 	  134310 	   19 
      0 	  112968 	   19 	  165386 	   44 
      0 	  107385 	   22 	  141174 	   29 
      0 	  107289 	   11 	  161900 	  117 
      0 	  106344 	   13 	  138871 	   13 
      0 	  114429 	   23 	  137429 	   20 
      0 	  109698 	   12 	  140416 	   14 
      0 	  109491 	   14 	  136739 	   13 
      0 	  108416 	   16 	  141696 	   27 
      0 	  108932 	   21 	  140909 	   13 
      0 	  109435 	   31 	  148834 	   16 
      0 	  104280 	   11 	  148973 	   26 
      0 	  107447 	    9 	  144193 	   17 
      0 	  114932 	   19 	  153515 	   60 
      0 	  113152 	   20 	  142285 	   17 
      0 	  106641 	   11 	  141449 	   27 
      0 	  110859 	   42 	  147027 	   29 
      0 	  107467 	    9 	  146912 	   14 
      0 	  113228 	   13 	  140601 	   15 
      0 	  107774 	    8 	  154036 	   30 
      0 	  114654 	   21 	  140815 	   14 
      0 	  105378 	   14 	  148056 	   29 
      0 	  106324 	   12 	  151111 	   23 
      0 	  107957 	   15 	  147483 	   22 
      0 	  108105 	   14 	  146570 	   48 
      0 	  109689 	   20 	  132663 	   22 
      0 	  114709 	   35 	  138426 	   28 
      0 	  125489 	   68 	  137857 	   21 
      0 	  106827 	   15 	  134353 	   16 
      0 	  104573 	   12 	  138302 	   25 
      0 	  105148 	   11 	  137329 	   16 
      0 	  108748 	   22 	  138901 	   20 
      0 	  104981 	   15 	  138084 	   18 
      0 	  104311 	   13 	  167308 	   55 
      0 	  103659 	   13 	  138154 	   39 
      0 	  108689 	   37 	  137385 	   16 
      0 	  110722 	   18 	  137686 	   18 
      0 	  104801 	   11 	  135938 	   17 
      0 	  106486 	   14 	  137950 	   24 
      0 	  112239 	   20 	  149156 	   41 
      0 	  105700 	   16 	  172070 	   37 
      0 	  105847 	   13 	  154001 	   21 
      0 	  104820 	   33 	  141723 	   15 
      0 	  111721 	   32 	  141131 	   18 
      0 	  104710 	   10 	  155146 	  125 
      0 	  105595 	   15 	  153168 	   21 
      0 	  104228 	   13 	  148029 	   17 
      0 	  106631 	   25 	  147396 	   25 
      0 	  104188 	   11 	  149804 	   21 
      0 	  106672 	   18 	  140335 	   19 
      0 	  104095 	   14 	  153603 	   38 
      0 	  108978 	   43 	  149935 	   24 
      0 	  106114 	   13 	  141328 	   15 
      0 	  105921 	   19 	  151648 	   31 
      0 	  102740 	   17 	  143494 	   15 
      0 	  108949 	   17 	  149697 	   43 
      0 	  107869 	   20 	  143445 	   16 
      0 	  106506 	   16 	  145905 	   25 
      0 	  106890 	   25 	  147586 	   22 
      0 	  104802 	   13 	  148795 	   27 
      0 	  106119 	    9 	  140129 	   14 
      0 	  109145 	   13 	  156405 	   28 
      0 	  106308 	   11 	  144364 	   21 
      0 	  109013 	   20 	  142883 	   21 
      0 	  103127 	   14 	  138844 	   23 
      0 	  103541 	   12 	  140831 	   18 
      0 	  107115 	   14 	  168758 	   94 
      0 	  105630 	   13 	  144640 	   23 
      0 	  122568 	   60 	  144048 	   16 
      0 	  102860 	    8 	  141752 	   26 
      0 	  104664 	   12 	  137976 	   28 
      0 	  106259 	   12 	  144920 	   42 
      0 	  105834 	   11 	  148527 	   24 
      0 	  116244 	   22 	  144610 	   16 
      0 	  104016 	   14 	  145230 	   26 
      0 	  107902 	   18 	  140233 	   26 
      0 	  105967 	   16 	  142926 	   15 
      0 	  107825 	   21 	  146279 	   37 
      0 	  103925 	   28 	  139722 	   12 
      0 	  111989 	   45 	  141162 	   19 
      0 	  102206 	   13 	  135695 	   19 
      0 	  122673 	   61 	  146309 	   44 
      0 	  109713 	   13 	  149328 	   28 
      0 	  113229 	   11 	  137517 	   19 
      0 	  110938 	   14 	  150769 	   29 
      0 	  117615 	   26 	  140845 	   25 
      0 	  106392 	   13 	  137132 	   36 
      0 	  110961 	   12 	  160730 	   98 
      0 	  110298 	   15 	  142159 	   25 
      0 	  115749 	   27 	  141070 	   28 
      0 	  108106 	   14 	  141605 	   18 
      0 	  109771 	   19 	  138803 	   26 
      0 	  107076 	   10 	  144987 	   36 
      0 	  116474 	   22 	  137591 	   22 
      0 	  108411 	   15 	  140889 	   22 
      0 	  107096 	   12 	  140066 	   19 
      0 	  103300 	   10 	  135798 	   16 
      0 	  119492 	   39 	  153043 	   61 
      0 	  100619 	   15 	  143370 	   26 
      0 	  102421 	   12 	  140793 	   29 
      0 	  103495 	   14 	  141219 	   18 
      0 	   98616 	   13 	  141115 	   27 
      0 	  106544 	   21 	  149274 	   31 
      0 	  105945 	   15 	  141374 	   19 
      0 	  104477 	   12 	  143408 	   23 
      0 	  111756 	   20 	  153189 	   37 
      0 	  104169 	   16 	  135111 	   19 
      0 	  105125 	   18 	  141631 	   84 
      0 	  102294 	   12 	  133778 	   20 
      0 	  105880 	   27 	  140207 	   18 
      0 	  102532 	   11 	  137312 	   21 
      0 	  128765 	   39 	  134186 	   20 
      0 	  122610 	   33 	  137391 	   41 
      0 	  105862 	   15 	  137111 	   20 
      0 	  106591 	   16 	  151280 	   18 
      0 	  105034 	   10 	  137785 	   16 
      0 	  104291 	   23 	  149579 	   44 
      0 	  106357 	   14 	  140025 	   41 
      0 	  101705 	   12 	  135719 	   20 
      0 	  105445 	   25 	  138611 	   21 
      0 	  104859 	   17 	  146475 	   17 
      0 	  106437 	   13 	  146097 	   41 
      0 	  109363 	   23 	  141098 	   30 
      0 	  101969 	   13 	  150561 	   24 
      0 	  106967 	   12 	  146480 	   37 
      0 	  106144 	   31 	  135997 	   30 
      0 	  100428 	   13 	  139326 	   25 
      0 	  101200 	   13 	   96788 	  153 
      0 	   99302 	    9 	   36941 	    6 
      0 	  101592 	   19 	   47857 	   40 
      0 	   99892 	   20 	   43842 	    6 
      0 	   99637 	   13 	   44502 	   25 
      0 	  104530 	   19 	   36380 	    9 
      0 	  102746 	   14 	   36449 	    8 
      0 	  102988 	   19 	   39095 	    8 
      0 	  101794 	   15 	   31285 	    7 
      0 	  113668 	   33 	   33701 	   11 
      0 	  104879 	   17 	   39091 	    6 
      0 	  105862 	   26 	   32501 	    9 
      0 	  123225 	  112 	   33679 	   14 
      0 	  100265 	   10 	   42670 	   16 
      0 	   99722 	   16 	   33787 	   15 
      0 	  101182 	   16 	   28700 	    9 
      0 	  100747 	   12 	   22075 	    7 
      0 	  101277 	   14 	   29263 	    7 
      0 	   98690 	   12 	   27007 	    7 
      0 	  104206 	   21 	   24198 	    7 
      0 	  104569 	   16 	   29637 	   10 
      0 	  100877 	   11 	   39512 	    6 
      0 	  107390 	   18 	   28977 	    7 
      0 	  105871 	   13 	   38619 	   14 
      0 	  104538 	   13 	   37014 	   12 
      0 	  100787 	   10 	   32959 	   14 
      0 	  120180 	   45 	   23216 	    5 
      0 	  106385 	   18 	   26313 	    7 
      0 	  101312 	   18 	   28539 	    7 
      0 	  112767 	   26 	   27710 	    8 
      0 	  107583 	   12 	   20885 	    6 
      0 	  104590 	    9 	   23415 	   19 
      0 	  103235 	   11 	   18054 	    2 
      0 	  112620 	   25 	   36005 	   23 
      0 	  106281 	   14 	   15914 	   19 
      0 	  102414 	   12 	   16969 	    4 
      0 	  104873 	   18 	   13836 	    4 
      0 	  110070 	   25 	   19974 	    5 
      0 	  105229 	   23 	   19954 	    5 
      0 	  102011 	   15 	   32044 	   49 
      0 	  109488 	   19 	   83204 	   10 
      0 	  104870 	   45 	   70730 	   12 
      0 	   97393 	   15 	   51135 	   11 
      0 	   98836 	   14 	   36846 	   11 
      0 	  100831 	   19 	   42840 	   14 
      0 	   97578 	   15 	   42910 	   18 
      0 	   99405 	   12 	   35389 	   10 
      0 	  100530 	   23 	   50878 	   12 
      0 	   98138 	   15 	  107538 	   11 
      0 	  100610 	   14 	   76825 	   10 
      0 	  100339 	   10 	  109560 	   10 
      0 	   98795 	   15 	  118192 	   14 
      0 	  102247 	   11 	   81463 	   20 
      0 	  101673 	    9 	   51884 	   22 
      0 	  118992 	   47 	   33462 	    7 
      0 	   98716 	   14 	   39243 	    7 
      0 	   99652 	   14 	   46537 	    8 
      0 	  100605 	   14 	   36864 	   11 
      0 	  103674 	   16 	  134435 	   67 
      0 	  101343 	   10 	  122102 	   16 
      0 	  100702 	   20 	  119791 	   10 
      0 	  102471 	   12 	  139803 	   14 
      0 	  126260 	   41 	  135766 	   20 
      0 	  112853 	   31 	  122814 	   25 
      0 	  103134 	   15 	   62025 	    6 
      0 	  107337 	   28 	   48132 	   12 
      0 	  102818 	   13 	   87623 	    9 
      0 	  100691 	   15 	   95457 	   12 
      0 	  111577 	  100 	  107971 	   15 
      0 	  107823 	   14 	  146227 	   20 
      0 	  111040 	   17 	  139469 	   12 
      0 	  104592 	   13 	  148930 	   21 
      0 	  111868 	   23 	  139040 	   18 
      0 	  101994 	   14 	  150441 	   30 
      0 	  107628 	   21 	  142214 	   29 
      0 	  104142 	   13 	  133952 	   14 
      0 	  111072 	   31 	  131037 	   15 
      0 	  103077 	   11 	  144163 	   17 
      0 	  108156 	   21 	  105471 	   61 
      0 	  104305 	   13 	   31059 	    9 
      0 	  107648 	   23 	   23829 	    9 
      0 	  104579 	   11 	   31959 	    7 
      0 	  105347 	   18 	   26868 	    7 
      0 	  102028 	   13 	   36702 	   28 
      0 	  110877 	   37 	   30091 	    6 
      0 	  103464 	   12 	   43090 	   38 
      0 	  106857 	   22 	   20663 	    7 
      0 	  104017 	   15 	   19146 	    6 
      0 	  107130 	   24 	   23139 	    5 
      0 	  103679 	   15 	   26154 	   11 
      0 	  105454 	   24 	   29484 	    8 
      0 	   99463 	   13 	   25432 	   11 
      0 	  113820 	   25 	   23472 	    5 
      0 	   99796 	   14 	   29290 	   11 
      0 	  101284 	   10 	   30486 	    7 
      0 	  102194 	   12 	   19272 	   16 
      0 	   98600 	   15 	   19821 	    9 
      0 	  101151 	   21 	   17873 	    4 
      0 	  115660 	   23 	   19534 	    7 
      0 	  127070 	   87 	   18407 	    5 
      0 	  103451 	   13 	   29195 	   12 
      0 	  105964 	   22 	   18420 	   13 
      0 	  104034 	   12 	   20512 	    5 
      0 	  105265 	   23 	   25033 	   12 
      0 	  105876 	   16 	   31634 	   15 
      0 	  101370 	   13 	   21082 	    8 
      0 	  104676 	   31 	   23918 	    7 
      0 	  104718 	   12 	   27977 	    7 
      0 	  107886 	   25 	   45731 	   40 
      0 	  103775 	   16 	  107709 	   45 
      0 	  107051 	   28 	  142543 	   24 
      0 	  102370 	   13 	   91923 	   52 
      0 	  105338 	   22 	   37609 	    8 
      0 	  104430 	   15 	   43575 	    9 
      0 	  104004 	   31 	   37619 	   13 
      0 	   98860 	   11 	   29679 	    4 
      0 	   99677 	    9 	   39102 	   12 
      0 	  101344 	   17 	   50608 	   21 
      0 	   98029 	   15 	   90271 	   17 
      0 	  100341 	   13 	  111740 	   22 
      0 	  107262 	   25 	   67467 	   12 
      0 	  108585 	   38 	  106115 	   14 
      0 	   98311 	   11 	  125625 	   18 
      0 	  104876 	   17 	   63627 	   33 
      0 	  108873 	   20 	   34909 	   20 
      0 	  103330 	   21 	   29819 	    9 
      0 	  102912 	   30 	   29065 	    6 
      0 	  102935 	   16 	   29084 	   12 
      0 	  120032 	   86 	   34505 	    7 
      0 	  101863 	   15 	   54186 	   17 
      0 	  101316 	   23 	   96749 	   18 
      0 	  106365 	   21 	  114487 	   20 
      0 	  102248 	   13 	   50047 	   26 
      0 	  103142 	   19 	   49137 	    5 
      0 	  101132 	   12 	   84101 	   18 
      0 	  103137 	   19 	   92267 	   63 
      0 	   99381 	    9 	   53604 	   11 
      0 	  100193 	   17 	   37333 	   10 
      0 	   99968 	   13 	   53988 	    6 
      0 	   99624 	   10 	   78337 	    8 
      0 	  100965 	   13 	   50135 	   16 
      0 	   98217 	   13 	   42025 	   13 
      0 	  118171 	   48 	   31533 	   11 
      0 	  104165 	   14 	   66719 	   35 
      0 	  103882 	   21 	  102716 	    9 
      0 	   99853 	   12 	   71500 	    9 
      0 	  103118 	   20 	   87257 	   19 
      0 	  105317 	   23 	  119981 	   15 
      0 	  105262 	   21 	   83596 	   11 
      0 	  102400 	   15 	   48487 	   23 
      0 	  108275 	   22 	   36489 	    8 
      0 	  100031 	   17 	   41601 	   14 
      0 	  103154 	   18 	   44086 	   10 
      0 	  109344 	   23 	   40787 	   38 
      0 	  105015 	   26 	   28080 	    7 
      0 	   99695 	   13 	   23758 	    6 
      0 	  105675 	   19 	   26827 	    7 
      0 	  101934 	   70 	   33983 	    5 
      0 	   98219 	   18 	   25265 	    6 
      0 	   97099 	   14 	   39832 	   39 
      0 	  101247 	   17 	   39092 	   17 
      0 	   97386 	   13 	   21076 	   26 
      0 	   99052 	   14 	   21479 	    8 
      0 	  100042 	   34 	   20625 	    3 
      0 	   98195 	   12 	   22459 	   11 
      0 	  103755 	   14 	   18457 	    5 
      0 	  103830 	   15 	   20974 	    8 
      0 	   98687 	   13 	   19976 	    6 
      0 	  102274 	   14 	   21005 	    7 
      0 	  114843 	   34 	   21632 	    9 
      0 	  105886 	   32 	   23203 	   13 
      0 	   98927 	   12 	   22681 	   11 
      0 	  101010 	   14 	   29143 	    6 
      0 	   99099 	   14 	   22937 	    5 
      0 	  100224 	   12 	   25093 	    6 
      0 	  102116 	   14 	   30779 	   10 
      0 	  115416 	   32 	   26961 	    6 
      0 	  102730 	   23 	   22984 	   17 
      0 	   99134 	   11 	   27614 	   16 
      0 	  115217 	   32 	   28611 	   16 
      0 	  100316 	   12 	   24226 	    4 
      0 	  107071 	   23 	   23609 	   10 
      0 	  101546 	   19 	   25151 	    7 
      0 	  100131 	   12 	   86130 	   45 
      0 	  114089 	  133 	  129449 	   15 
      0 	  109666 	   26 	  111021 	   12 
      0 	  116882 	   56 	  137920 	   25 
      0 	  121555 	   53 	  137035 	   16 
      0 	  109364 	   27 	  128518 	   28 
      0 	  115479 	   37 	   67533 	   13 
      0 	  111478 	   37 	   48399 	   11 
      0 	  115967 	   29 	   82890 	   17 
      0 	  114720 	   38 	  106498 	   12 
      0 	  112233 	   38 	   79028 	   11 
      0 	  115066 	   24 	  138219 	   42 
      0 	  123214 	   64 	  140379 	   19 
      0 	  120738 	   75 	  145949 	   25 
      0 	  116611 	   22 	  140652 	   19 
      0 	  111635 	   18 	  147159 	   25 
      0 	  110101 	   23 	  139995 	   28 
      0 	  112213 	   35 	  134686 	   11 
      0 	  113444 	   31 	  123860 	   13 
      0 	  112188 	   18 	  140686 	   22 
      0 	  111284 	   14 	  145203 	   22 
      0 	  104179 	   12 	   61901 	   69 
      0 	  108748 	   13 	  118834 	   43 
      0 	  117504 	   31 	  142013 	   14 
      0 	  106369 	   21 	   68805 	   46 
      0 	  114663 	   70 	   38551 	    9 
      0 	  100203 	   13 	   29308 	    5 
      0 	  104585 	   12 	   35304 	    5 
      0 	  104831 	   12 	   47200 	    8 
      0 	   98851 	    8 	   36061 	    9 
      0 	  104834 	   16 	   37278 	   21 
      0 	  102773 	   11 	   43143 	   20 
      0 	  110577 	   29 	   26648 	    9 
      0 	  112363 	   22 	   27451 	    8 
      0 	  109107 	   14 	   30379 	   13 
      0 	  109804 	   15 	   36538 	   10 
      0 	  107727 	   18 	   57787 	   16 
      0 	  100988 	   12 	   85285 	   13 
      0 	  106638 	   15 	   67811 	    9 
      0 	  101883 	    7 	  103133 	   18 
      0 	  106560 	   16 	  130979 	   19 
      0 	  101173 	   11 	  123206 	   19 
      0 	  103518 	   11 	   60237 	   28 
      0 	  106794 	   27 	  100391 	   28 
      0 	  109199 	   25 	  113470 	   22 
      0 	  101251 	    9 	   43747 	   19 
      0 	  107080 	   13 	   56406 	   22 
      0 	  106818 	    9 	   90872 	   12 
      0 	  103872 	   13 	   62271 	   64 
      0 	  104221 	   15 	   17814 	    5 
      0 	  118940 	   70 	   21932 	   10 
      0 	  120440 	   73 	   21172 	   11 
      0 	  116965 	   34 	   22438 	    6 
      0 	  110380 	   28 	   26879 	    8 
      5 	  116609 	   47 	   24069 	   16 
      2 	  113289 	   41 	   25383 	   10 
     17 	  120199 	   69 	   27874 	    9 
      0 	  105494 	   22 	   24865 	    8 
      0 	  107211 	   56 	   27765 	    8 
      0 	  104262 	   24 	   31706 	   19 
      0 	  106427 	   24 	   20927 	    7 
      0 	  113266 	   31 	   25387 	   10 
      0 	  109850 	   20 	   26004 	    9 
      0 	  111943 	   20 	   29420 	   11 
      0 	  109219 	   16 	   29516 	    8 
      0 	  109091 	   19 	   30768 	   16 
      0 	  107766 	   47 	   30047 	    8 
      0 	  108249 	   34 	   37092 	    7 
      0 	  109102 	   20 	   34365 	   10 
      0 	  112894 	   37 	   38455 	   10 
      3 	  110206 	   23 	   35085 	   57 
      5 	  119032 	   73 	   32827 	    9 
      0 	  111479 	   21 	   33888 	    8 
      0 	  106261 	   16 	   31327 	   10 
      0 	  113238 	   27 	   33046 	    8 
      0 	  111205 	   43 	   39766 	   28 
      0 	  104959 	   13 	   49573 	   10 
      0 	  110551 	   14 	   80806 	   16 
      0 	  107248 	   23 	   77052 	   20 
      0 	  104834 	   16 	   58734 	   15 
      0 	  108381 	   28 	   87792 	   17 
      0 	  108667 	   23 	   63608 	   28 
      0 	  105849 	   21 	   35259 	    9 
      0 	  113692 	   57 	   41705 	   15 
      0 	  119406 	   70 	   34795 	   12 
      0 	  115234 	   33 	   52344 	    8 
      0 	  118163 	   46 	   59444 	   27 
      0 	  109337 	   22 	   81061 	   16 
      0 	  111848 	   43 	   95819 	   17 
      0 	  113012 	   51 	   78001 	    9 
      0 	   99677 	   13 	  109510 	   16 
      0 	  104275 	   13 	   62131 	   67 
      0 	  104327 	   25 	   30972 	   11 
      0 	  100241 	   13 	   33772 	   11 
      0 	  103682 	   13 	   33221 	   12 
      0 	   99834 	   11 	   34747 	    6 
      0 	  108729 	   29 	   38399 	   21 
      0 	  110723 	   21 	   37236 	   13 
      0 	  105117 	   20 	   32644 	   12 
      0 	  109061 	   14 	   38410 	    6 
      0 	  102883 	   32 	   49315 	    9 
      0 	  101735 	   12 	   59735 	   31 
      0 	  100915 	   12 	   45981 	   12 
      0 	  102924 	   24 	   52255 	    6 
      0 	  101754 	   15 	   86241 	   16 
      0 	  103396 	   13 	  101110 	   17 
      0 	  103538 	   21 	   94395 	   27 
      0 	  106182 	   22 	   57375 	    7 
      0 	  102903 	   16 	   68207 	   12 
      0 	  105930 	   12 	   85105 	   18 
      0 	  104437 	   11 	  107800 	   18 
      0 	  103594 	   18 	  117737 	   14 
      0 	  101986 	   15 	   47507 	   70 
      0 	  116050 	   64 	   57138 	   14 
      0 	  108921 	   62 	   57703 	    9 
      0 	  102569 	   14 	   97117 	   10 
      0 	  108751 	   51 	  102276 	   32 
      0 	  108453 	   23 	  116657 	   19 
      0 	  106638 	   40 	  130693 	   18 
      0 	  105835 	   28 	  131101 	   17 
      0 	  113238 	   33 	  149649 	   40 
      0 	  110105 	   16 	   94823 	   10 
      0 	  109074 	   19 	  118328 	   14 
      0 	  106777 	   17 	  128729 	   23 
      0 	  109377 	   19 	  136555 	   22 
      0 	  113368 	   37 	  144487 	   33 
      0 	  113141 	   29 	  136371 	   15 
      0 	  111955 	   30 	  148150 	   23 
      0 	  117187 	  100 	  146081 	   27 
      0 	  112641 	   45 	  147416 	   28 
      0 	  108544 	   52 	  148240 	   23 
     13 	  107310 	   29 	  113817 	  131 
      0 	  107003 	   30 	  150643 	   18 
      0 	  111922 	   76 	  138250 	   22 
      0 	  104254 	   48 	  148743 	   63 
      0 	  109152 	   23 	  134665 	   27 
      0 	  112290 	   28 	  149274 	   55 
      0 	  110171 	   33 	  145453 	   20 
      0 	  112299 	   44 	  127274 	   20 
      0 	  107907 	   22 	  123209 	   14 
      0 	  108168 	   18 	  120657 	   22 
      0 	  103989 	   17 	  132155 	   17 
      0 	  108291 	   68 	  137336 	   25 
      0 	  105090 	   36 	  129515 	   16 
      0 	  114975 	   50 	  117867 	   23 
      0 	  111194 	   23 	  120199 	   33 
      0 	  114083 	   23 	  113710 	   12 
      0 	  112786 	   34 	  109013 	   18 
      0 	  109236 	   28 	   88568 	   11 
      0 	  106953 	   23 	   87130 	   16 
      0 	  105917 	   58 	   82288 	   10 
      0 	  119584 	   45 	   90425 	   15 
      0 	  101516 	   14 	  136715 	   16 
      0 	  106575 	   18 	  123879 	   20 
      0 	  104270 	   18 	  107908 	   13 
      0 	  102107 	   12 	  114471 	   25 
      0 	  109640 	   39 	  105427 	   37 
      0 	  101670 	   15 	   88474 	   13 
      0 	  103849 	   19 	   78452 	   14 
      0 	  105617 	   21 	   97426 	   11 
      0 	  101584 	   13 	   75206 	   17 
      0 	  103135 	   31 	   61822 	    8 
      0 	  102477 	   21 	   67375 	   20 
      0 	  102959 	   14 	   65190 	    9 
      0 	  104607 	   25 	   54561 	   18 
      0 	  103923 	   13 	   72276 	   45 
      0 	  106789 	   24 	   60241 	    6 
      0 	  103168 	   17 	   54518 	   11 
      0 	  127489 	   72 	   59729 	   12 
      0 	  131624 	   62 	   50208 	   13 
      0 	  105459 	   10 	   49649 	    6 
      0 	  115738 	   11 	  146021 	   56 
     41 	  154116 	   68 	  144634 	   22 
    456 	  107499 	   12 	  137399 	   12 
   4821 	  106504 	   51 	  137447 	   24 
      0 	  104392 	   12 	  135461 	   13 
      0 	  111672 	   34 	  139417 	   13 
      0 	  115139 	   21 	  145741 	   28 
      0 	  107872 	   11 	  138034 	   17 
      0 	  111170 	   20 	  145081 	   25 
      0 	  108136 	   16 	  150079 	   19 
      0 	  107168 	   16 	  144772 	   16 
      0 	  108673 	   11 	  133625 	   43 
      0 	  117149 	   19 	  138644 	   19 
      0 	  110300 	   12 	  144145 	   33 
      0 	  107880 	   12 	  137675 	   14 
      0 	  118585 	   29 	  129080 	   11 
      0 	  122842 	   33 	  131781 	   18 
      0 	  114387 	   16 	  124166 	   17 
      0 	  115641 	   11 	  137032 	   47 
      0 	  115944 	   23 	  139182 	   19 
      0 	  114557 	   20 	  136122 	   23 
      0 	  108542 	   11 	  144509 	   17 
      0 	  112112 	   19 	  142572 	   14 
      0 	  110811 	   15 	  140096 	   40 
      0 	  118317 	   28 	  143606 	   18 
      0 	  109138 	   13 	  146260 	   21 
      0 	  118287 	   38 	  141326 	   16 
      0 	  119348 	   18 	  145761 	   17 
      0 	  116866 	   20 	  144244 	   31 
      0 	  116431 	   22 	  158507 	   43 
      0 	  114450 	   21 	  130479 	   11 
      0 	  124446 	   52 	  132878 	   20 
      0 	  116523 	   18 	  126856 	   20 
      0 	  112004 	   21 	  123927 	   15 
      0 	  108905 	   56 	  134764 	   26 
      0 	  102552 	   12 	  136685 	   15 
      0 	  107171 	   19 	  141339 	   16 
      0 	  101455 	   15 	  132587 	   14 
     63 	  112933 	   20 	  143696 	   79 
     80 	  106032 	   11 	  115864 	   11 
     20 	  108472 	   10 	  112908 	   22 
      0 	  101869 	    9 	  106740 	   10 
      0 	  111531 	   23 	  104403 	   11 
      0 	  104160 	   13 	   81552 	   17 
      0 	  104660 	   13 	   98710 	   29 
      0 	  102896 	   15 	  101544 	   11 
      0 	  106865 	   14 	   88736 	   80 
      0 	  105538 	   15 	   92576 	   41 
      0 	  100899 	   11 	  103115 	    8 
      0 	  105515 	   24 	   94867 	   59 
      0 	  116842 	   32 	   71406 	   11 
      0 	  112185 	   29 	   71573 	   12 
      0 	  102665 	    7 	   79329 	   19 
      0 	  105420 	   12 	   95056 	   12 
      0 	  100729 	   10 	   83152 	    6 
      0 	  105206 	   18 	   66865 	   17 
      0 	  105900 	   16 	   67194 	   15 
      0 	  103724 	   46 	   58717 	    7 
      0 	  100366 	   12 	   60787 	   24 
      0 	   98647 	   11 	   54126 	   16 
      0 	  106585 	   20 	   58197 	    7 
      0 	  100823 	   10 	   50184 	    5 
      0 	  106060 	   13 	   47607 	   15 
      0 	  100872 	   11 	   50921 	   10 
      0 	  106096 	   31 	   48168 	   18 
      0 	  101192 	   12 	   45339 	    7 
      0 	  110153 	   19 	   52229 	   25 
      0 	  102947 	   13 	   58968 	   15 
      0 	  102477 	   14 	   49241 	    8 
      0 	  101652 	   10 	   49004 	    9 
      0 	  109006 	   25 	   41797 	    7 
      0 	  108988 	   17 	   52160 	   16 
      0 	  114008 	   29 	   78859 	    9 
      0 	  101410 	   10 	   76276 	   10 
      0 	  106253 	   12 	   62243 	   16 
      0 	  102235 	   10 	   49993 	   15 
      0 	  109155 	   17 	   48419 	    8 
      0 	  106014 	   13 	   37001 	    3 
     16 	  106845 	   23 	   74691 	   10 
      0 	  103633 	   13 	   70002 	   13 
      0 	  106221 	   10 	   44101 	    9 
      0 	  103960 	   16 	   42303 	    8 
      0 	  106975 	   13 	   42155 	    8 
     23 	  116061 	   73 	   41622 	   25 
      0 	  108181 	   14 	   30060 	   25 
      0 	  118412 	   20 	   29628 	    6 
      0 	  113908 	   15 	   33334 	    5 
      0 	  109752 	   13 	   31763 	   24 
      0 	  117652 	   26 	   41254 	    8 
      0 	  115891 	   31 	   34548 	    8 
      0 	  114730 	   18 	   37033 	   10 
      0 	  114489 	   81 	   31303 	    9 
      0 	  122471 	   37 	   49237 	   13 
      0 	  110864 	    9 	   29727 	    8 
      0 	  106300 	   12 	   31342 	    7 
      4 	  120906 	   56 	   52452 	   62 
      0 	  111386 	   12 	  141749 	   23 
      0 	  115230 	   31 	  130430 	   21 
      0 	  115980 	   21 	  121477 	   10 
      0 	  113626 	   22 	  144629 	   19 
      0 	  117708 	   33 	  143235 	   23 
      0 	  111571 	   20 	  125696 	   14 
      0 	  112671 	   20 	  115444 	   29 
      0 	  115014 	   26 	  123940 	   46 
      0 	  116444 	   45 	  138597 	   16 
      0 	  104887 	   22 	  142388 	   22 
      0 	  112961 	   27 	  142400 	   24 
      0 	  114183 	   21 	  138817 	   15 
      0 	  108316 	   23 	  142667 	   22 
      0 	  111217 	   19 	  136142 	   35 
      0 	  110467 	   22 	  121842 	   15 
      0 	  113620 	   46 	  135345 	   28 
      0 	  103981 	   29 	  140089 	   16 
      0 	  107783 	   28 	  134620 	   17 
      0 	  107482 	   32 	   99389 	   48 
      0 	  111079 	   66 	   87247 	   18 
      0 	  105905 	   16 	   72658 	   12 
      0 	  107134 	   16 	   79435 	   17 
      0 	  106724 	   16 	   83408 	   11 
      0 	  102356 	   19 	   97252 	   57 
      0 	  107281 	   23 	  115474 	   25 
      0 	  106052 	   14 	   89655 	   58 
      0 	  107990 	   22 	   68686 	   20 
      0 	  106664 	   25 	   65475 	    9 
      0 	  107361 	   39 	   70785 	   18 
      0 	  102125 	   14 	   52665 	   13 
      0 	  104333 	   22 	   55978 	    8 
      0 	  106288 	   15 	   52410 	    8 
      0 	  104768 	   18 	   58403 	   16 
      0 	  102682 	   14 	   73230 	   11 
      0 	  105300 	   23 	   64644 	   26 
      0 	  101959 	   14 	   87135 	   22 
      0 	  109647 	   27 	   98490 	   15 
      0 	  102910 	   13 	   92562 	   15 
      2 	  109320 	   22 	  111743 	   17 
      0 	  104546 	   12 	  129878 	   19 
      0 	  104311 	   18 	  125495 	   19 
      0 	  117095 	   46 	  111557 	   26 
      0 	  114615 	   18 	  101129 	   28 
      0 	  120403 	   21 	  129177 	   32 
      0 	  112284 	   18 	  102036 	    8 
      0 	  118166 	   56 	  125575 	   21 
      0 	  112626 	   32 	  130955 	   12 
      0 	  107121 	   49 	  139002 	   52 
      0 	  113492 	   24 	  132613 	   15 
      0 	  118191 	   20 	  146465 	   22 
      0 	  113644 	   20 	  137141 	   23 
      0 	  115474 	   21 	  142350 	   21 
      0 	  113258 	   30 	  137717 	   14 
      0 	  113586 	   29 	  142407 	   36 
      0 	  110193 	   17 	  144083 	   22 
      0 	  109836 	   15 	  140345 	   25 
      0 	  107074 	   15 	  135731 	   17 
      0 	  106105 	   17 	  142755 	   16 
      0 	  111360 	   22 	  140070 	   38 
      0 	  114729 	   27 	  141254 	   20 
      0 	  104110 	   11 	  143081 	   19 
      0 	  114768 	   32 	  139047 	   22 
      0 	  109367 	   18 	  141548 	   27 
      0 	  105834 	   12 	  144062 	   20 
      0 	  101317 	   12 	  142252 	   31 
      0 	  102411 	   41 	  142830 	   24 
      0 	  102968 	   18 	  141353 	   25 
      0 	  102455 	   13 	  144073 	   22 
     50 	  103166 	   19 	  150946 	   65 
      0 	   99091 	   11 	  145873 	   70 
      0 	  103246 	   20 	  143229 	   33 
      0 	  100888 	   13 	  140602 	   67 
      0 	  107965 	   26 	  139494 	   16 
      0 	  102327 	   13 	  143928 	   22 
      0 	  104026 	   16 	  143145 	   15 
      0 	  100513 	   13 	  134336 	   16 
      0 	  103232 	   19 	  142568 	   22 
      0 	  102358 	   11 	  139415 	   33 
      0 	  101689 	   16 	  146198 	   32 
      0 	  104801 	   37 	  143084 	   37 
      0 	  101355 	   14 	  140661 	   11 
      0 	  104849 	   24 	  142708 	   30 
      0 	  100935 	   12 	  143116 	   16 
      0 	  108009 	   22 	  142500 	   32 
      0 	  100908 	   15 	  143320 	   19 
      0 	  104518 	   21 	  144144 	   19 
      0 	  103150 	   18 	  141023 	   22 
      0 	  105873 	   27 	  139701 	   23 
      0 	  102338 	   13 	  142094 	   21 
      0 	  103729 	   14 	  145032 	   30 
      0 	  105952 	   23 	  143709 	   33 
      0 	  103391 	   13 	  126777 	   17 
      0 	  104605 	   17 	  146550 	   35 
      0 	  108253 	   52 	  142626 	   11 
      0 	  104363 	   58 	  136081 	   29 
      0 	  101129 	   14 	   99070 	   99 
      0 	  104461 	   32 	   57555 	    9 
      0 	  104246 	   60 	   54714 	    8 
      0 	  101845 	   11 	   61887 	   12 
      0 	  104666 	   14 	   82593 	   12 
      0 	  103748 	   18 	   70418 	   12 
      0 	  101869 	   11 	   80862 	   16 
      0 	  101432 	   11 	   46999 	    7 
      0 	  102427 	   18 	   50628 	   10 
      0 	  102838 	   20 	   54755 	   16 
      0 	  101703 	   10 	   69314 	   11 
      0 	  106267 	   25 	   56490 	    5 
     26 	  102277 	   26 	   92543 	   45 
      0 	  106925 	   29 	  113762 	   20 
      0 	  102304 	   14 	  111268 	    7 
  15287 	   86222 	   13 	  122867 	   25 
    158 	  103500 	   16 	  133991 	   12 
      0 	  103129 	   14 	  127346 	   27 
      0 	  101630 	   10 	  102804 	   12 
      0 	  104719 	   25 	   83375 	   10 
      0 	  102139 	   14 	  112859 	   26 
      0 	  102569 	   15 	  125370 	   11 
      0 	  103999 	   15 	  101978 	   42 
      0 	  104469 	   18 	   32280 	   14 
      0 	  104959 	   17 	   35955 	    7 
      0 	  102616 	   11 	   32996 	   15 
      0 	  104862 	   15 	   44573 	    9 
      0 	  107224 	   27 	   32133 	    5 
      0 	  103567 	   29 	   27842 	   11 
      0 	  104898 	   10 	   26563 	    5 
      0 	  107601 	   30 	   40137 	   10 
      0 	  102910 	   15 	   28688 	    8 
      0 	  102634 	   12 	   36816 	    7 
      0 	  108482 	   23 	   42011 	   36 
      0 	  101141 	   10 	   57606 	   10 
      0 	  107494 	   80 	   40431 	    9 
      0 	  112761 	   44 	   89133 	   23 
      0 	  115166 	   23 	   63012 	   13 
      0 	  111631 	   14 	   48583 	   18 
      0 	  112342 	   29 	   32633 	    6 
      0 	  110558 	   28 	   31684 	    7 
      0 	  110258 	   41 	   43568 	   19 
      0 	  107436 	   11 	   40686 	   11 
      0 	  107482 	   17 	   85335 	   97 
      0 	  107895 	   16 	  141251 	   16 
      0 	  103251 	   15 	  138174 	    9 
      0 	  104367 	   13 	  138481 	   29 
      0 	  104297 	   24 	  142335 	   18 
      0 	  109629 	   16 	  138714 	   34 
      0 	  108664 	   23 	  138999 	   13 
      2 	  100747 	   11 	  133455 	   16 
      0 	  102926 	   14 	  139670 	   29 
      0 	  107490 	   48 	  135451 	   17 
      0 	  104203 	   24 	  142460 	   45 
      0 	  109158 	   30 	  144698 	   22 
      0 	  109119 	   47 	  141018 	   13 
      0 	  104049 	   29 	  133577 	   23 
      0 	  109805 	   32 	  118768 	   18 
      0 	  105161 	   32 	  127943 	   18 
     10 	  107463 	   85 	  132011 	   30 
      0 	  102435 	   17 	  137756 	   16 
      0 	  101157 	   16 	  139436 	   26 
      0 	  101496 	   12 	  123506 	   14 
      0 	  105992 	   22 	  136443 	   20 
      0 	   99980 	   11 	  122010 	   56 
      0 	   99969 	   13 	  111740 	   17 
     12 	  100329 	   21 	  129697 	   27 
      0 	   98325 	    9 	  125797 	   19 
      0 	  102331 	   12 	   91371 	   27 
      0 	   98552 	   13 	   72523 	   11 
      0 	  100403 	   22 	   70713 	   27 
      0 	  100007 	   11 	  126358 	   17 
      0 	   97889 	   14 	  105852 	   10 
     20 	  103883 	   43 	  137004 	   50 
      0 	  104919 	   19 	  134150 	   21 
      0 	  103120 	   15 	  138724 	   30 
      0 	  103686 	   10 	  136937 	   22 
      0 	  108740 	   21 	  137329 	   14 
      0 	  108910 	   19 	  142065 	   33 
      0 	  102737 	   15 	  144181 	   17 
      0 	  106313 	   25 	  149000 	   33 
      0 	  100075 	   13 	  142777 	   17 
      0 	  101449 	   11 	  141904 	   19 
    524 	   98072 	   12 	  189005 	  111 
     66 	  102216 	   26 	  155965 	   71 
      0 	  102131 	   18 	  149642 	   31 
      0 	  102590 	   12 	  143921 	   17 
      0 	  104624 	   46 	  144649 	   18 
      0 	   97461 	   15 	  144475 	   18 
      0 	   99883 	   15 	  145796 	   12 
      0 	  100055 	   26 	  145069 	   24 
      0 	   99763 	   13 	  141424 	   38 
      0 	   98405 	   13 	  159387 	   66 
      0 	  108285 	   30 	  146484 	   17 
      0 	  106263 	   33 	  140822 	   10 
      0 	  104830 	   19 	  145034 	   15 
      0 	  106221 	   16 	  145904 	   16 
      0 	  102277 	   48 	  149779 	   31 
      0 	   99832 	   11 	  150459 	   21 
      0 	  100712 	   13 	  145728 	   18 
      0 	  102471 	   25 	  141500 	   11 
      0 	   99373 	   14 	  124271 	   15 
      0 	  103162 	   15 	   95751 	   16 
      0 	  102050 	   31 	  115580 	   21 
      0 	  100892 	   14 	   94528 	    9 
      0 	  108529 	   15 	  125092 	   19 
      0 	  107099 	   15 	  148941 	   25 
      0 	  110553 	   31 	  144946 	   17 
      0 	  103166 	   18 	  134084 	   15 
      0 	  104420 	   17 	  118485 	   63 
      0 	  117148 	  114 	  139471 	   15 
      0 	  106926 	   63 	  103978 	    9 
      0 	  107435 	   24 	  123086 	   12 
      0 	  104819 	   17 	  112473 	   21 
      0 	  102556 	   13 	  136609 	   29 
      0 	  106016 	   14 	  145151 	   13 
      0 	  103416 	   11 	  156266 	   41 
      0 	  104991 	   14 	  149195 	   16 
      0 	  103745 	    9 	  145963 	   15 
      0 	  108735 	   22 	  146195 	   14 
      0 	  105999 	   20 	  144827 	   23 
      0 	  102969 	   32 	  147362 	   26 
      0 	  118768 	   59 	  148170 	   14 
      0 	  105642 	   16 	  145095 	   31 
      0 	  104352 	   13 	  145727 	   35 
      0 	  105147 	   12 	  149176 	   25 
      0 	  102577 	    9 	  146598 	   13 
      0 	  103962 	    9 	  138858 	   19 
      0 	  105738 	   12 	   80769 	   45 
      0 	  110209 	   31 	   46599 	   10 
      0 	  103238 	   12 	   57324 	   27 
      0 	  110299 	   19 	   40663 	   11 
      0 	  105026 	   14 	   39114 	    7 
      0 	  104988 	   13 	   33852 	    9 
      0 	  105660 	    8 	   39904 	   17 
      0 	  105284 	   11 	   32071 	   13 
      0 	  116919 	   21 	   32366 	    6 
      0 	  110776 	   16 	   47185 	   11 
      0 	  111860 	   21 	   54919 	   15 
      0 	  104477 	   20 	   39819 	   10 
      0 	  104670 	    7 	   67552 	    7 
      0 	  106340 	    9 	   46303 	   24 
      0 	  102949 	   12 	  127863 	  105 
      0 	  107867 	   15 	  141187 	   32 
      0 	  118123 	   57 	  138734 	   21 
      0 	  102659 	   12 	  145562 	   21 
      0 	  111209 	   14 	  136449 	   19 
      0 	  111958 	   13 	  150890 	   13 
      0 	  104159 	    9 	  154269 	   33 
      0 	  107622 	   27 	  150167 	   11 
   7321 	  103765 	   30 	  134678 	   17 
      0 	  103018 	    9 	  136522 	   20 
      0 	  104304 	   12 	  146149 	   19 
      0 	  110603 	   21 	  141652 	   16 
      0 	  114713 	   36 	  142718 	   12 
      0 	  104385 	   11 	  149086 	   53 
      0 	  107973 	   14 	  139414 	   12 
      0 	  105009 	    8 	  143926 	   18 
      0 	  105507 	   14 	  141452 	   27 
      0 	  108810 	   21 	  138215 	   18 
      0 	  109324 	   23 	  143985 	   20 
      0 	  104529 	    8 	  150584 	   33 
      0 	  101801 	    9 	  143208 	   11 
      0 	  107874 	   27 	  147368 	   28 
      0 	  107352 	   25 	  144885 	   11 
      0 	  107188 	   21 	  148191 	   15 
      0 	  103355 	   13 	  148810 	   23 
      0 	  106372 	   18 	  123242 	   41 
      0 	  108003 	   15 	   51539 	   19 
      0 	  112541 	   41 	   53202 	    7 
      0 	  112408 	   35 	   42727 	    8 
      0 	  110554 	   17 	   34724 	   10 
      1 	  107785 	   28 	   48172 	   12 
      0 	  115520 	   26 	   35029 	    7 
      0 	  112986 	   17 	   34429 	    4 
    617 	  121622 	  103 	   31790 	   13 
      0 	  110182 	   27 	   33616 	   12 
      0 	  104527 	   13 	   31157 	   17 
      0 	  105581 	   20 	   30103 	    9 
      0 	  111034 	   20 	   27427 	    4 
      0 	  107654 	   19 	   42869 	   20 
      0 	  106712 	   17 	   41350 	   25 
      0 	  103519 	   11 	   38895 	    5 
      0 	  111869 	   27 	   39853 	   10 
      0 	  106261 	   15 	   43292 	   14 
      0 	  108045 	   14 	   29952 	    9 
      0 	  105688 	    7 	   29416 	    8 
      0 	  106905 	   11 	   37301 	   17 
      0 	  113811 	   18 	   28325 	   12 
      0 	  103114 	   10 	   31832 	   11 
      0 	  107150 	   15 	   40786 	   15 
      0 	  106589 	   11 	   33072 	   10 
      0 	  109868 	   24 	   34117 	    7 
      1 	  112294 	   42 	   83164 	   28 
      0 	  102874 	   14 	   89438 	   10 
      0 	  103578 	   15 	   84618 	   24 
      0 	  102414 	   12 	   92931 	   12 
      0 	  105489 	   23 	   87310 	   16 
      0 	  104372 	   14 	  105041 	   15 
    134 	  101197 	   14 	  101199 	  102 
   7730 	  102604 	   23 	  135343 	   23 
      0 	  112713 	   21 	  143749 	   19 
      0 	  105759 	   10 	  149715 	   30 
      0 	  108597 	   28 	  146418 	   22 
      0 	  103260 	    9 	  150221 	   44 
  13970 	   92175 	   12 	  129141 	   16 
      0 	  105687 	   16 	  144861 	   31 
      0 	  104005 	   17 	  144280 	   25 
      0 	  104448 	   15 	  149154 	   16 
    241 	  107915 	   43 	  145023 	   25 
      0 	  121212 	   39 	  147790 	   24 
      0 	  112883 	   16 	  148284 	   63 
      0 	  115438 	   18 	  144730 	   23 
      0 	  108492 	   24 	  151022 	   26 
      0 	  107190 	   24 	  144440 	   26 
      0 	  119133 	   48 	  155546 	   28 
      0 	  112777 	   22 	  155592 	   42 
      0 	  108868 	   28 	  143026 	   15 
      0 	  104763 	   28 	  148850 	   25 
      0 	  110384 	   35 	  145092 	   24 
      0 	  105835 	   13 	  152452 	   24 
      0 	  109351 	   26 	  145220 	   13 
      0 	  107503 	   18 	  148024 	   26 
      0 	  108355 	   12 	   85954 	   54 
      0 	  112350 	   15 	   57023 	   23 
      0 	  105077 	   89 	   73494 	    5 
      0 	  103536 	   22 	   43997 	   21 
      0 	  102672 	   16 	   41139 	   13 
      0 	  107159 	   24 	   50468 	   23 
      0 	  106277 	   13 	   73635 	   14 
      0 	  109867 	   19 	   99870 	   17 
      0 	  104066 	   15 	   53911 	   16 
      0 	  108780 	   32 	   42716 	    8 
      0 	  104649 	   11 	   54610 	   14 
      2 	  107576 	   28 	   79756 	   48 
      0 	  105561 	   15 	  113768 	   12 
      0 	  106431 	   24 	  137602 	   30 
      0 	  105703 	   16 	  141160 	   16 
      0 	  106077 	   19 	  145302 	   12 
      0 	  101637 	   18 	  132689 	   33 
      0 	  101391 	   14 	  130936 	   20 
      0 	  113350 	   49 	  143213 	   25 
      0 	  101453 	   14 	  150805 	   26 
      0 	  105622 	   20 	  149737 	   16 
      0 	  101270 	   13 	  140516 	   32 
      0 	  111599 	   28 	  110117 	   11 
      0 	  104148 	   19 	  141323 	   22 
      0 	  111298 	   24 	  106908 	   38 
      0 	  107796 	   14 	  118437 	   17 
      0 	  114283 	   39 	   84480 	   18 
      0 	  105736 	   14 	  114160 	   13 
      0 	  109632 	   19 	  115986 	   18 
      0 	  103821 	   15 	  134446 	   40 
      0 	  111879 	   24 	  148087 	   20 
      0 	  109635 	   15 	  134537 	   21 
      7 	  110222 	   22 	  142855 	   19 
      0 	  103553 	   12 	  157288 	  164 
      0 	  106118 	   22 	  137574 	   30 
      0 	  117475 	   68 	  145512 	   61 
      0 	  115139 	   23 	  134106 	   17 
      0 	  113561 	   34 	  137788 	   48 
      0 	  114516 	   30 	  139466 	   25 
      0 	  112347 	   15 	  132935 	   18 
      0 	  112797 	   19 	  127741 	   28 
      0 	  115337 	   57 	  113416 	   22 
      0 	  114021 	   17 	  137048 	   17 
      0 	  107731 	   12 	  130931 	   32 
      0 	  116563 	   26 	  125116 	   16 
      0 	  107944 	   16 	  126191 	   13 
      0 	  107956 	   15 	  119078 	   29 
      0 	  112763 	   30 	  133293 	   15 
      0 	  109431 	   15 	  130717 	   27 
      0 	  108106 	   15 	  113887 	   16 
      0 	  103815 	   12 	  111866 	   17 
      0 	  113944 	   31 	  111467 	   44 
      0 	  109765 	   16 	  115325 	   17 
      0 	  110312 	   17 	  108196 	   15 
      0 	  108356 	   20 	   94087 	   13 
      0 	  111596 	   26 	   89558 	   24 
      0 	  106058 	   22 	   84511 	   12 
      0 	  117948 	   36 	   71503 	   10 
      0 	  109607 	   13 	   91953 	   17 
      0 	  112541 	   21 	   82080 	   12 
      0 	  110538 	   17 	   91200 	   11 
      0 	  108930 	   15 	   76568 	   15 
      0 	  114729 	   33 	   69395 	   16 
      0 	  110764 	   12 	   61331 	    8 
      0 	  116619 	   25 	   73235 	   25 
      0 	  104599 	   11 	   59466 	    7 
      0 	  106289 	   14 	   66782 	   43 
      0 	  117866 	  137 	   60905 	    9 
      0 	  106028 	   14 	   59505 	    8 
      0 	  110391 	   47 	   56602 	   10 
      0 	  104821 	   13 	   49952 	   11 
      0 	  111160 	   39 	   52080 	   15 
      0 	  113037 	   20 	  105876 	   61 
      0 	  110193 	   16 	  141237 	   17 
      0 	  109274 	   22 	  139941 	   22 
      0 	  112675 	   21 	  146887 	   30 
      0 	  105803 	   13 	  139920 	   14 
      0 	  104591 	   11 	  133341 	   15 
      0 	  116106 	   29 	  136644 	   28 
      0 	  109632 	   14 	  140213 	   16 
      0 	  108610 	   14 	  139662 	   20 
      0 	  114011 	   16 	  140352 	   32 
      0 	  113640 	   27 	  143494 	   18 
      0 	  106139 	   12 	  141091 	   23 
      0 	  116653 	   28 	  144486 	   42 
      0 	  113472 	   15 	  130587 	   14 
      0 	  116065 	   17 	  147569 	   31 
      0 	  112961 	   42 	  128327 	   15 
      0 	  110159 	   27 	  138408 	   16 
      0 	  114508 	   12 	  132322 	   23 
      0 	  114841 	   16 	  132891 	   52 
      0 	  115172 	   25 	  135510 	   17 
      0 	  116529 	   23 	  137742 	   24 
      0 	  116108 	   18 	  145138 	   29 
      0 	  117851 	   26 	  143364 	   18 
      0 	  119876 	   30 	  137390 	   14 
      0 	  113734 	   19 	  141899 	   40 
      0 	  123307 	   44 	  143690 	   24 
      0 	  115708 	   16 	  144346 	   32 
      0 	  116823 	   60 	  141027 	   14 
      0 	  103911 	   19 	  150003 	   25 
      0 	  106737 	   12 	  141656 	   43 
      0 	  104482 	   14 	  151769 	   24 
      0 	  106562 	   18 	  131981 	   22 
      0 	  112653 	   18 	  133095 	   21 
      0 	  106301 	   10 	  123903 	   13 
      0 	  105576 	   11 	  119414 	   10 
      0 	  104315 	   14 	  144005 	   27 
      0 	  106881 	   23 	  136237 	   15 
      0 	  101658 	   14 	  137839 	   17 
      0 	  101854 	   16 	  131409 	   19 
     21 	   99448 	   23 	  134503 	   64 
      0 	  101164 	   17 	  110876 	   27 
      0 	  102509 	   15 	  107354 	   14 
      0 	  105496 	   17 	  113900 	   10 
      0 	  104552 	   21 	   89540 	   13 
     12 	  111395 	   31 	   88215 	   32 
     20 	  112258 	   28 	  100567 	   13 
      0 	  104197 	   11 	   96922 	   87 
      0 	  106674 	    8 	   91213 	   42 
      0 	  102417 	   14 	  102272 	   19 
     83 	  109255 	   17 	   97065 	   62 
      0 	  109641 	   50 	   79439 	   13 
      0 	   98442 	    9 	   74533 	   11 
      0 	  102231 	   14 	   64995 	    7 
      0 	  100066 	   13 	   92246 	   18 
      0 	  106790 	   24 	   91185 	    9 
      0 	  101478 	   13 	   76782 	   12 
      0 	  104031 	   13 	   57543 	   13 
      0 	  101548 	   13 	   69010 	   16 
      0 	  107652 	   31 	   52348 	    6 
      0 	  102361 	   14 	   54599 	   12 
      0 	  106099 	   17 	   60453 	   19 
      0 	  101559 	   13 	   54463 	    5 
      0 	  105315 	   25 	   47929 	    6 
      0 	  102221 	   11 	   53863 	    8 
      0 	  110977 	   21 	   45221 	   18 
      0 	  105871 	   18 	   47831 	    8 
      0 	  112541 	   32 	   40586 	    7 
      0 	  102135 	   12 	   59788 	   27 
      0 	  108222 	   14 	   56303 	   15 
      0 	  101864 	   13 	   47640 	    4 
      0 	  109467 	   15 	   50217 	    8 
      0 	  107955 	   14 	   37989 	    4 
      0 	  108415 	   27 	   77909 	   16 
      0 	  104427 	   12 	   74820 	   11 
      0 	  105247 	   12 	   70538 	    6 
      0 	  104878 	   14 	   51517 	   17 
      0 	  107440 	   18 	   51954 	   11 
      0 	  114218 	   67 	   43354 	   10 
      0 	  108968 	   13 	   61520 	   13 
      0 	  118501 	   25 	   68886 	   10 
      0 	  111339 	   13 	   52436 	   13 
      0 	  111796 	   14 	   44138 	    9 
      0 	  120190 	   35 	   40279 	    9 
      0 	  106261 	   12 	   42756 	    8 
      0 	  114590 	   13 	   38195 	   20 
      4 	  119213 	   81 	   27572 	   22 
      0 	  118200 	   39 	   31350 	    7 
      0 	  110880 	   15 	   32143 	    4 
      0 	  107678 	   16 	   41092 	   23 
      0 	  122352 	   73 	   37861 	    7 
      0 	  114367 	   26 	   34613 	    8 
      0 	  110553 	   13 	   31432 	    8 
      0 	  116797 	   20 	   39026 	   12 
      0 	  111156 	   20 	   37877 	    6 
      0 	  119860 	   33 	   34872 	    8 
      0 	  112584 	   14 	   28798 	    5 
      0 	  111344 	   16 	  111095 	   35 
      0 	  115883 	   28 	  134564 	   19 
      0 	  115126 	   41 	  140604 	   18 
      0 	  106936 	   23 	  133694 	   26 
      0 	  111228 	   17 	  122602 	   17 
      0 	  113408 	   23 	  140075 	   16 
      0 	  108644 	   21 	  142947 	   39 
      0 	  112038 	   21 	  139295 	   23 
      0 	  111816 	   36 	  140785 	   16 
      0 	  108930 	   36 	  140157 	   28 
      0 	  108645 	   35 	  145719 	   20 
      0 	  102452 	   17 	  139083 	   16 
      0 	  107700 	   33 	  120711 	   36 
     15 	  103456 	   37 	  117864 	   36 
      0 	  102913 	   15 	  126834 	   14 
      0 	  103453 	   15 	  133201 	   20 
      0 	  103639 	   18 	  135961 	   16 
      0 	  108109 	   18 	  123015 	   22 
   7226 	  105288 	   17 	  115816 	   63 
      9 	  103960 	   11 	   89871 	   16 
      2 	  111089 	   32 	   82330 	   15 
      0 	  103039 	   15 	   62244 	   13 
      0 	  104543 	   19 	   87724 	    9 
      0 	  101547 	   13 	   83589 	   44 
      0 	  105750 	   24 	  105336 	   13 
      0 	  104941 	   16 	  140174 	   60 
      0 	  106499 	   16 	  136836 	   16 
      2 	  101710 	   15 	  138381 	   23 
      5 	  112181 	   32 	  141736 	   22 
      3 	  107530 	   31 	  140942 	   20 
      0 	  102766 	   12 	  141279 	   14 
      0 	  109749 	   22 	  142199 	   36 
      0 	  100745 	   13 	  137511 	   25 
      0 	  106690 	   18 	  142402 	   27 
      0 	  103719 	   21 	  136822 	   16 
      0 	  118447 	   60 	  140417 	   20 
      0 	  117491 	   22 	  143819 	   39 
      0 	  112923 	   18 	  139412 	   23 
      0 	  114409 	   14 	  142283 	   21 
      0 	  120116 	   44 	  139182 	   22 
      0 	  112642 	   19 	  138194 	   18 
      0 	  107931 	   52 	  137619 	   14 
      0 	   99150 	   11 	  142281 	   32 
      0 	  102454 	   18 	  136645 	   26 
      0 	   99696 	   13 	  143031 	   17 
      0 	  103682 	   26 	  139773 	   22 
      0 	  101478 	   16 	  153253 	   88 
      0 	  104893 	   22 	  152049 	   55 
      0 	  100636 	   13 	  143727 	   25 
      0 	  105123 	   33 	  115849 	   68 
      0 	  100897 	   13 	   67009 	   14 
      0 	  103472 	   22 	   72837 	   14 
      0 	  100331 	   11 	   68297 	   17 
      0 	  103371 	   22 	   54121 	   16 
      0 	  100944 	   15 	   58567 	   22 
      0 	  103661 	   13 	   47676 	    6 
      0 	  102389 	   17 	   58682 	    5 
      0 	  104203 	   34 	   66723 	   10 
      0 	  100369 	   13 	   70218 	   17 
      0 	  103834 	   21 	  100181 	   14 
      0 	  100856 	   12 	   97501 	   14 
      0 	  104475 	   20 	  127336 	   14 
      0 	  103544 	   17 	  112069 	   20 
      0 	  100641 	   11 	  117467 	   21 
      0 	  102140 	   24 	  119961 	   28 
      0 	  100634 	   12 	   92778 	    9 
      0 	  103433 	   18 	  128736 	   34 
      0 	  102372 	   14 	   79556 	   15 
      0 	  104334 	   15 	   99233 	   33 
      0 	  111400 	   64 	  120038 	   12 
      0 	  103681 	   19 	  133010 	   14 
      0 	  108520 	   42 	  135580 	   13 
     25 	  105186 	   16 	  140059 	   61 
      0 	  103165 	   14 	  141463 	   22 
      0 	  111770 	   60 	  138794 	   15 
      0 	  112856 	   25 	  146549 	   28 
      0 	  118385 	   31 	  140316 	   22 
      0 	  110191 	   16 	  140556 	   15 
      0 	  114339 	   16 	  144153 	   40 
      0 	  115741 	   22 	  145588 	   32 
      0 	  110938 	   18 	  142598 	   20 
      0 	  107149 	   13 	  137819 	   19 
      0 	  106314 	   17 	  144839 	   20 
      0 	  111450 	   21 	  138697 	   21 
      0 	  109099 	   27 	  141400 	   23 
      0 	  108937 	   11 	  151672 	   34 
      0 	  113558 	   18 	  138728 	   22 
      0 	  113225 	   36 	  130651 	   16 
      0 	  107732 	   14 	  145193 	   38 
      0 	  109901 	   18 	  143043 	   12 
      0 	  104335 	   12 	  141122 	   15 
      0 	  106737 	   51 	  140992 	   17 
      0 	  101160 	   12 	  146078 	   40 
      0 	  101521 	   15 	  143668 	   14 
      0 	  104352 	   14 	  145716 	   17 
      0 	  101993 	   12 	  121663 	   12 
      0 	  106865 	   23 	   68875 	  124 
      0 	  101311 	   11 	   64632 	   11 
      0 	  105440 	   20 	   56931 	    9 
      0 	  101837 	   11 	   66522 	   14 
      0 	  106110 	   27 	   82439 	   14 
      0 	  104360 	   19 	   77428 	   15 
      0 	  105209 	   21 	   58465 	   14 
      0 	  102969 	   17 	   47336 	   13 
      0 	  104323 	   15 	   51780 	    9 
      0 	  102074 	   19 	   67606 	   10 
      0 	  102564 	   11 	   56575 	   10 
      0 	  106739 	   16 	   75716 	   17 
      0 	  102019 	   12 	  113721 	   20 
      0 	  106009 	   19 	  119900 	   22 
      0 	  107334 	   30 	  115093 	    7 
      0 	  108426 	   17 	  139117 	   13 
      0 	  103394 	    9 	  138157 	   10 
      0 	  109121 	   33 	  107908 	   26 
      0 	  102998 	   18 	   92555 	   11 
      0 	  102463 	   16 	  100131 	   16 
      0 	  102129 	   12 	  135936 	    9 
      0 	  103104 	   13 	  116359 	   13 
      0 	  102008 	   12 	   51667 	   43 
      0 	  104595 	   33 	   38167 	    9 
      0 	  103626 	   14 	   32298 	    6 
      0 	  104085 	   11 	   42737 	    9 
      0 	  107792 	   16 	   34861 	    7 
      0 	  104477 	    9 	   30080 	   10 
      0 	  114498 	   93 	   30067 	    6 
      0 	  113468 	   46 	   27029 	    8 
      0 	  113617 	   13 	   34414 	    7 
      0 	  111104 	   24 	   35993 	    7 
      0 	  109593 	   22 	   32812 	    4 
     20 	  110171 	   21 	   62025 	   21 
      0 	  111082 	   23 	   44226 	   11 
      0 	  112673 	   17 	   58835 	   14 
      0 	  105581 	   18 	   86150 	   14 
      0 	  108085 	   12 	   56592 	   17 
      0 	  108130 	   13 	   35079 	    6 
      0 	  102284 	    9 	   29482 	    7 
      0 	  108328 	   27 	   39075 	   10 
      0 	  108891 	   15 	   46343 	   11 
      0 	  110436 	   14 	   36241 	    5 
      0 	  103503 	   15 	  142585 	   66 
      0 	  101266 	   11 	  143248 	   13 
      0 	  105836 	   52 	  146268 	   11 
      0 	  103787 	   24 	  144766 	   10 
      0 	  110069 	   29 	  141121 	   17 
      3 	  111423 	   36 	  146890 	   33 
      1 	  105004 	   17 	  140278 	   17 
      0 	  110380 	   35 	  134669 	   18 
      0 	  104935 	   26 	  140362 	   19 
      0 	  107500 	   65 	  135649 	   14 
      7 	  108080 	   21 	  141833 	   31 
      0 	  104110 	   13 	  121531 	    9 
      0 	  102458 	   10 	  136982 	   20 
      0 	  109769 	   12 	  139129 	   13 
      0 	  102184 	   11 	  140227 	   18 
      0 	  101554 	    7 	  128329 	   34 
      2 	  106943 	   24 	  145724 	   17 
      0 	   99367 	    6 	  136307 	   11 
      0 	  102360 	   15 	  129874 	   14 
      0 	  100507 	   17 	  140931 	   19 
      0 	   97431 	    6 	  133486 	   60 
     36 	  101436 	   12 	  121798 	   16 
  15536 	   83893 	   11 	  103789 	   17 
  10294 	   94413 	   18 	  128834 	   18 
      0 	  106957 	   18 	  118145 	   28 
      0 	  111201 	   19 	   76758 	    9 
      0 	  103998 	   11 	   57091 	    8 
      0 	  102161 	   10 	  105749 	   15 
      0 	  112375 	   17 	  112993 	   13 
      0 	  100474 	    8 	  124780 	   39 
      0 	  111067 	   29 	  137318 	   23 
      0 	  101167 	    8 	  143169 	   13 
      2 	  102578 	   16 	  145476 	   20 
      0 	  100065 	   13 	  139428 	   20 
      0 	  107447 	   14 	  148255 	   43 
      0 	  111633 	   14 	  145973 	   19 
      0 	  100383 	   10 	  147100 	   16 
      0 	  104697 	   51 	  154766 	   24 
      0 	   98917 	   15 	  148761 	   19 
    383 	  100628 	   21 	  182225 	  103 
  29694 	   67680 	    9 	  143494 	   67 
      0 	  101138 	   13 	  143903 	   29 
      0 	   98403 	   10 	  141049 	   18 
      0 	  112322 	   35 	  144790 	   23 
      0 	  106719 	   25 	  140118 	   20 
      0 	  108921 	   16 	  145461 	   12 
      0 	  106695 	   37 	  143710 	   22 
      0 	   98692 	   11 	  149927 	   46 
      0 	  100369 	   15 	  146250 	   69 
      0 	  104593 	   11 	  151597 	   31 
      0 	  107158 	   17 	  147447 	   15 
      0 	  109473 	   19 	  144673 	   24 
      0 	   99872 	    9 	  140610 	   14 
      0 	  107407 	   39 	  148148 	   16 
      0 	  102764 	   11 	  146907 	   21 
      0 	  112483 	   18 	  147501 	   62 
      0 	  104402 	   13 	  146236 	   17 
      0 	  116352 	   19 	  137277 	   18 
      0 	  111296 	   12 	  109009 	   13 
      0 	  104186 	   15 	  107544 	   17 
      0 	  131238 	  128 	  102061 	   17 
      0 	  100864 	   15 	  109047 	   18 
      0 	  106057 	   22 	  140158 	   25 
      0 	  100698 	   19 	  146532 	   15 
      0 	  100926 	   14 	  146090 	   21 
      0 	  103994 	   16 	  120708 	   13 
      0 	  102375 	   16 	  138106 	   34 
      0 	  105045 	   10 	  113572 	   21 
      0 	  103714 	    9 	  120032 	   14 
      0 	  105428 	   21 	  120767 	   16 
     21 	  109564 	   36 	  117850 	   26 
      0 	  101756 	   14 	  146327 	   13 
     22 	  121314 	   58 	  149948 	   28 
      0 	  104493 	   13 	  153068 	   38 
      0 	  104765 	   15 	  146778 	   11 
      0 	  102498 	   26 	  146626 	   19 
      0 	  103106 	   17 	  151698 	   18 
      0 	  103777 	    9 	  142740 	   17 
      0 	  105595 	   12 	  149274 	   20 
      0 	  108134 	   22 	  150150 	   26 
     11 	  102914 	   11 	  142959 	   45 
      0 	  109881 	   49 	  143830 	   18 
      0 	  106621 	   16 	  146999 	   14 
      0 	  106019 	   11 	  146795 	   27 
      0 	  107290 	   21 	  125711 	   49 
      0 	  106611 	   11 	   51046 	    9 
     29 	  113098 	   19 	   47681 	   10 
     26 	  111657 	   14 	   53387 	   23 
      0 	  111455 	   18 	   38851 	    5 
      0 	  104784 	   19 	   35387 	   12 
      0 	  103966 	    9 	   33617 	    8 
      0 	  108732 	   12 	   35324 	   12 
      0 	  103233 	   12 	   29119 	   11 
      0 	  110293 	   21 	   37573 	    8 
     15 	  121020 	   43 	   54516 	    6 
      0 	  107800 	   26 	   46586 	   14 
      0 	  108236 	   10 	   54370 	    9 
      0 	  109168 	   10 	   53827 	   10 
    112 	  109319 	   16 	   77771 	  112 
      0 	  107796 	   14 	  142040 	   28 
      0 	  108222 	   23 	  137519 	   10 
      0 	  104924 	   13 	  131906 	   19 
      0 	  102312 	   11 	  139386 	   19 
      0 	  109331 	   28 	  147766 	   20 
      0 	  114587 	   30 	  150080 	   41 
      0 	  106115 	   13 	  136857 	   14 
      0 	  107300 	   23 	  141843 	   22 
      0 	  108564 	   19 	  153040 	   23 
      0 	  104760 	   10 	  146691 	   17 
      0 	  107397 	   11 	  146541 	   21 
      2 	  108059 	   18 	  153574 	   31 
      0 	  105008 	    9 	  149328 	   13 
      0 	  107481 	   23 	  148026 	   15 
      0 	  109705 	   45 	  149107 	   19 
      0 	  102411 	    8 	  130357 	   16 
      0 	  108856 	   14 	  138809 	   20 
      0 	  105860 	   13 	  140530 	   11 
      4 	  106633 	   11 	  148076 	   32 
      0 	  109738 	   22 	  151751 	   27 
      0 	  116748 	   47 	  142553 	   19 
      0 	  115360 	   31 	  148045 	   13 
      0 	  110714 	   23 	  145311 	   17 
      0 	  105369 	   24 	  150760 	   18 
      0 	  113716 	   17 	  150930 	   13 
      0 	  113403 	   23 	  150412 	   98 
      0 	  117303 	  104 	  144716 	   27 
      0 	  109905 	   25 	  147885 	   25 
      0 	  105435 	   19 	  144683 	   15 
      0 	  103685 	   13 	  148414 	   21 
      0 	  112567 	   17 	  153729 	   58 
      0 	  103065 	   13 	  152690 	   28 
      0 	  101184 	   12 	  145638 	   22 
      0 	  103229 	   13 	  152207 	   32 
      0 	  113565 	   34 	  148576 	   20 
      0 	  107177 	   22 	  148570 	   20 
      0 	  105015 	   13 	  154227 	   51 
      0 	  105107 	   20 	  145175 	   20 
      0 	  105883 	   13 	  148522 	   13 
      0 	  112348 	   18 	  147891 	   22 
      0 	  101858 	   13 	  149605 	   19 
      0 	  112089 	   27 	  145534 	    9 
      0 	  103383 	   12 	  147068 	   45 
      0 	  100840 	   13 	  148732 	   19 
      0 	  109519 	   15 	  150069 	   27 
      0 	  108780 	   15 	  149671 	   16 
      0 	  104935 	   10 	  150006 	   26 
      0 	  104771 	   12 	  147216 	   14 
      0 	  109823 	   15 	  148794 	   19 
      0 	  106999 	   10 	   51414 	   51 
      0 	  104416 	   23 	   60377 	    8 
      0 	  108259 	   26 	   53401 	    7 
      0 	  117031 	   27 	   38741 	    8 
      0 	  107074 	    7 	   37804 	    9 
      0 	  107829 	   16 	   38611 	   11 
      0 	  104590 	   10 	   34134 	    5 
      0 	  104284 	   10 	   40116 	   19 
      0 	  103916 	   15 	   39600 	    7 
      0 	  109658 	   12 	   42214 	    9 
      0 	  105088 	   14 	   37069 	    4 
      0 	  108880 	   72 	   32170 	   13 
      0 	  104246 	   13 	   31784 	   12 
      0 	  105104 	   18 	   29598 	   14 
      0 	  104538 	   13 	   29034 	    9 
      0 	  106825 	   20 	   25395 	    4 
      0 	  102082 	   10 	   45523 	   21 
      0 	  112136 	   18 	   35243 	   17 
      0 	  104980 	   13 	   31592 	   14 
      0 	  112504 	   37 	   30819 	    9 
      0 	  101306 	   12 	   31879 	    8 
      0 	  109395 	   21 	   35585 	   14 
      0 	  104425 	   19 	   39348 	   15 
      0 	  110321 	   27 	   39830 	    8 
      0 	  101333 	   15 	   29863 	    7 
      0 	  111537 	   20 	   71882 	   23 
      0 	  106409 	   14 	   95753 	   10 
      0 	  114205 	   44 	   91114 	   24 
      0 	  105873 	   10 	   72704 	    7 
      0 	  107555 	   19 	  101754 	   14 
      0 	  106600 	   13 	  106417 	   10 
      0 	  108804 	   23 	   69873 	   45 
      0 	  104633 	   14 	   47445 	    5 
      0 	  104366 	   17 	   69877 	    9 
      0 	  102646 	   13 	  107566 	   47 
      0 	  112311 	   34 	  115411 	   11 
      0 	  108765 	   21 	  140225 	   18 
      0 	  106407 	   23 	  147249 	   10 
      0 	  106463 	   10 	  120801 	   28 
      0 	  113042 	   22 	   49357 	   17 
      0 	  108277 	   17 	   57328 	   13 
      0 	  108287 	   15 	   50877 	   13 
      0 	  108870 	   24 	   65838 	   17 
      0 	  104870 	   11 	   92463 	   16 
      0 	  104582 	   18 	   45075 	   17 
      0 	  128130 	   57 	   44231 	   12 
      0 	  111965 	   11 	   63085 	    7 
      0 	  116749 	   20 	  104826 	   28 
      0 	  106194 	   19 	  135550 	   26 
      0 	  115300 	   38 	  150466 	   25 
      0 	  110569 	   24 	  143458 	   13 
      0 	  106298 	   17 	  135030 	   23 
      0 	  112043 	   28 	  142407 	   22 
      0 	  108249 	   28 	  121776 	   32 
      0 	  113662 	   34 	  130119 	   18 
      0 	  107390 	   13 	  129428 	   38 
      0 	  111295 	   20 	  106205 	    8 
      0 	  110391 	    9 	  115456 	   19 
      0 	  118551 	   17 	  124587 	   14 
      8 	  111867 	   14 	   87228 	   20 
   6207 	  117861 	   55 	  108994 	   29 
    145 	  116324 	   17 	  130257 	   11 
     82 	  118270 	   49 	  152838 	   22 
   1987 	  112182 	   13 	  143317 	   14 
    815 	  106742 	    9 	  140558 	  140 
      0 	  117113 	   18 	  138066 	   27 
      0 	  109548 	   12 	  143232 	   21 
      0 	  108501 	   13 	  142052 	   23 
      0 	  119405 	   40 	  140976 	   18 
      0 	  110704 	   19 	  145146 	   16 
      0 	  110335 	   15 	  144129 	   30 
      0 	  116461 	   24 	  148866 	   46 
      0 	  127738 	   31 	  145605 	   21 
      0 	  105387 	   11 	  158422 	   76 
      0 	  113642 	   24 	  139702 	   18 
      0 	  109370 	   17 	  134962 	   20 
      0 	  103298 	   15 	  137721 	   13 
      0 	  109267 	   21 	  122148 	   17 
      0 	  104624 	   11 	  101918 	   17 
      0 	  110092 	   21 	  106532 	   43 
      0 	  112182 	   26 	  139575 	   17 
      0 	  109338 	   19 	  129017 	   15 
      0 	  117250 	   36 	  140808 	   17 
      0 	  109031 	   11 	  135481 	   20 
      0 	  115537 	   18 	  104327 	   16 
      0 	  109305 	   13 	   88411 	   33 
      0 	  113150 	   16 	   98686 	   13 
      0 	  109123 	   23 	   74483 	   15 
      0 	  109235 	    9 	   56253 	    9 
      0 	  118515 	   16 	   54982 	   14 
      0 	  107403 	   15 	   46322 	   18 
      0 	  110355 	   19 	   45937 	   18 
      0 	  107115 	  126 	   40170 	   12 
      0 	  101688 	   18 	   32219 	    7 
      0 	  102953 	   20 	   51529 	   35 
      0 	  102029 	   13 	  126178 	   10 
      0 	  105418 	   18 	  102235 	   23 
      0 	  101778 	   15 	   88137 	   22 
      0 	  105597 	   17 	   92131 	    7 
      0 	  103779 	   10 	   78981 	   12 
      0 	  106697 	   22 	   63621 	   12 
      0 	  103117 	   11 	   47363 	   10 
      0 	  111895 	   40 	   45663 	   12 
      0 	  103076 	   16 	   42003 	    9 
      5 	  120870 	   58 	   61780 	   33 
      0 	  105594 	   20 	   33515 	    9 
      0 	  104827 	   13 	   39319 	    7 
      0 	  107971 	   20 	   29689 	   13 
      0 	  104988 	   10 	   37871 	   39 
      0 	  108641 	   17 	  122033 	   13 
      0 	  108298 	   16 	  106051 	   16 
      0 	  115106 	   50 	   81988 	   30 
      0 	  106129 	   23 	   54878 	    8 
      0 	  103522 	   13 	   80570 	   14 
      0 	  106934 	   20 	   80819 	   12 
      0 	  105282 	   17 	   78526 	   10 
      0 	  107379 	   20 	   43782 	   10 
      0 	  108613 	   18 	   43855 	    9 
      3 	  113661 	   36 	   36163 	   19 
      0 	  109811 	   15 	   38267 	   10 
      0 	  116596 	   18 	   29562 	   10 
      0 	  117731 	   17 	   33075 	   11 
     59 	  114618 	   36 	   75434 	  105 
      0 	  110172 	   43 	   55915 	   25 
      0 	  103225 	   13 	   65580 	    6 
      0 	  106012 	   16 	   71987 	   11 
      0 	  115291 	   25 	   55724 	   17 
      0 	  110200 	   29 	   37401 	    9 
      0 	  110605 	   16 	   35025 	    8 
      0 	  116191 	   29 	   76650 	   22 
      0 	  111267 	   13 	   78819 	   12 
      0 	  113237 	   32 	   78248 	   14 
      0 	  109386 	   39 	   39165 	    7 
      0 	  112739 	   54 	   46640 	   11 
      0 	  102874 	   17 	   48898 	   22 
      0 	  105835 	   12 	   33296 	    4 
      0 	  113893 	   17 	   38097 	    6 
      0 	  116909 	   31 	   32808 	    8 
      0 	  107105 	   21 	   29304 	    5 
      0 	  109205 	   17 	   36734 	    9 
      0 	  116376 	   16 	   28713 	    8 
      0 	  113489 	   26 	   42431 	   18 
      0 	  108090 	   23 	   29890 	   10 
      0 	  114374 	   38 	   31196 	    7 
      0 	  124829 	  133 	   37479 	    9 
      0 	  112079 	   18 	   27886 	   16 
      0 	  115589 	   22 	   31911 	    5 
      0 	  113309 	   33 	   30181 	    9 
      0 	  106052 	   15 	   91906 	   50 
      1 	  103282 	   13 	  110590 	   16 
      0 	  110749 	   29 	  128113 	   16 
      0 	  116733 	   34 	   73455 	   18 
      0 	  112713 	   25 	   75074 	   13 
      0 	  112058 	   31 	  109578 	   32 
      0 	  111271 	   31 	  148907 	   20 
      1 	  116627 	   63 	  135366 	   16 
      0 	  108994 	   16 	  140605 	   29 
      0 	  102617 	   19 	  126373 	   19 
      0 	  109078 	   27 	  154402 	   17 
      0 	  113633 	   14 	   94062 	   34 
      0 	  122081 	   30 	   34785 	    7 
      0 	  104260 	   19 	   39260 	   10 
      0 	  102731 	   17 	  101643 	   21 
      0 	  103187 	   17 	   68942 	   21 
      0 	  115796 	   29 	   53752 	   15 
      0 	  112063 	   15 	   76298 	   11 
      0 	  110954 	   15 	   55959 	   16 
     30 	  121228 	   46 	   33960 	    6 
     19 	  117381 	   39 	   47670 	    8 
     31 	  113480 	   15 	   41489 	   15 
      0 	  115431 	   22 	   73594 	    9 
      5 	  115280 	   24 	  105576 	   13 
    161 	  119781 	   11 	   60096 	   45 
     54 	  123647 	   53 	   39841 	   29 
  14924 	   96641 	   42 	   20478 	    8 
   9157 	  103245 	   32 	   24306 	    4 
      0 	  113709 	   26 	   28600 	    6 
      0 	  110474 	   16 	   40551 	    8 
      0 	  113028 	   19 	   26130 	   11 
      0 	  112010 	   21 	   39959 	   14 
      5 	  118477 	   29 	   41531 	   10 
      0 	  107049 	   12 	   26564 	    4 
      0 	  107922 	   16 	   34185 	    7 
      0 	  127944 	   28 	   47519 	   14 
      0 	  107389 	   20 	   64286 	    9 
      0 	  130088 	   67 	   72012 	   11 
      0 	  114119 	   14 	   42209 	    9 
      0 	  123126 	   37 	   40307 	    9 
      0 	  109732 	   17 	   53667 	   20 
      0 	  117705 	   21 	   49673 	   16 
      0 	  101651 	   12 	   42799 	   11 
   1099 	  116489 	   23 	   51924 	   11 
      0 	  122504 	   32 	   78014 	    9 
      0 	  110749 	   19 	   86613 	    8 
      0 	  115795 	   18 	   49197 	   22 
      0 	  106530 	    8 	   26259 	    3 
      0 	  114649 	   18 	   37277 	    9 
      0 	  105344 	   10 	   46837 	   45 
      0 	  108964 	   16 	   28554 	    5 
      0 	  118012 	   31 	   43232 	    9 
      0 	  105113 	   17 	   92760 	   29 
      0 	  117157 	   26 	   85618 	   15 
      0 	  115389 	   15 	   43810 	    6 
     37 	  130621 	   36 	   86832 	   13 
      0 	  114385 	   26 	   73388 	   40 
      0 	  121525 	   39 	   74698 	   11 
      0 	  114657 	   25 	  105970 	   19 
      0 	  117995 	   26 	  125920 	   14 
      0 	  120251 	   28 	  127501 	   16 
     34 	  125176 	  156 	   74384 	   11 
      0 	  115590 	   31 	  169185 	   36 
      0 	  111619 	   11 	  124509 	   16 
      0 	  119472 	   20 	  153131 	   18 
      0 	  109696 	   12 	  145280 	   23 
      0 	  110516 	   12 	  140843 	   17 
      0 	  110758 	   14 	  113283 	   31 
      0 	  107122 	   12 	   28956 	    4 
      0 	  109134 	   16 	   44152 	    8 
      0 	  123876 	   44 	   39675 	    9 
      0 	  105115 	   10 	   69684 	   16 
      0 	  107238 	   24 	   88444 	   15 
      0 	  104682 	   16 	   76611 	   27 
      0 	  107080 	   26 	   25377 	    8 
      0 	  100710 	   12 	   26744 	   14 
      0 	  107856 	   24 	   23830 	    3 
      0 	  106685 	   13 	   34319 	    9 
      0 	  107502 	   19 	   23255 	    4 
      0 	  108657 	   28 	   28717 	   21 
      0 	  107897 	   11 	   28967 	    9 
      0 	  111237 	   20 	   38193 	    7 
      0 	  106359 	   13 	   22515 	    9 
      0 	  111373 	   19 	   24221 	   10 
      0 	  105639 	   13 	   39084 	   12 
      0 	  108699 	   15 	   43241 	    5 
      0 	  109926 	   17 	   64400 	   12 
      0 	  109033 	   13 	   67680 	   13 
   6357 	  114923 	   39 	   48088 	  139 
      0 	  107059 	   12 	  151002 	   68 
      0 	  104943 	    9 	  150503 	   15 
     33 	  112564 	   16 	  161644 	   26 
      0 	  107893 	   14 	  152035 	   11 
      0 	  113682 	   21 	  153623 	   19 
      0 	  106940 	   11 	  154836 	   13 
      0 	  107372 	   12 	  162031 	   59 
      0 	  112341 	   18 	  147201 	   16 
      0 	  109130 	   14 	  149732 	   30 
      0 	  119142 	   31 	  145154 	   28 
      0 	  111047 	   10 	  144006 	   16 
      0 	  106384 	    8 	  153573 	   24 
      1 	  114683 	   23 	  151590 	   43 
      0 	  121672 	   58 	  146267 	   16 
      0 	  109846 	   11 	  153910 	   23 
      0 	  108628 	   21 	  151161 	   17 
      0 	  105293 	   11 	  150394 	   25 
      0 	  106318 	   17 	  150658 	   16 
      0 	  109286 	   10 	  147600 	   14 
      0 	  110637 	   16 	  154219 	   21 
      0 	  118587 	   18 	  155329 	   48 
      0 	  106223 	    8 	  148984 	   25 
      0 	  109618 	   13 	  152231 	   16 
      0 	  110189 	   11 	  157320 	   26 
      0 	  108073 	   12 	  147408 	   18 
      0 	  113084 	   30 	  153273 	   21 
      0 	  108094 	   18 	  152546 	   11 
      0 	  108448 	   11 	  156617 	   45 
      0 	  107991 	   11 	  152384 	   17 
      0 	  112952 	   23 	  159757 	   24 
    197 	  108070 	   16 	  152482 	   70 
    151 	  120605 	   39 	  151127 	   30 
      0 	  110116 	   20 	  147502 	   27 
      0 	  107917 	   15 	  142448 	   14 
      0 	  104751 	    8 	  145323 	   18 
      0 	  107925 	    8 	  159902 	   25 
      0 	  118076 	   22 	  148955 	   12 
      0 	  107322 	   10 	  151440 	   17 
      0 	  106460 	    5 	  159542 	   32 
      0 	  114783 	   16 	  145209 	   20 
      0 	  120907 	   23 	  150549 	   16 
      0 	  110172 	    8 	  153630 	   32 
      0 	  111159 	   12 	  150083 	   13 
     77 	  117284 	   21 	  162425 	   48 
   1025 	  116643 	   43 	  142000 	   15 
      0 	  101524 	   16 	  136823 	   16 
      0 	  124645 	   68 	  157591 	   14 
      0 	  106472 	   12 	  129873 	   20 
      0 	  116486 	   21 	  151300 	   15 
      0 	  107511 	    9 	  143653 	   16 
      0 	  117244 	   17 	  145519 	   20 
      0 	  107477 	   10 	  152433 	   13 
      0 	  106852 	   11 	  156457 	   19 
      0 	  116887 	   19 	  164086 	   43 
   1798 	  106997 	   12 	  149472 	   82 
   9042 	  104251 	   14 	  139791 	   31 
   1756 	  110744 	   13 	  152925 	   26 
     47 	  108824 	   12 	  151650 	   23 
     19 	  125899 	   32 	  155452 	   13 
      0 	  117001 	   14 	  153803 	   18 
      0 	  112279 	    7 	  150820 	   15 
      0 	  119741 	   23 	  152076 	   17 
      0 	  107123 	   12 	  157848 	   20 
     94 	  115681 	   12 	  161291 	   29 
     24 	  106723 	    9 	  130313 	   16 
      0 	  113359 	   16 	  154866 	   16 
   2219 	  127068 	   24 	  158638 	   21 
      0 	  109151 	   15 	  143223 	   13 
    647 	  107592 	   10 	  147215 	   15 
   1029 	  114583 	   20 	  150908 	   16 
     88 	  118285 	   37 	  145877 	   22 
      0 	  107692 	   13 	  149676 	   15 
      0 	  109751 	   17 	  158805 	   21 
   1265 	  104875 	   10 	  158239 	   43 
   5038 	  110493 	   18 	  142282 	   12 
      2 	  105989 	   15 	  146835 	   17 
   4131 	  109114 	   15 	  151957 	   21 
  21335 	   95064 	   36 	  136928 	   16 
  41289 	   72787 	   34 	  123905 	   59 
  55085 	   64832 	   36 	   92307 	   50 
  72310 	   52425 	   57 	   67438 	   80 
