% num_local_points | num_send_points | num_send_procs | num_recv_points | num_recv_procs 
  20377 	  387170 	  289 	  229168 	  226 
  20377 	  387170 	  202 	  475195 	  174 
  20377 	  387171 	  246 	  487424 	  222 
  20377 	  387170 	  139 	  466866 	  477 
  20377 	  387171 	  240 	  262330 	  249 
  20377 	  387170 	  272 	  442136 	  220 
  20377 	  387170 	  234 	  404429 	   84 
  20377 	  387171 	  191 	  357279 	  190 
  20377 	  387170 	  185 	  450451 	  363 
  20377 	  387171 	  218 	  229511 	  309 
  20377 	  387170 	  188 	  234435 	  333 
  20377 	  387170 	  247 	  428578 	  132 
  20377 	  387171 	  236 	  413845 	  151 
  20377 	  387170 	  228 	  322479 	  130 
  20377 	  387171 	  268 	  515525 	  103 
  20377 	  387170 	  175 	  348117 	  376 
  20377 	  387170 	  401 	  209746 	  100 
  20377 	  387171 	  185 	  574677 	  335 
  20377 	  387170 	  314 	  503376 	   67 
  20377 	  387171 	  283 	  422726 	   73 
  20377 	  387170 	  184 	  567633 	  282 
  20377 	  387171 	  315 	  260297 	  112 
  20377 	  387170 	  168 	  322030 	  330 
  20377 	  387170 	  180 	  344283 	  236 
  20377 	  387171 	  280 	  413174 	   62 
  20377 	  387170 	  302 	  619762 	   52 
  20377 	  387171 	  255 	  428867 	   47 
  20377 	  387170 	  220 	  436726 	  152 
  20377 	  387170 	  169 	  368550 	  306 
  20377 	  387171 	  163 	  340429 	  443 
  20377 	  387170 	  261 	  323387 	  367 
  20377 	  387171 	  221 	  387072 	  277 
  20377 	  387170 	  211 	  485337 	  299 
  20377 	  387170 	  197 	  440453 	  212 
  20377 	  387171 	  235 	  356407 	  134 
  20377 	  387170 	  246 	  375663 	  330 
  20377 	  387171 	  211 	  295705 	  335 
  20377 	  387170 	  193 	  404111 	  300 
  20377 	  387170 	  296 	  344354 	  189 
  20377 	  387171 	  286 	  347144 	  208 
  20377 	  387170 	  280 	  380007 	  679 
  20377 	  387171 	  287 	  289148 	  670 
  20377 	  387170 	  439 	  289411 	  315 
  20377 	  387171 	  509 	  233519 	  284 
  20377 	  387170 	  253 	  379028 	  275 
  20377 	  387170 	  218 	  438213 	  443 
  20377 	  387171 	  345 	  324862 	  326 
  20377 	  387170 	  265 	  467017 	  377 
  20377 	  387171 	  313 	  297668 	  340 
  20377 	  387170 	  260 	  472642 	  795 
  20377 	  387170 	  264 	  402516 	   85 
  20377 	  387171 	  285 	  359226 	   80 
  20377 	  387170 	  210 	  338847 	  222 
  20377 	  387171 	  184 	  433500 	  365 
  20377 	  387170 	  227 	  356531 	  177 
  20377 	  387170 	  235 	  455432 	  151 
  20377 	  387171 	  274 	  367787 	  131 
  20377 	  387170 	  194 	  442834 	  242 
  20377 	  387171 	  251 	  334620 	  143 
  20377 	  387170 	  175 	  366381 	  372 
  20377 	  387170 	  299 	  384511 	  114 
  20377 	  387171 	  277 	  665574 	  131 
  20377 	  387170 	  367 	  413290 	   61 
  20377 	  387171 	  220 	  358372 	  174 
  20377 	  387170 	  188 	  428836 	  244 
  20377 	  387171 	  202 	  384149 	  243 
  20377 	  387170 	  324 	  319172 	  212 
  20377 	  387170 	  235 	  410641 	  328 
  20377 	  387171 	  253 	  376485 	  365 
  20377 	  387170 	  213 	  321243 	  323 
  20377 	  387171 	  252 	  353603 	   71 
  20377 	  387170 	  183 	  435703 	   72 
  20377 	  387170 	  269 	  449393 	   84 
  20377 	  387171 	  275 	  357852 	  117 
  20377 	  387170 	  169 	  484413 	  250 
  20377 	  387171 	  278 	  297609 	  157 
  20377 	  387170 	  249 	  506631 	  149 
  20377 	  387170 	  243 	  359922 	  162 
  20377 	  387171 	  219 	  437571 	  201 
  20377 	  387170 	  339 	  220658 	  145 
  20377 	  387171 	  310 	  446956 	  136 
  20377 	  387170 	  308 	  496718 	  123 
  20377 	  387170 	  213 	  478670 	  291 
  20377 	  387171 	  325 	  298115 	  250 
  20377 	  387170 	  185 	  344595 	  394 
  20377 	  387171 	  247 	  391247 	  193 
  20377 	  387170 	  233 	  392810 	  161 
  20377 	  387171 	  339 	  384077 	   85 
  20377 	  387170 	  217 	  479526 	  239 
  20377 	  387170 	  185 	  458000 	  168 
  20377 	  387171 	  292 	  373842 	   92 
  20377 	  387170 	  254 	  349912 	  391 
  20377 	  387171 	  223 	  457743 	  503 
  20377 	  387170 	  458 	  247501 	  150 
  20377 	  387170 	  276 	  414578 	  332 
  20377 	  387171 	  332 	  252122 	  278 
  20377 	  387170 	  346 	  446597 	  854 
  20377 	  387171 	  425 	  190800 	  373 
  20377 	  387170 	  332 	  499010 	  578 
  20377 	  387170 	  305 	  350119 	  309 
  20377 	  387171 	  332 	  424394 	  317 
  20377 	  387170 	  494 	  185548 	  209 
  20377 	  387171 	  349 	  360562 	  283 
  20377 	  387170 	  257 	  382751 	  365 
  20377 	  387170 	  291 	  440168 	  214 
  20377 	  387171 	  294 	  423209 	  200 
  20377 	  387170 	  291 	  414104 	  195 
  20377 	  387171 	  367 	  282793 	  194 
  20377 	  387170 	  237 	  503836 	  420 
  20377 	  387171 	  446 	  252255 	   73 
  20377 	  387170 	  300 	  461229 	  256 
  20377 	  387170 	  374 	  332085 	  140 
  20377 	  387171 	  452 	  398720 	  142 
  20377 	  387170 	  366 	  462664 	  362 
  20377 	  387171 	  223 	  302885 	  893 
  20377 	  387170 	  298 	  110804 	  451 
  20377 	  387170 	  212 	  421719 	  857 
  20377 	  387171 	  155 	  282283 	  414 
  20377 	  387170 	  256 	  336910 	   66 
  20377 	  387171 	  238 	  520527 	   69 
  20377 	  387170 	  191 	  506339 	  145 
  20377 	  387170 	  349 	  408194 	  208 
  20377 	  387171 	  367 	  490423 	  155 
  20377 	  387170 	  330 	  416789 	  257 
  20377 	  387171 	  286 	  298747 	  156 
  20377 	  387170 	  352 	  646588 	  161 
  20377 	  387170 	  388 	  369406 	  131 
  20377 	  387171 	  335 	  332061 	  697 
  20377 	  387170 	  328 	  271782 	  398 
  20377 	  387171 	  189 	  519870 	  368 
  20377 	  387170 	  265 	  367504 	  299 
  20377 	  387171 	  274 	  450639 	  500 
  20377 	  387170 	  352 	  350811 	  391 
  20377 	  387170 	  293 	  233780 	  415 
  20377 	  387171 	  263 	  539372 	  725 
  20377 	  387170 	  260 	  218056 	  152 
  20377 	  387171 	  253 	  477611 	  303 
  20377 	  387170 	  283 	  352499 	  193 
  20377 	  387170 	  209 	  315464 	  311 
  20377 	  387171 	  252 	  345920 	  154 
  20377 	  387170 	  199 	  368322 	  179 
  20377 	  387171 	  204 	  309972 	  327 
  20377 	  387170 	  310 	  349608 	  160 
  20377 	  387170 	  272 	  545630 	   80 
  20377 	  387171 	  234 	  473914 	   74 
  20377 	  387170 	  210 	  522045 	  141 
  20377 	  387171 	  266 	  399487 	  181 
  20377 	  387170 	  263 	  392730 	  135 
  20377 	  387170 	  229 	  409167 	  137 
  20377 	  387171 	  288 	  330370 	  134 
  20377 	  387170 	  251 	  569689 	   96 
  20377 	  387171 	  290 	  446023 	   41 
  20377 	  387170 	  236 	  524944 	   73 
  20377 	  387171 	  216 	  352931 	  107 
  20377 	  387170 	  180 	  327735 	  185 
  20377 	  387170 	  360 	  336238 	   66 
  20377 	  387171 	  282 	  407575 	  186 
  20377 	  387170 	  292 	  299068 	  190 
  20377 	  387171 	  214 	  380659 	  358 
  20377 	  387170 	  295 	  397929 	  124 
  20377 	  387170 	  346 	  556414 	   78 
  20377 	  387171 	  317 	  380583 	  158 
  20377 	  387170 	  267 	  273335 	  382 
  20377 	  387171 	  287 	  287839 	  454 
  20377 	  387170 	  272 	  332668 	  214 
  20377 	  387170 	  231 	  413512 	  127 
  20377 	  387171 	  238 	  336421 	  258 
  20377 	  387170 	  212 	  331949 	  207 
  20377 	  387171 	  227 	  405455 	  246 
  20377 	  387170 	  233 	  397409 	   83 
  20377 	  387170 	  175 	  510380 	  131 
  20377 	  387171 	  259 	  425945 	   42 
  20377 	  387170 	  202 	  370220 	  248 
  20377 	  387171 	  201 	  377521 	  579 
  20377 	  387170 	  266 	  491270 	   94 
  20377 	  387171 	  265 	  330632 	  131 
  20377 	  387170 	  284 	  320475 	   64 
  20377 	  387170 	  152 	  543138 	  181 
  20377 	  387171 	  305 	  382201 	  145 
  20377 	  387170 	  212 	  451148 	  168 
  20377 	  387171 	  303 	  266839 	  213 
  20377 	  387170 	  371 	  307218 	  162 
  20377 	  387170 	  290 	  503676 	  161 
  20377 	  387171 	  188 	  339180 	  128 
  20377 	  387170 	  228 	  422099 	   40 
  20377 	  387171 	  176 	  556739 	   71 
  20377 	  387170 	  271 	  339572 	  123 
  20377 	  387170 	  293 	  298968 	   85 
  20377 	  387171 	  212 	  640394 	   95 
  20377 	  387170 	  338 	  302659 	   65 
  20377 	  387171 	  156 	  489555 	  130 
  20377 	  387170 	  219 	  374554 	  128 
  20377 	  387170 	  260 	  349963 	   96 
  20377 	  387171 	  250 	  345035 	  207 
  20377 	  387171 	  390 	  378681 	  130 
  20377 	  387171 	  269 	  345597 	  220 
  20377 	  387170 	  381 	  395687 	  792 
  20377 	  387171 	  395 	  325677 	  479 
  20377 	  387170 	  350 	  298448 	  506 
  20377 	  387170 	  330 	  467567 	  554 
  20377 	  387171 	  377 	  263405 	  136 
  20377 	  387170 	  195 	  592312 	  315 
  20377 	  387171 	  265 	  398043 	  176 
  20377 	  387170 	  229 	  567406 	  126 
  20377 	  387170 	  305 	  454875 	  129 
  20377 	  387171 	  304 	  268613 	  207 
  20377 	  387170 	  229 	  392601 	  220 
  20377 	  387171 	  278 	  327930 	  234 
  20377 	  387170 	  446 	  394034 	  132 
  20377 	  387170 	  408 	  393217 	  109 
  20377 	  387171 	  302 	  520176 	  327 
  20377 	  387170 	  271 	  404543 	  329 
  20377 	  387171 	  331 	  224063 	  228 
  20377 	  387170 	  359 	  234830 	  562 
  20377 	  387170 	  350 	  296700 	  381 
  20377 	  387171 	  372 	  440474 	  185 
  20377 	  387170 	  559 	  385608 	  129 
  20377 	  387171 	  231 	  306496 	  159 
  20377 	  387170 	  239 	  475207 	   89 
  20377 	  387171 	  258 	  410663 	   56 
  20377 	  387170 	  327 	  570948 	  747 
  20377 	  387170 	  409 	  264058 	   76 
  20377 	  387171 	  261 	  328963 	  252 
  20377 	  387170 	  279 	  422089 	  233 
  20377 	  387171 	  279 	  440082 	  247 
  20377 	  387170 	  228 	  578451 	  692 
  20377 	  387170 	  278 	  268049 	  477 
  20377 	  387171 	  299 	  295271 	  370 
  20377 	  387170 	  253 	  212027 	  535 
  20377 	  387171 	  364 	  204235 	  306 
  20377 	  387170 	  217 	  467622 	  428 
  20377 	  387170 	  324 	  305615 	  146 
  20377 	  387171 	  355 	  404505 	  128 
  20377 	  387170 	  242 	  421768 	  169 
  20377 	  387171 	  320 	  511212 	   79 
  20377 	  387170 	  284 	  388078 	   93 
  20377 	  387170 	  194 	  601099 	  272 
  20377 	  387171 	  244 	  373605 	   85 
  20377 	  387170 	  306 	  484801 	  107 
  20377 	  387171 	  197 	  418785 	  211 
  20377 	  387170 	  221 	  274178 	  323 
  20377 	  387171 	  322 	  465136 	  140 
  20377 	  387170 	  380 	  401450 	  142 
  20377 	  387170 	  418 	  269838 	  602 
  20377 	  387171 	  261 	  453313 	  338 
  20377 	  387170 	  284 	  390629 	  183 
  20377 	  387171 	  295 	  383852 	  179 
  20377 	  387170 	  270 	  330272 	  367 
  20377 	  387170 	  340 	  211430 	  399 
  20377 	  387171 	  247 	  295678 	  356 
  20377 	  387170 	  232 	  438658 	  311 
  20377 	  387171 	  278 	  387294 	  172 
  20377 	  387170 	  309 	  365410 	  124 
  20377 	  387170 	  215 	  581610 	  257 
  20377 	  387171 	  286 	  321190 	  196 
  20377 	  387170 	  235 	  493962 	  223 
  20377 	  387171 	  330 	  368169 	  207 
  20377 	  387170 	  227 	  415624 	  551 
  20377 	  387170 	  326 	  307179 	  274 
  20377 	  387171 	  259 	  193813 	  428 
  20377 	  387170 	  171 	  355756 	  439 
  20377 	  387171 	  181 	  391266 	  302 
  20377 	  387170 	  300 	  422031 	  103 
  20377 	  387171 	  186 	  431740 	  213 
  20377 	  387170 	  178 	  251459 	  230 
  20377 	  387170 	  229 	  311944 	  157 
  20377 	  387171 	  174 	  459247 	  139 
  20377 	  387170 	  244 	  469536 	   51 
  20377 	  387171 	  218 	  522440 	   66 
  20377 	  387170 	  233 	  464608 	   52 
  20377 	  387170 	  212 	  504202 	   93 
  20377 	  387171 	  229 	  306636 	   90 
  20377 	  387170 	  275 	  349408 	  162 
  20377 	  387171 	  196 	  371817 	  306 
  20377 	  387170 	  184 	  373569 	  403 
  20377 	  387170 	  349 	  177762 	  215 
  20377 	  387171 	  185 	  518564 	  319 
  20377 	  387170 	  220 	  419802 	  392 
  20377 	  387171 	  292 	  359582 	  169 
  20377 	  387170 	  274 	  214074 	  205 
  20377 	  387170 	  205 	  508901 	  604 
  20377 	  387171 	  218 	  414049 	   75 
  20377 	  387170 	  253 	  460624 	   70 
  20377 	  387171 	  221 	  405821 	  126 
  20377 	  387170 	  199 	  450805 	  145 
  20377 	  387171 	  310 	  413666 	   80 
  20377 	  387170 	  179 	  505880 	  154 
  20377 	  387170 	  258 	  352490 	  154 
  20377 	  387171 	  221 	  333625 	  153 
  20377 	  387170 	  181 	  497579 	  251 
  20377 	  387171 	  210 	  462078 	  127 
  20377 	  387170 	  322 	  317974 	  114 
  20377 	  387170 	  176 	  364964 	  193 
  20377 	  387171 	  333 	  415199 	   91 
  20377 	  387170 	  226 	  391204 	   86 
  20377 	  387171 	  248 	  485833 	  100 
  20377 	  387170 	  264 	  486355 	  135 
  20377 	  387170 	  326 	  405395 	   67 
  20377 	  387171 	  284 	  413998 	  103 
  20377 	  387170 	  232 	  347944 	  214 
  20377 	  387171 	  246 	  405098 	  186 
  20377 	  387170 	  268 	  392605 	  167 
  20377 	  387170 	  381 	  397857 	  138 
  20377 	  387171 	  285 	  543577 	  122 
  20377 	  387170 	  268 	  266289 	  132 
  20377 	  387171 	  290 	  343538 	  166 
  20377 	  387170 	  301 	  288508 	  724 
  20377 	  387171 	  354 	  223092 	  311 
  20377 	  387170 	  354 	  445203 	  791 
  20377 	  387170 	  318 	  341754 	  973 
  20377 	  387171 	  247 	  128461 	  778 
  20377 	  387170 	  274 	  186219 	  881 
  20377 	  387171 	  328 	  326959 	  753 
  20377 	  387170 	  283 	  237756 	  440 
  20377 	  387170 	  413 	  349387 	  252 
  20377 	  387171 	  229 	  491972 	  265 
  20377 	  387170 	  271 	  356976 	  340 
  20377 	  387171 	  207 	  476142 	  427 
  20377 	  387170 	  271 	  248786 	  153 
  20377 	  387170 	  306 	  448488 	   64 
  20377 	  387171 	  256 	  423380 	   75 
  20377 	  387170 	  240 	  413116 	  396 
  20377 	  387171 	  318 	  300047 	  419 
  20377 	  387170 	  293 	  409789 	  274 
  20377 	  387170 	  297 	  289187 	  368 
  20377 	  387171 	  286 	  372010 	  274 
  20377 	  387170 	  340 	  295084 	  453 
  20377 	  387171 	  394 	  389684 	  607 
  20377 	  387170 	  277 	  306834 	  477 
  20377 	  387171 	  294 	  293297 	  329 
  20377 	  387170 	  196 	  399960 	  184 
  20377 	  387170 	  276 	  375822 	   89 
  20377 	  387171 	  200 	  310338 	  228 
  20377 	  387170 	  245 	  358933 	  185 
  20377 	  387171 	  228 	  413682 	   82 
  20377 	  387170 	  166 	  526272 	  143 
  20377 	  387170 	  290 	  317377 	   78 
  20377 	  387171 	  160 	  463854 	  315 
  20377 	  387170 	  301 	  423829 	  101 
  20377 	  387171 	  189 	  404376 	  165 
  20377 	  387170 	  274 	  428681 	  196 
  20377 	  387170 	  286 	  392475 	  158 
  20377 	  387171 	  222 	  350464 	  257 
  20377 	  387170 	  234 	  392449 	  138 
  20377 	  387171 	  255 	  596312 	  158 
  20377 	  387170 	  285 	  212505 	  171 
  20377 	  387170 	  295 	  450052 	  388 
  20377 	  387171 	  395 	  384089 	  100 
  20377 	  387170 	  266 	  482958 	   93 
  20377 	  387171 	  264 	  445394 	  344 
  20377 	  387170 	  370 	  289856 	  259 
  20377 	  387171 	  384 	  420938 	  227 
  20377 	  387170 	  320 	  560253 	  292 
  20377 	  387170 	  385 	  312104 	  147 
  20377 	  387171 	  261 	  286702 	  639 
  20377 	  387170 	  293 	  342751 	  305 
  20377 	  387171 	  287 	  524713 	   68 
  20377 	  387170 	  282 	  526309 	   56 
  20377 	  387170 	  286 	  273566 	  108 
  20377 	  387171 	  206 	  447983 	  123 
  20377 	  387170 	  214 	  323208 	   71 
  20377 	  387171 	  275 	  599357 	  131 
  20377 	  387170 	  369 	  289577 	  218 
  20377 	  387170 	  215 	  412121 	  364 
  20377 	  387171 	  229 	  533468 	  160 
  20377 	  387170 	  277 	  505624 	   97 
  20377 	  387171 	  269 	  429135 	  220 
  20377 	  387170 	  289 	  294300 	  260 
  20377 	  387170 	  249 	  372313 	  243 
  20377 	  387171 	  258 	  296758 	  343 
  20377 	  387170 	  276 	  266955 	  408 
  20377 	  387171 	  236 	  255802 	  443 
  20377 	  387170 	  259 	  353193 	  578 
  20377 	  387171 	  263 	  372113 	  718 
  20377 	  387170 	  268 	  201600 	  266 
  20377 	  387170 	  194 	  325080 	  230 
  20377 	  387171 	  217 	  527241 	  129 
  20377 	  387170 	  407 	  412371 	   63 
  20377 	  387171 	  249 	  505809 	  131 
  20377 	  387170 	  264 	  349227 	   64 
  20377 	  387170 	  209 	  586180 	  173 
  20377 	  387171 	  229 	  300800 	  181 
  20377 	  387170 	  287 	  266530 	  150 
  20377 	  387171 	  288 	  363170 	  174 
  20377 	  387170 	  164 	  658487 	  318 
  20377 	  387170 	  339 	  223725 	  179 
  20377 	  387171 	  148 	  524249 	  440 
  20377 	  387170 	  247 	  465650 	   70 
  20377 	  387171 	  253 	  468916 	   49 
  20377 	  387170 	  232 	  337087 	   67 
  20377 	  387170 	  173 	  414087 	  166 
  20377 	  387171 	  229 	  247899 	  379 
  20377 	  387170 	  277 	  254031 	  348 
  20377 	  387171 	  254 	  263080 	  177 
  20377 	  387170 	  219 	  506690 	  161 
  20377 	  387171 	  306 	  334815 	  128 
  20377 	  387170 	  228 	  496633 	  315 
  20377 	  387170 	  305 	  306381 	  204 
  20377 	  387171 	  309 	  315544 	  262 
  20377 	  387170 	  226 	  353586 	  240 
  20377 	  387171 	  317 	  280645 	  158 
  20377 	  387170 	  223 	  433987 	  232 
  20377 	  387170 	  249 	  388149 	  122 
  20377 	  387171 	  287 	  411036 	  178 
  20377 	  387170 	  287 	  280131 	  328 
  20377 	  387171 	  221 	  334117 	  124 
  20377 	  387170 	  231 	  588138 	  151 
  20377 	  387170 	  271 	  496648 	  105 
  20377 	  387171 	  248 	  333923 	  145 
  20377 	  387170 	  197 	  304927 	  222 
  20377 	  387171 	  253 	  359313 	  148 
  20377 	  387170 	  316 	  384487 	  140 
  20377 	  387170 	  208 	  470733 	  244 
  20377 	  387171 	  363 	  490873 	  232 
  20377 	  387170 	  287 	  407612 	  155 
  20377 	  387171 	  249 	  277964 	  252 
  20377 	  387170 	  241 	  379680 	  300 
  20377 	  387171 	  422 	  245871 	   92 
  20377 	  387170 	  388 	  432006 	  351 
  20377 	  387170 	  400 	  325914 	  123 
  20377 	  387171 	  269 	  637079 	  210 
  20377 	  387170 	  326 	  521041 	   74 
  20377 	  387171 	  305 	  462016 	  114 
  20377 	  387170 	  234 	  429901 	  172 
  20377 	  387170 	  243 	  339338 	  310 
  20377 	  387171 	  301 	  366338 	  288 
  20377 	  387170 	  328 	  322149 	  198 
  20377 	  387171 	  297 	  416741 	  174 
  20377 	  387170 	  268 	  448390 	  170 
  20377 	  387170 	  247 	  512462 	  111 
  20377 	  387171 	  243 	  449465 	  115 
  20377 	  387170 	  306 	  316999 	   97 
  20377 	  387171 	  339 	  437020 	  462 
  20377 	  387170 	  367 	  268015 	  114 
  20377 	  387170 	  260 	  534428 	  247 
  20377 	  387171 	  256 	  379053 	  170 
  20377 	  387170 	  232 	  447047 	  236 
  20377 	  387171 	  289 	  393935 	   83 
  20377 	  387170 	  179 	  443533 	  227 
  20377 	  387171 	  248 	  378441 	  303 
  20377 	  387170 	  399 	  267320 	  217 
  20377 	  387170 	  288 	  485276 	  327 
  20377 	  387171 	  237 	  352822 	  123 
  20377 	  387170 	  255 	  409976 	  158 
  20377 	  387171 	  248 	  384878 	  191 
  20377 	  387170 	  423 	  284078 	  254 
  20377 	  387170 	  324 	  409678 	  615 
  20377 	  387171 	  348 	  264943 	  262 
  20377 	  387170 	  361 	  222831 	  165 
  20377 	  387171 	  253 	  564217 	  605 
  20377 	  387170 	  369 	  214385 	  433 
  20377 	  387170 	  330 	  390594 	  594 
  20377 	  387171 	  329 	  332491 	  514 
  20377 	  387170 	  278 	  355191 	  205 
  20377 	  387171 	  416 	  489943 	  272 
  20377 	  387170 	  301 	  409740 	  466 
  20377 	  387170 	  278 	  412180 	  115 
  20377 	  387171 	  437 	  355228 	  119 
  20377 	  387170 	  436 	  379164 	  167 
  20377 	  387171 	  412 	  573822 	   52 
  20377 	  387170 	  334 	  482749 	   67 
  20377 	  387171 	  300 	  416518 	  245 
  20377 	  387170 	  358 	  329697 	  376 
  20377 	  387170 	  374 	  350755 	  252 
  20377 	  387171 	  308 	  434370 	  285 
  20377 	  387170 	  291 	  455028 	  374 
  20377 	  387171 	  295 	  342913 	  237 
  20377 	  387170 	  385 	  413430 	  308 
  20377 	  387170 	  279 	  347746 	  172 
  20377 	  387171 	  268 	  416306 	  190 
  20377 	  387170 	  366 	  439794 	  106 
  20377 	  387171 	  353 	  405200 	  109 
  20377 	  387170 	  263 	  380755 	  181 
  20377 	  387170 	  266 	  467989 	  206 
  20377 	  387171 	  288 	  372294 	   81 
  20377 	  387170 	  254 	  289015 	  175 
  20377 	  387171 	  240 	  516236 	  119 
  20377 	  387170 	  280 	  381285 	   95 
  20377 	  387170 	  269 	  445393 	  121 
  20377 	  387171 	  217 	  467471 	  203 
  20377 	  387170 	  248 	  537135 	  126 
  20377 	  387171 	  335 	  435865 	   88 
  20377 	  387170 	  193 	  538111 	  148 
  20377 	  387171 	  230 	  484215 	  147 
  20377 	  387170 	  263 	  343805 	  277 
  20377 	  387170 	  252 	  299912 	  255 
  20377 	  387171 	  211 	  439274 	  308 
  20377 	  387170 	  276 	  351895 	   89 
  20377 	  387171 	  213 	  414260 	  149 
  20377 	  387170 	  219 	  303541 	  165 
  20377 	  387170 	  264 	  361887 	  330 
  20377 	  387171 	  406 	  211021 	  249 
  20377 	  387170 	  303 	  288792 	  387 
  20377 	  387171 	  284 	  312580 	  314 
  20377 	  387170 	  228 	  341302 	  476 
  20377 	  387170 	  236 	  435081 	  345 
  20377 	  387171 	  390 	  239585 	  205 
  20377 	  387170 	  346 	  385381 	  218 
  20377 	  387171 	  308 	  498259 	  182 
  20377 	  387170 	  227 	  354110 	  199 
  20377 	  387170 	  260 	  395739 	  213 
  20377 	  387171 	  377 	  344477 	  155 
  20377 	  387170 	  358 	  309531 	  266 
  20377 	  387171 	  203 	  530328 	  495 
  20377 	  387170 	  470 	  290687 	  108 
  20377 	  387171 	  270 	  452321 	  411 
  20377 	  387170 	  292 	  249558 	  302 
  20377 	  387170 	  322 	  350105 	  180 
  20377 	  387171 	  339 	  558234 	  106 
  20377 	  387170 	  285 	  352991 	   90 
  20377 	  387171 	  265 	  469475 	  131 
  20377 	  387170 	  340 	  467758 	  142 
  20377 	  387170 	  314 	  408299 	   76 
  20377 	  387171 	  244 	  459712 	  269 
  20377 	  387170 	  273 	  266021 	  189 
  20377 	  387171 	  310 	  445897 	  114 
  20377 	  387170 	  393 	  399520 	   64 
  20377 	  387170 	  187 	  375783 	  195 
  20377 	  387171 	  270 	  491985 	  313 
  20377 	  387170 	  304 	  386248 	  155 
  20377 	  387171 	  421 	  249616 	  179 
  20377 	  387170 	  197 	  492756 	  471 
  20377 	  387171 	  328 	  355747 	  132 
  20377 	  387170 	  353 	  381690 	  133 
  20377 	  387170 	  285 	  408875 	  143 
  20377 	  387171 	  258 	  337099 	  260 
  20377 	  387170 	  201 	  315745 	  365 
  20377 	  387171 	  257 	  386189 	  191 
  20377 	  387170 	  312 	  498883 	   70 
  20377 	  387170 	  262 	  429722 	   79 
  20377 	  387171 	  193 	  547376 	  165 
  20377 	  387170 	  365 	  232574 	   79 
  20377 	  387171 	  241 	  465557 	  163 
  20377 	  387170 	  271 	  459100 	   97 
  20377 	  387170 	  289 	  346432 	  110 
  20377 	  387171 	  369 	  290091 	  119 
  20377 	  387170 	  226 	  502732 	  138 
  20377 	  387171 	  216 	  374329 	   80 
  20377 	  387170 	  236 	  494418 	  105 
  20377 	  387170 	  338 	  430355 	   57 
  20377 	  387171 	  298 	  391549 	   69 
  20377 	  387170 	  214 	  415504 	  116 
  20377 	  387171 	  232 	  456615 	  131 
  20377 	  387170 	  261 	  510885 	   90 
  20377 	  387171 	  302 	  321940 	   70 
  20377 	  387170 	  172 	  399215 	  378 
  20377 	  387170 	  285 	  326615 	  455 
  20377 	  387171 	  323 	  243367 	  327 
  20377 	  387170 	  483 	  295725 	  150 
  20377 	  387171 	  337 	  525711 	  350 
  20377 	  387170 	  337 	  370784 	  240 
  20377 	  387170 	  305 	  307555 	  175 
  20377 	  387171 	  164 	  443164 	  440 
  20377 	  387170 	  257 	  260607 	  102 
  20377 	  387171 	  229 	  457198 	   84 
  20377 	  387170 	  294 	  487976 	   56 
  20377 	  387170 	  229 	  323339 	  164 
  20377 	  387171 	  241 	  303599 	  207 
  20377 	  387170 	  317 	  393782 	  128 
  20377 	  387171 	  304 	  439477 	  104 
  20377 	  387170 	  335 	  372600 	   95 
  20377 	  387170 	  203 	  462855 	  120 
  20377 	  387171 	  310 	  480545 	   57 
  20377 	  387170 	  272 	  461293 	   69 
  20377 	  387171 	  328 	  396751 	   91 
  20377 	  387170 	  378 	  343317 	   76 
  20377 	  387171 	  238 	  362824 	  146 
  20377 	  387170 	  359 	  217769 	  537 
  20377 	  387170 	  328 	  335613 	  194 
  20377 	  387171 	  356 	  419382 	  202 
  20377 	  387170 	  232 	  399638 	  681 
  20377 	  387171 	  300 	  218424 	  524 
  20377 	  387170 	  264 	  352298 	  610 
  20377 	  387170 	  218 	  220922 	  357 
  20377 	  387171 	  204 	  254450 	  489 
  20377 	  387170 	  331 	  389988 	  985 
  20377 	  387171 	  163 	  231642 	  348 
  20377 	  387170 	  162 	  356293 	  125 
  20377 	  387170 	  147 	  557776 	   71 
  20377 	  387171 	  177 	  415914 	   44 
  20377 	  387170 	  186 	  576734 	   41 
  20377 	  387171 	  149 	  562392 	   48 
  20377 	  387170 	  207 	  174569 	  208 
  20377 	  387170 	  152 	  410896 	  181 
  20377 	  387171 	  151 	  400084 	   72 
  20377 	  387170 	  157 	  399668 	   71 
  20377 	  387171 	  152 	  446817 	  696 
  20377 	  387170 	  184 	  298003 	  391 
  20377 	  387171 	  214 	  408975 	  139 
  20377 	  387170 	  182 	  392393 	  206 
  20377 	  387170 	  176 	  360337 	  345 
  20377 	  387171 	  271 	  360608 	  292 
  20377 	  387170 	  178 	  431901 	  569 
  20377 	  387171 	  261 	  265596 	  314 
  20377 	  387170 	  230 	  250724 	  958 
  20377 	  387170 	  248 	  251144 	  500 
  20377 	  387171 	  229 	  339263 	  297 
  20377 	  387170 	  196 	  357176 	  110 
  20377 	  387171 	  202 	  363314 	   97 
  20377 	  387170 	  189 	  508176 	  140 
  20377 	  387170 	  189 	  525401 	  118 
  20377 	  387171 	  296 	  464986 	  130 
  20377 	  387170 	  336 	  306432 	   92 
  20377 	  387171 	  260 	  439069 	  330 
  20377 	  387171 	  361 	  400544 	  112 
  20377 	  387170 	  346 	  401035 	  111 
  20377 	  387171 	  293 	  403206 	  124 
  20377 	  387170 	  279 	  442322 	  133 
  20377 	  387171 	  254 	  483098 	  122 
  20377 	  387170 	  356 	  232185 	  112 
  20377 	  387171 	  143 	  443925 	  188 
  20377 	  387170 	  291 	  431191 	   77 
  20377 	  387170 	  157 	  413256 	  125 
  20377 	  387171 	  248 	  368048 	   55 
  20377 	  387170 	  170 	  628785 	  145 
  20377 	  387171 	  258 	  406703 	  103 
  20377 	  387170 	  149 	  466670 	  183 
  20377 	  387170 	  207 	  473930 	  125 
  20377 	  387171 	  237 	  318077 	  122 
  20377 	  387170 	  170 	  393987 	  213 
  20377 	  387171 	  203 	  330525 	   88 
  20377 	  387170 	  164 	  438481 	  144 
  20377 	  387170 	  181 	  433619 	  127 
  20377 	  387171 	  205 	  318092 	  127 
  20377 	  387170 	  153 	  540281 	  221 
  20377 	  387171 	  289 	  331803 	   90 
  20377 	  387170 	  238 	  403974 	  532 
  20377 	  387170 	  309 	  243277 	  467 
  20377 	  387171 	  300 	  372309 	  801 
  20377 	  387170 	  267 	  248338 	   99 
  20377 	  387171 	  196 	  527488 	  121 
  20377 	  387170 	  256 	  360893 	   77 
  20377 	  387171 	  275 	  313593 	  335 
  20377 	  387170 	  256 	  396656 	  281 
  20377 	  387170 	  286 	  263605 	  137 
  20377 	  387171 	  328 	  546174 	  555 
  20377 	  387170 	  205 	  347371 	  506 
  20377 	  387171 	  237 	  413436 	  379 
  20377 	  387170 	  322 	  359635 	  175 
  20377 	  387170 	  415 	  542158 	  577 
  20377 	  387171 	  522 	  170013 	  387 
  20377 	  387170 	  260 	  400101 	  602 
  20377 	  387171 	  209 	  343710 	  351 
  20377 	  387170 	  248 	  391382 	  218 
  20377 	  387170 	  297 	  291286 	  111 
  20377 	  387171 	  300 	  475391 	  298 
  20377 	  387170 	  213 	  379281 	  257 
  20377 	  387171 	  150 	  469222 	  227 
  20377 	  387170 	  297 	  303381 	   87 
  20377 	  387170 	  174 	  481003 	  256 
  20377 	  387171 	  235 	  308569 	   81 
  20377 	  387170 	  211 	  439609 	  274 
  20377 	  387171 	  184 	  444705 	  280 
  20377 	  387170 	  234 	  326973 	   95 
  20377 	  387171 	  209 	  363688 	  339 
  20377 	  387170 	  155 	  331878 	  660 
  20377 	  387170 	  231 	  219693 	  306 
  20377 	  387171 	  191 	  475564 	  339 
  20377 	  387170 	  305 	  271461 	  145 
  20377 	  387171 	  149 	  526614 	  185 
  20377 	  387170 	  287 	  379214 	   82 
  20377 	  387170 	  245 	  382751 	   76 
  20377 	  387171 	  180 	  471208 	  124 
  20377 	  387170 	  266 	  335215 	  109 
  20377 	  387171 	  303 	  409237 	   90 
  20377 	  387170 	  263 	  360033 	  131 
  20377 	  387170 	  192 	  510527 	  163 
  20377 	  387171 	  219 	  484247 	  109 
  20377 	  387170 	  227 	  334285 	   68 
  20377 	  387171 	  160 	  455479 	  513 
  20377 	  387170 	  193 	  374600 	  144 
  20377 	  387170 	  189 	  297807 	  130 
  20377 	  387171 	  186 	  522198 	  354 
  20377 	  387170 	  255 	  329262 	  128 
  20377 	  387171 	  352 	  347991 	   94 
  20377 	  387170 	  172 	  452826 	  370 
  20377 	  387171 	  213 	  452356 	  110 
  20377 	  387170 	  205 	  399856 	   85 
  20377 	  387170 	  183 	  509828 	  147 
  20377 	  387171 	  208 	  455085 	  128 
  20377 	  387170 	  201 	  402212 	  169 
  20377 	  387171 	  231 	  324741 	  150 
  20377 	  387170 	  222 	  443326 	  377 
  20377 	  387170 	  247 	  351793 	  199 
  20377 	  387171 	  191 	  482075 	  456 
  20377 	  387170 	  186 	  355292 	  362 
  20377 	  387171 	  237 	  337237 	  125 
  20377 	  387170 	  214 	  318750 	  291 
  20377 	  387170 	  338 	  350158 	  156 
  20377 	  387171 	  218 	  479367 	  245 
  20377 	  387170 	  191 	  389853 	  609 
  20377 	  387171 	  269 	  230554 	  156 
  20377 	  387170 	  211 	  415516 	  140 
  20377 	  387170 	  283 	  539826 	  181 
  20377 	  387171 	  162 	  453896 	  104 
  20377 	  387170 	  205 	  552967 	   98 
  20377 	  387171 	  289 	  389884 	  165 
  20377 	  387170 	  271 	  336119 	  554 
  20377 	  387171 	  209 	  368251 	  345 
  20377 	  387170 	  437 	  330286 	  632 
  20377 	  387170 	  298 	  329664 	  372 
  20377 	  387171 	  237 	  489880 	  383 
  20377 	  387170 	  208 	  293389 	  398 
  20377 	  387171 	  294 	  294138 	  174 
  20377 	  387170 	  218 	  432907 	  212 
  20377 	  387170 	  464 	  488492 	  420 
  20377 	  387171 	  389 	  411864 	  470 
  20377 	  387170 	  305 	  393330 	  275 
  20377 	  387171 	  390 	  305822 	  463 
  20377 	  387170 	  223 	  464363 	 1014 
  20377 	  387170 	  210 	  186454 	  508 
  20377 	  387171 	  186 	  284535 	  305 
  20377 	  387170 	  177 	  214480 	  475 
  20377 	  387171 	  165 	  479955 	  353 
  20377 	  387170 	  289 	  317243 	   61 
  20377 	  387170 	  152 	  298780 	  226 
  20377 	  387171 	  156 	  519947 	  284 
  20377 	  387170 	  300 	  254409 	   97 
  20377 	  387171 	  179 	  529932 	  138 
  20377 	  387170 	  172 	  443778 	   72 
  20377 	  387171 	  171 	  614076 	   80 
  20377 	  387170 	  198 	  308770 	   84 
  20377 	  387170 	  193 	  251896 	  126 
  20377 	  387171 	  160 	  475932 	  187 
  20377 	  387170 	  149 	  468375 	  230 
  20377 	  387171 	  232 	  284109 	   65 
  20377 	  387170 	  155 	  438918 	  109 
  20377 	  387170 	  198 	  413307 	  108 
  20377 	  387171 	  363 	  377340 	   62 
  20377 	  387170 	  147 	  397922 	  319 
  20377 	  387171 	  151 	  378867 	  258 
  20377 	  387170 	  208 	  282287 	  107 
  20377 	  387170 	  167 	  372675 	  172 
  20377 	  387171 	  141 	  371505 	  192 
  20377 	  387170 	  202 	  472826 	   48 
  20377 	  387171 	  193 	  447072 	   65 
  20377 	  387170 	  217 	  457467 	   62 
  20377 	  387170 	  214 	  514468 	   62 
  20377 	  387171 	  166 	  504607 	  107 
  20377 	  387170 	  184 	  368461 	  122 
  20377 	  387171 	  175 	  446446 	  229 
  20377 	  387170 	  165 	  427122 	  133 
  20377 	  387171 	  246 	  274723 	  134 
  20377 	  387170 	  197 	  381101 	  180 
  20377 	  387170 	  268 	  284019 	  119 
  20377 	  387171 	  195 	  430476 	   80 
  20377 	  387170 	  177 	  549186 	   58 
  20377 	  387171 	  216 	  418445 	   78 
  20377 	  387170 	  148 	  478247 	  137 
  20377 	  387170 	  197 	  264348 	  102 
  20377 	  387171 	  202 	  335124 	  147 
  20377 	  387170 	  399 	  498218 	  553 
  20377 	  387171 	  342 	  181494 	  392 
  20377 	  387170 	  176 	  464621 	  596 
  20377 	  387170 	  255 	  270530 	   93 
  20377 	  387171 	  356 	  357681 	  356 
  20377 	  387170 	  423 	  411643 	  418 
  20377 	  387171 	  402 	  361146 	  307 
  20377 	  387170 	  285 	  402017 	  236 
  20377 	  387170 	  303 	  421313 	  168 
  20377 	  387171 	  440 	  324303 	  128 
  20377 	  387170 	  335 	  304612 	  211 
  20377 	  387171 	  210 	  433532 	  543 
  20377 	  387170 	  194 	  370792 	  306 
  20377 	  387171 	  215 	  447283 	  221 
  20377 	  387170 	  248 	  237454 	  206 
  20377 	  387170 	  273 	  530467 	  976 
  20377 	  387171 	  191 	  278602 	   89 
  20377 	  387170 	  214 	  369942 	  295 
  20377 	  387171 	  223 	  391960 	  158 
  20377 	  387170 	  245 	  332404 	  128 
  20377 	  387170 	  227 	  460073 	  320 
  20377 	  387171 	  201 	  266138 	  315 
  20377 	  387170 	  237 	  360873 	  312 
  20377 	  387171 	  205 	  383661 	  601 
  20377 	  387170 	  230 	  558525 	  724 
  20377 	  387170 	  255 	  283609 	  159 
  20377 	  387171 	  268 	  237218 	  453 
  20377 	  387170 	  242 	  329933 	  499 
  20377 	  387171 	  217 	  500414 	  194 
  20377 	  387170 	  214 	  304253 	  109 
  20377 	  387170 	  230 	  391685 	   62 
  20377 	  387171 	  145 	  525181 	  195 
  20377 	  387170 	  205 	  283794 	  113 
  20377 	  387171 	  150 	  436410 	  396 
  20377 	  387170 	  241 	  256694 	  195 
  20377 	  387171 	  137 	  498297 	  411 
  20377 	  387170 	  229 	  197738 	  250 
  20377 	  387170 	  226 	  370052 	  326 
  20377 	  387171 	  177 	  521984 	  236 
  20377 	  387170 	  237 	  316885 	  212 
  20377 	  387171 	  239 	  364060 	  117 
  20377 	  387170 	  144 	  481528 	  258 
  20377 	  387170 	  186 	  266606 	  213 
  20377 	  387171 	  221 	  429336 	  320 
  20377 	  387170 	  334 	  276237 	  139 
  20377 	  387171 	  170 	  475158 	  251 
  20377 	  387170 	  205 	  273299 	  174 
  20377 	  387170 	  213 	  426795 	  323 
  20377 	  387171 	  271 	  363024 	  122 
  20377 	  387170 	  313 	  336254 	  128 
  20377 	  387171 	  236 	  302887 	  384 
  20377 	  387170 	  181 	  402366 	  459 
  20377 	  387170 	  271 	  314395 	  587 
  20377 	  387171 	  325 	  319457 	  195 
  20377 	  387170 	  230 	  370674 	  529 
  20377 	  387171 	  236 	  398729 	  646 
  20377 	  387170 	  222 	  283830 	  418 
  20377 	  387171 	  269 	  297284 	  756 
  20377 	  387170 	  323 	  197462 	  877 
  20377 	  387170 	  287 	  418744 	 1007 
  20377 	  387171 	  441 	  267441 	  703 
  20377 	  387170 	  185 	  221026 	  636 
  20377 	  387171 	  244 	  289439 	  898 
  20377 	  387170 	  129 	  266515 	  855 
  20377 	  387170 	  193 	  462535 	  108 
  20377 	  387171 	  207 	  401963 	   57 
  20377 	  387170 	  164 	  539106 	  286 
  20377 	  387171 	  183 	  255398 	  230 
  20377 	  387170 	  105 	  443130 	  594 
  20377 	  387170 	  174 	  286602 	  131 
  20377 	  387171 	  163 	  401742 	  109 
  20377 	  387170 	  279 	  349761 	   89 
  20377 	  387171 	  209 	  467748 	   65 
  20377 	  387170 	  153 	  481110 	  124 
  20377 	  387170 	  113 	  363038 	  657 
  20377 	  387171 	  164 	  245650 	  576 
  20377 	  387170 	  140 	  300731 	  677 
  20377 	  387171 	  245 	  339782 	  372 
  20377 	  387170 	  230 	  438538 	  216 
  20377 	  387171 	  160 	  549007 	  408 
  20377 	  387170 	  172 	  326673 	  144 
  20377 	  387170 	  140 	  441374 	  178 
  20377 	  387171 	  166 	  447125 	   85 
  20377 	  387170 	  167 	  558956 	   79 
  20377 	  387171 	  216 	  486783 	   56 
  20377 	  387170 	  143 	  308242 	  157 
  20377 	  387170 	  124 	  404219 	  843 
  20377 	  387171 	  166 	  321711 	  335 
  20377 	  387170 	  173 	  348154 	  227 
  20377 	  387171 	  188 	  500364 	  420 
  20377 	  387170 	  190 	  367931 	  629 
  20377 	  387170 	  149 	  412007 	  136 
  20377 	  387171 	  148 	  333388 	   87 
  20377 	  387170 	  109 	  462513 	  222 
  20377 	  387171 	  168 	  386755 	   97 
  20377 	  387170 	  213 	  321578 	  108 
  20377 	  387170 	  161 	  428500 	   91 
  20377 	  387171 	  272 	  474109 	   66 
  20377 	  387170 	  250 	  418518 	  178 
  20377 	  387171 	  196 	  175907 	  349 
  20377 	  387170 	  356 	  610887 	 1023 
  20377 	  387171 	  411 	  222150 	  422 
  20377 	  387170 	  353 	  337303 	  532 
  20377 	  387170 	  242 	  417996 	  390 
  20377 	  387171 	  225 	  303273 	  193 
  20377 	  387170 	  161 	  430387 	  562 
  20377 	  387171 	  286 	  279617 	  202 
  20377 	  387170 	  265 	  395344 	  226 
  20377 	  387170 	  128 	  484178 	  680 
  20377 	  387171 	  407 	  433992 	  676 
  20377 	  387170 	  287 	  279368 	  298 
  20377 	  387171 	  285 	  532273 	  508 
  20377 	  387170 	  225 	  380759 	  632 
  20377 	  387170 	  205 	  186068 	  585 
  20377 	  387171 	  205 	  289392 	  970 
  20377 	  387170 	  247 	  241583 	  487 
  20377 	  387171 	  250 	  456510 	  789 
  20377 	  387170 	  223 	  277892 	  162 
  20377 	  387170 	  218 	  388289 	  375 
  20377 	  387171 	  209 	  337646 	  434 
  20377 	  387170 	  197 	  349105 	  339 
  20377 	  387171 	  189 	  512739 	  519 
  20377 	  387170 	  199 	  358690 	  281 
  20377 	  387171 	  209 	  454826 	  460 
  20377 	  387170 	  151 	  429146 	  335 
  20377 	  387170 	  177 	  447780 	  322 
  20377 	  387171 	  210 	  354516 	  158 
  20377 	  387170 	  139 	  451279 	  221 
  20377 	  387171 	  249 	  220350 	  236 
  20377 	  387170 	  165 	  413469 	  344 
  20377 	  387170 	  194 	  375799 	  334 
  20377 	  387171 	  159 	  624385 	  126 
  20377 	  387170 	  226 	  431444 	  116 
  20377 	  387171 	  128 	  418889 	  140 
  20377 	  387170 	  151 	  341096 	   49 
  20377 	  387170 	  144 	  253444 	  526 
  20377 	  387171 	  206 	  303464 	  474 
  20377 	  387170 	  209 	  320776 	  166 
  20377 	  387171 	  177 	  451455 	  548 
  20377 	  387170 	  231 	  309883 	  291 
  20377 	  387170 	  230 	  279567 	  529 
  20377 	  387171 	  190 	  288375 	  972 
  20377 	  387170 	  202 	  374430 	  649 
  20377 	  387171 	  208 	  327003 	  341 
  20377 	  387170 	  164 	  512913 	  761 
  20377 	  387171 	  231 	  301967 	  555 
  20377 	  387170 	  253 	  318784 	  310 
  20377 	  387170 	  218 	  293053 	  662 
  20377 	  387171 	  429 	  364684 	  992 
  20377 	  387170 	  216 	  278059 	  857 
  20377 	  387171 	  240 	  187518 	  429 
  20377 	  387170 	  255 	  514334 	  976 
  20377 	  387170 	  278 	  335951 	   52 
  20377 	  387171 	  149 	  372236 	   66 
  20377 	  387170 	  165 	  429661 	  194 
  20377 	  387171 	  213 	  419012 	  172 
  20377 	  387170 	  178 	  329065 	  156 
  20377 	  387170 	  186 	  405308 	  162 
  20377 	  387171 	  242 	  585931 	   94 
  20377 	  387170 	  205 	  351400 	  118 
  20377 	  387171 	  196 	  548519 	  298 
  20377 	  387170 	  282 	  337490 	   92 
  20377 	  387170 	  180 	  336277 	  191 
  20377 	  387171 	  156 	  324631 	  149 
  20377 	  387170 	  159 	  591562 	  526 
  20377 	  387171 	  326 	  304714 	   91 
  20377 	  387170 	  231 	  316954 	  182 
  20377 	  387171 	  194 	  427243 	  297 
  20377 	  387170 	  222 	  359720 	  122 
  20377 	  387170 	  254 	  345282 	   71 
  20377 	  387171 	  137 	  541728 	  373 
  20377 	  387170 	  240 	  351177 	  331 
  20377 	  387171 	  172 	  480057 	  261 
  20377 	  387170 	  217 	  380464 	  249 
  20377 	  387170 	  223 	  246716 	  384 
  20377 	  387171 	  181 	  458934 	  602 
  20377 	  387170 	  243 	  368547 	  108 
  20377 	  387171 	  243 	  460581 	   86 
  20377 	  387170 	  214 	  437127 	  177 
  20377 	  387170 	  276 	  366745 	   66 
  20377 	  387171 	  179 	  455343 	   56 
  20377 	  387170 	  218 	  408531 	   84 
  20377 	  387171 	  194 	  465271 	   70 
  20377 	  387170 	  241 	  355239 	   60 
  20377 	  387170 	  145 	  445394 	  207 
  20377 	  387171 	  160 	  405905 	  233 
  20377 	  387170 	  224 	  179541 	  229 
  20377 	  387171 	  203 	  351977 	  231 
  20377 	  387170 	  183 	  554089 	  185 
  20377 	  387171 	  321 	  338309 	  163 
  20377 	  387170 	  242 	  347442 	  116 
  20377 	  387170 	  273 	  409800 	   73 
  20377 	  387171 	  197 	  548238 	  197 
  20377 	  387170 	  207 	  332112 	  183 
  20377 	  387171 	  219 	  397844 	  157 
  20377 	  387170 	  244 	  354934 	  175 
  20377 	  387170 	  188 	  524286 	  244 
  20377 	  387171 	  243 	  405971 	  160 
  20377 	  387170 	  202 	  449106 	  114 
  20377 	  387171 	  197 	  306953 	  100 
  20377 	  387170 	  218 	  499461 	  508 
  20377 	  387170 	  264 	  195931 	  340 
  20377 	  387171 	  233 	  316039 	  489 
  20377 	  387170 	  163 	  353354 	  703 
  20377 	  387171 	  287 	  416193 	  192 
  20377 	  387170 	  238 	  305043 	  198 
  20377 	  387170 	  157 	  380501 	  640 
  20377 	  387171 	  202 	  400540 	  511 
  20377 	  387170 	  219 	  358707 	  153 
  20377 	  387171 	  188 	  307182 	  181 
  20377 	  387170 	  194 	  445423 	  134 
  20377 	  387171 	  247 	  401694 	   99 
  20377 	  387170 	  160 	  413168 	  188 
  20377 	  387170 	  224 	  268138 	   67 
  20377 	  387171 	  141 	  480905 	  101 
  20377 	  387170 	  192 	  428865 	   60 
  20377 	  387171 	  198 	  469784 	   74 
  20377 	  387170 	  212 	  511538 	  107 
  20377 	  387170 	  262 	  389314 	  100 
  20377 	  387171 	  193 	  474825 	  117 
  20377 	  387170 	  184 	  391384 	   87 
  20377 	  387171 	  178 	  458954 	  116 
  20377 	  387170 	  229 	  516638 	  100 
  20377 	  387170 	  302 	  377027 	   59 
  20377 	  387171 	  162 	  454229 	   87 
  20377 	  387170 	  196 	  374182 	   67 
  20377 	  387171 	  178 	  472999 	   72 
  20377 	  387170 	  169 	  369131 	  121 
  20377 	  387170 	  161 	  401628 	  144 
  20377 	  387171 	  230 	  331984 	   97 
  20377 	  387170 	  191 	  428414 	  119 
  20377 	  387171 	  198 	  433819 	   95 
  20377 	  387170 	  219 	  467734 	  110 
  20377 	  387171 	  172 	  259665 	  168 
  20377 	  387170 	  165 	  304804 	  144 
  20377 	  387170 	  143 	  373409 	  108 
  20377 	  387171 	  229 	  393890 	   58 
  20377 	  387170 	  205 	  373443 	   70 
  20377 	  387171 	  177 	  581166 	  157 
  20377 	  387170 	  195 	  387813 	  106 
  20377 	  387170 	  246 	  303276 	   96 
  20377 	  387171 	  220 	  400407 	   88 
  20377 	  387170 	  172 	  347124 	  119 
  20377 	  387171 	  158 	  478486 	  103 
  20377 	  387170 	  267 	  315365 	   51 
  20377 	  387170 	  150 	  555024 	   82 
  20377 	  387171 	  209 	  371926 	   66 
  20377 	  387170 	  220 	  358387 	  102 
  20377 	  387171 	  221 	  340735 	  125 
  20377 	  387170 	  201 	  347962 	  274 
  20377 	  387170 	  197 	  217499 	  234 
  20377 	  387171 	  157 	  387368 	  399 
  20377 	  387170 	  171 	  348677 	  282 
  20377 	  387171 	  279 	  225134 	  163 
  20377 	  387170 	  199 	  440101 	  649 
  20377 	  387171 	  230 	  277639 	  506 
  20377 	  387170 	  198 	  418727 	  513 
  20377 	  387170 	  222 	  430831 	  215 
  20377 	  387171 	  198 	  582050 	  131 
  20377 	  387170 	  221 	  465802 	   73 
  20377 	  387171 	  246 	  473780 	   93 
  20377 	  387170 	  264 	  345131 	  108 
  20377 	  387170 	  192 	  461855 	  557 
  20377 	  387171 	  187 	  337497 	  466 
  20377 	  387170 	  155 	  445570 	  286 
  20377 	  387171 	  206 	  338842 	  188 
  20377 	  387170 	  195 	  356550 	  580 
  20377 	  387170 	  160 	  331110 	  771 
  20377 	  387171 	  208 	  257067 	  448 
  20377 	  387170 	  177 	  323871 	  357 
  20377 	  387171 	  214 	  437297 	  272 
  20377 	  387170 	  237 	  556103 	  184 
  20377 	  387171 	  208 	  318520 	  564 
