% num_local_points | num_send_points | num_send_procs | num_recv_points | num_recv_procs 
 122044 	   38621 	   77 	   31304 	   76 
 120760 	   28537 	   25 	   23938 	   25 
 121586 	   32345 	   20 	   30813 	   20 
 120687 	   24494 	   15 	   24156 	   15 
 119883 	   41838 	   20 	   37031 	   20 
 122699 	   25601 	   14 	   23219 	   14 
 125689 	   25371 	   20 	   29987 	   18 
 123359 	   17942 	   14 	   21794 	   14 
 125132 	   36005 	   41 	   37215 	   41 
 120416 	   32589 	   25 	   25995 	   27 
 122311 	   24974 	   16 	   21318 	   15 
 123291 	   23699 	   14 	   27455 	   13 
 123984 	   35817 	   25 	   35644 	   23 
 122583 	   25575 	   16 	   24721 	   15 
 121546 	   29854 	   18 	   30475 	   18 
 124509 	   21727 	   17 	   24533 	   14 
 124847 	   32074 	   26 	   32803 	   26 
 124275 	   28936 	   18 	   30867 	   20 
 124057 	   23049 	   15 	   23964 	   16 
 123323 	   34621 	   20 	   33990 	   22 
 123336 	   24786 	   15 	   26497 	   14 
 123044 	   30237 	   24 	   30017 	   23 
 125268 	   18757 	   14 	   20113 	   14 
 124744 	   21776 	   27 	   22558 	   28 
 123568 	   47551 	   77 	   40662 	   77 
 121864 	   23121 	   17 	   23182 	   17 
 119587 	   24920 	   13 	   25404 	   13 
 120431 	   39899 	   26 	   35366 	   27 
 116077 	   37647 	   23 	   29661 	   22 
 120356 	   28396 	   14 	   31160 	   13 
 118732 	   20711 	   15 	   22705 	   14 
 118518 	   28029 	   18 	   24784 	   18 
 121534 	   32450 	   20 	   36327 	   20 
 115264 	   55763 	   49 	   45560 	   47 
 113429 	   29577 	   20 	   24624 	   20 
 110661 	   30868 	   19 	   27596 	   19 
 112358 	   32247 	   17 	   31907 	   17 
 109788 	   33418 	   13 	   32173 	   12 
 116583 	   32791 	   26 	   40649 	   27 
 116622 	   29750 	   23 	   31776 	   23 
 107841 	   45181 	   23 	   32541 	   22 
 109293 	   38909 	   17 	   37132 	   19 
 105344 	   37397 	   17 	   35899 	   17 
 111199 	   32245 	   20 	   36309 	   20 
 113713 	   29785 	   18 	   37476 	   16 
 114808 	   48662 	   57 	   42277 	   55 
 115268 	   32015 	   17 	   31041 	   17 
 115383 	   31875 	   16 	   33748 	   15 
 115068 	   41933 	   24 	   36084 	   24 
 113953 	   32310 	   14 	   32339 	   14 
 112645 	   25306 	   18 	   25110 	   20 
 112400 	   36542 	   21 	   26463 	   21 
 115533 	   28665 	   15 	   33667 	   16 
 115945 	   25630 	   20 	   31002 	   34 
 110364 	   39085 	   49 	   29897 	   40 
 108371 	   33858 	   16 	   33984 	   16 
 106252 	   36515 	   11 	   34361 	   10 
 108315 	   39861 	   23 	   37234 	   24 
 108154 	   31860 	   17 	   28010 	   15 
 111979 	   31515 	   23 	   35381 	   24 
 107613 	   35141 	   23 	   34617 	   23 
 106663 	   36134 	   17 	   31886 	   17 
 102234 	   40184 	   21 	   36742 	   23 
 102981 	   42434 	   17 	   41633 	   18 
 105966 	   40158 	   17 	   44242 	   19 
 107168 	   44402 	   37 	   41548 	   32 
 108435 	   35587 	   21 	   31306 	   23 
 109049 	   32187 	   16 	   31742 	   16 
 109802 	   36097 	   18 	   28092 	   15 
 109001 	   35602 	   17 	   35676 	   15 
 109443 	   43550 	   26 	   46863 	   28 
 106004 	   41095 	   18 	   36437 	   13 
 105843 	   47197 	   17 	   46584 	   17 
 104464 	   39449 	   13 	   42303 	   15 
 109730 	   39620 	   18 	   42751 	   18 
 106757 	   37816 	   11 	   32958 	   15 
 107271 	   33877 	   13 	   34172 	   12 
 109053 	   47455 	   34 	   47886 	   33 
 109626 	   36568 	   12 	   38564 	   12 
 110944 	   44383 	   16 	   42157 	   19 
 112162 	   42707 	   22 	   46536 	   22 
 111531 	   45482 	   39 	   52954 	   39 
 110736 	   38526 	   45 	   37707 	   41 
 110688 	   34975 	   12 	   34412 	   12 
 111168 	   32337 	   12 	   39710 	   15 
 113779 	   39597 	   31 	   44603 	   36 
 110081 	   47938 	   60 	   44502 	   56 
 102054 	   43554 	   20 	   41165 	   20 
 103377 	   44674 	   17 	   45695 	   20 
 106686 	   35140 	   12 	   42728 	   14 
 105438 	   42617 	   20 	   38513 	   20 
 107548 	   37150 	   15 	   38994 	   15 
 109470 	   31360 	   15 	   36981 	   15 
 106248 	   46417 	   34 	   42365 	   31 
 107261 	   36682 	   15 	   35043 	   14 
 105650 	   43636 	   16 	   39349 	   18 
 106090 	   44185 	   21 	   45108 	   19 
 103816 	   39560 	   13 	   38948 	   10 
 102572 	   43457 	   16 	   37251 	   16 
 106776 	   37140 	   20 	   45129 	   21 
 117281 	   34714 	   46 	   47491 	   45 
 122500 	   31501 	   63 	   43837 	   60 
 117765 	   26488 	   78 	   33686 	   75 
 116016 	   42129 	   21 	   35519 	   19 
 115565 	   28847 	   14 	   28678 	   16 
 114894 	   42804 	   38 	   38699 	   35 
 113193 	   28484 	   13 	   31864 	   18 
 111664 	   35336 	   14 	   35345 	   14 
 114328 	   40172 	   20 	   39234 	   19 
 113461 	   24565 	   15 	   26912 	   11 
 115551 	   32780 	   41 	   32865 	   42 
 110958 	   35630 	   29 	   37064 	   28 
 110315 	   33714 	   20 	   31576 	   20 
 108256 	   32521 	   15 	   31762 	   15 
 111199 	   38814 	   23 	   35798 	   19 
 110345 	   27730 	   14 	   35511 	   20 
 110033 	   33190 	   20 	   31068 	   16 
 111175 	   48260 	   36 	   41852 	   38 
 107769 	   31061 	   10 	   33313 	   13 
 108916 	   33660 	   16 	   34838 	   14 
 109866 	   35238 	   21 	   36362 	   22 
 107573 	   34896 	   13 	   33988 	   12 
 111467 	   48042 	   54 	   48861 	   54 
 113160 	   33998 	   21 	   33591 	   23 
 114838 	   29145 	   14 	   31092 	   15 
 112874 	   34169 	   23 	   28546 	   22 
 112212 	   26212 	   16 	   29169 	   15 
 112319 	   27792 	   13 	   30769 	   16 
 112818 	   38161 	   21 	   36709 	   20 
 114320 	   27897 	   18 	   30363 	   17 
 113200 	   32927 	   17 	   32031 	   18 
 114214 	   40777 	   42 	   42759 	   38 
 112146 	   40776 	   24 	   34430 	   24 
 114119 	   33579 	   16 	   33120 	   16 
 114729 	   39679 	   21 	   39458 	   22 
 113053 	   31073 	   14 	   31534 	   15 
 113454 	   44288 	   23 	   43807 	   24 
 113735 	   32630 	   12 	   30500 	   11 
 115143 	   40984 	   23 	   37250 	   20 
 116341 	   27059 	   15 	   28916 	   13 
 116163 	   40880 	   45 	   43357 	   39 
 115784 	   26990 	   20 	   24780 	   11 
 113785 	   31877 	   18 	   38017 	   19 
 114936 	   34939 	   22 	   31365 	   22 
 115450 	   27503 	   16 	   31311 	   14 
 116065 	   38086 	   21 	   38291 	   18 
 113858 	   28791 	   14 	   29491 	   16 
 115661 	   40808 	   49 	   32506 	   33 
 116355 	   28306 	   14 	   33684 	   40 
 117547 	   35645 	   23 	   35048 	   21 
 116960 	   26550 	   15 	   29054 	   12 
 116234 	   34414 	   43 	   34354 	   44 
 113561 	   48361 	   65 	   46984 	   65 
 112221 	   28549 	   13 	   30785 	   13 
 110954 	   33130 	   13 	   29864 	   12 
 114091 	   31410 	   20 	   36011 	   20 
 111290 	   30311 	   19 	   29028 	   16 
 113093 	   31129 	   23 	   31934 	   21 
 111172 	   34552 	   26 	   33342 	   24 
 111268 	   25267 	    9 	   28497 	   12 
 112031 	   29920 	   23 	   28345 	   14 
 110277 	   32516 	   16 	   37363 	   20 
 109969 	   37843 	   21 	   36412 	   19 
 109194 	   30633 	   16 	   29764 	   14 
 109030 	   35435 	   28 	   34501 	   32 
 108901 	   35714 	   20 	   31750 	   16 
 107587 	   37674 	   16 	   38620 	   17 
 110507 	   37271 	   21 	   38939 	   21 
 110781 	   30453 	   15 	   29795 	   11 
 109545 	   34990 	   19 	   35823 	   18 
 111288 	   38403 	   41 	   30912 	   12 
 110036 	   32550 	   13 	   37462 	   34 
 110241 	   34251 	   18 	   35617 	   20 
 109812 	   32351 	   13 	   34051 	   14 
 107873 	   36494 	   17 	   36655 	   16 
 108178 	   36318 	   20 	   29620 	   11 
 107843 	   34109 	   15 	   38294 	   17 
 110132 	   42017 	   28 	   40834 	   28 
 114100 	   36196 	   62 	   36923 	   61 
 115067 	   47841 	   74 	   32150 	   74 
 114891 	   19455 	    9 	   17792 	   11 
 114409 	   24278 	   15 	   20030 	   14 
 116069 	   18917 	   14 	   18653 	   14 
 116373 	   32379 	   31 	   24854 	   27 
 114805 	   36116 	   21 	   31084 	   19 
 117155 	   22334 	   13 	   27943 	   14 
 116931 	   33321 	   22 	   34780 	   21 
 116585 	   36053 	   18 	   34718 	   19 
 119582 	   33082 	   22 	   37156 	   22 
 116321 	   37931 	   31 	   36626 	   31 
 118018 	   33311 	   19 	   31159 	   19 
 116293 	   23085 	   16 	   25570 	   16 
 117978 	   30105 	   19 	   28829 	   19 
 118801 	   31770 	   19 	   34414 	   17 
 118880 	   37048 	   42 	   40469 	   43 
 116710 	   21362 	   13 	   23088 	   13 
 116336 	   27360 	   13 	   26755 	   14 
 117447 	   34979 	   22 	   33263 	   23 
 118349 	   27249 	   17 	   26161 	   16 
 118996 	   18967 	   12 	   23479 	   12 
 118543 	   27008 	   36 	   30274 	   33 
 124672 	   45022 	   42 	   48529 	   43 
 117067 	   27277 	   36 	   20753 	   33 
 118779 	   22193 	    9 	   19912 	    9 
 119399 	   20502 	   17 	   20642 	   17 
 120298 	   18352 	   16 	   18541 	   16 
 120285 	   20267 	   21 	   18153 	   18 
 116921 	   25324 	   22 	   16431 	   19 
 118502 	   16097 	   16 	   15166 	   15 
 111767 	   36614 	   28 	   25577 	   29 
 115363 	   35081 	   17 	   32899 	   19 
 113069 	   27725 	   15 	   29758 	   15 
 116748 	   25589 	   22 	   30860 	   21 
 118661 	   24466 	   16 	   29464 	   17 
 114036 	   36206 	   29 	   32923 	   30 
 120383 	   25932 	   20 	   31780 	   18 
 115277 	   27028 	   13 	   24365 	   13 
 115611 	   24692 	   15 	   25229 	   14 
 116286 	   29377 	   17 	   26921 	   16 
 120881 	   28172 	   29 	   36803 	   29 
 128436 	   30581 	   49 	   43968 	   49 
 121129 	   22058 	   24 	   27245 	   22 
 115233 	   42029 	   59 	   44041 	   61 
 110544 	   23636 	   10 	   23500 	   10 
 109432 	   25499 	   19 	   23351 	   18 
 111254 	   25758 	   14 	   27671 	   14 
 110640 	   27119 	   15 	   26095 	   15 
 109873 	   32562 	   29 	   29061 	   29 
 108780 	   31126 	   16 	   28535 	   16 
 107504 	   31351 	   17 	   28032 	   17 
 104994 	   41181 	   28 	   33758 	   29 
 108582 	   35231 	   19 	   37367 	   17 
 108992 	   34371 	   16 	   39686 	   17 
 109203 	   28868 	   17 	   30013 	   15 
 110135 	   26491 	   13 	   27494 	   16 
 112457 	   40196 	   45 	   41234 	   45 
 110381 	   32522 	   13 	   31408 	   12 
 111006 	   28834 	   19 	   26673 	   11 
 111186 	   28595 	   12 	   31754 	   19 
 109056 	   33641 	   13 	   31798 	   14 
 113615 	   42424 	   34 	   42495 	   35 
 116629 	   22876 	   19 	   31885 	   16 
 118795 	   24757 	   20 	   26458 	   22 
 116755 	   23334 	   47 	   25000 	   49 
 115846 	   19845 	   19 	   19762 	   19 
 115258 	   20251 	   19 	   20082 	   19 
 115804 	   18359 	   16 	   17276 	   16 
 116564 	   14996 	   10 	   15648 	    8 
 116358 	   21180 	   25 	   18776 	   25 
 117444 	   20843 	   14 	   19068 	   14 
 115742 	   23574 	   15 	   17600 	   20 
 118212 	   20438 	   11 	   18022 	   13 
 118727 	   22377 	   28 	   18287 	   28 
 119981 	   16552 	   18 	   16379 	   16 
 120076 	   16957 	   17 	   16246 	   17 
 118033 	   23003 	   16 	   19782 	   16 
 116566 	   27786 	   20 	   21177 	   21 
 116017 	   28113 	   20 	   20414 	   18 
 126210 	   43242 	   64 	   56635 	   61 
 123645 	   34268 	   32 	   48057 	   35 
 120644 	   24007 	   17 	   32296 	   17 
 117985 	   19324 	   13 	   21521 	   14 
 118273 	   17338 	   14 	   17551 	   15 
 118933 	   30246 	  147 	   33874 	  154 
 115443 	   36319 	   25 	   34462 	   25 
 114765 	   29566 	   14 	   29679 	   14 
 115123 	   46662 	   39 	   40489 	   38 
 113971 	   31235 	   15 	   32943 	   12 
 113933 	   34968 	   20 	   36264 	   22 
 111741 	   35366 	   20 	   33562 	   20 
 114201 	   29538 	   14 	   32896 	   11 
 114427 	   36373 	   47 	   29362 	   16 
 117351 	   24128 	   20 	   31766 	   46 
 116550 	   27908 	   17 	   29453 	   24 
 117178 	   24156 	   13 	   23750 	   13 
 118434 	   35042 	   37 	   32852 	   40 
 117847 	   31006 	   20 	   29127 	   19 
 118286 	   25767 	   23 	   29980 	   23 
 116381 	   22308 	   12 	   24338 	   12 
 116728 	   26213 	   18 	   25186 	   17 
 117748 	   29890 	   44 	   26965 	   35 
 115053 	   28102 	   20 	   26832 	   24 
 118178 	   28752 	   25 	   28044 	   27 
 118866 	   27481 	   22 	   26615 	   22 
 118782 	   26339 	   15 	   25846 	   16 
 119931 	   28823 	   23 	   31713 	   24 
 115994 	   30526 	   14 	   26696 	   15 
 117697 	   28210 	   13 	   27768 	   13 
 119748 	   34675 	   33 	   34866 	   30 
 118037 	   33522 	   37 	   32044 	   30 
 120631 	   23285 	   15 	   25192 	   17 
 120464 	   29631 	   23 	   30363 	   22 
 119300 	   29282 	   25 	   29464 	   26 
 118425 	   33144 	   45 	   35364 	   44 
 115994 	   27622 	   13 	   28894 	   13 
 116991 	   28492 	   15 	   26525 	   15 
 117520 	   33097 	   22 	   31480 	   17 
 116657 	   23354 	   18 	   28063 	   19 
 116226 	   28488 	   19 	   27455 	   17 
 115835 	   25347 	   14 	   27342 	   12 
 115648 	   31406 	   25 	   28667 	   25 
 118373 	   52238 	   76 	   47513 	   73 
 113288 	   29208 	   19 	   30696 	   19 
 112310 	   27724 	   14 	   29426 	   13 
 113839 	   38458 	   27 	   35150 	   27 
 114057 	   30534 	   16 	   31293 	   17 
 112969 	   29366 	   14 	   30787 	   11 
 114397 	   38417 	   40 	   36783 	   38 
 111121 	   33567 	   19 	   32642 	   21 
 109748 	   32152 	   13 	   30120 	   14 
 114003 	   36873 	   24 	   37106 	   25 
 111632 	   30407 	   15 	   31576 	   14 
 111834 	   29597 	   15 	   31383 	   14 
 111186 	   41818 	   48 	   42356 	   54 
 111894 	   28147 	   14 	   28531 	   13 
 112255 	   30505 	   17 	   31900 	   16 
 110344 	   34598 	   26 	   31124 	   22 
 111197 	   29599 	   14 	   30807 	    9 
 112581 	   31938 	   18 	   32768 	   15 
 110418 	   36569 	   40 	   35839 	   42 
 111690 	   27284 	   11 	   31861 	   13 
 110265 	   31485 	   21 	   30427 	   18 
 109037 	   34398 	   18 	   35574 	   20 
 110206 	   33923 	   23 	   35191 	   21 
 107967 	   31010 	   16 	   30097 	   15 
 109192 	   37808 	   29 	   35869 	   32 
 107729 	   34731 	   16 	   32425 	   13 
 109539 	   30249 	   15 	   33236 	   16 
 107673 	   44309 	   20 	   40232 	   19 
 108879 	   34789 	   16 	   35708 	   10 
 107607 	   38050 	   15 	   36850 	   15 
 109390 	   36084 	   57 	   29693 	   13 
 109146 	   31233 	   17 	   39088 	   57 
 109092 	   34759 	   15 	   33467 	   16 
 108409 	   33051 	   12 	   34982 	   12 
 109113 	   41637 	   25 	   39257 	   24 
 110304 	   31957 	   18 	   32456 	   14 
 107458 	   33550 	   14 	   34769 	   18 
 109067 	   40643 	   22 	   38414 	   29 
 113150 	   34905 	   50 	   36333 	   41 
 114672 	   42424 	   67 	   32968 	   73 
 117648 	   28695 	   16 	   27887 	   16 
 118632 	   27479 	   15 	   28136 	   15 
 119360 	   31928 	   27 	   33965 	   24 
 117697 	   27134 	   18 	   24569 	   18 
 117378 	   21372 	   16 	   25207 	   14 
 118509 	   29917 	   32 	   29704 	   33 
 117721 	   24780 	   15 	   24899 	   15 
 117945 	   28168 	   18 	   26533 	   18 
 118689 	   33931 	   30 	   34450 	   28 
 118252 	   26295 	   15 	   27332 	   14 
 117193 	   18689 	   13 	   21775 	   17 
 113711 	   41849 	   40 	   32914 	   38 
 115593 	   24786 	   17 	   22398 	   14 
 115581 	   25039 	   15 	   21783 	   12 
 115846 	   26499 	   27 	   24351 	   27 
 117556 	   25006 	   14 	   26441 	   16 
 117547 	   24747 	   14 	   25353 	   13 
 117536 	   32254 	   24 	   31709 	   23 
 115844 	   23981 	   19 	   24825 	   15 
 116636 	   20782 	   14 	   21362 	   18 
 117220 	   23308 	   29 	   25046 	   29 
 124753 	   42114 	   43 	   47999 	   42 
 116322 	   30246 	   37 	   23988 	   34 
 119114 	   25428 	   17 	   22775 	   18 
 118690 	   23169 	   27 	   25694 	   28 
 120747 	   19329 	   13 	   25479 	   13 
 119871 	   16783 	   15 	   20945 	   14 
 116271 	   26850 	   25 	   26931 	   27 
 118017 	   24921 	   17 	   23636 	   15 
 118576 	   25681 	   28 	   25808 	   25 
 115962 	   19753 	   12 	   23714 	   23 
 116309 	   22746 	   16 	   23238 	   15 
 113359 	   25272 	   34 	   25500 	   31 
 114848 	   19217 	   15 	   19767 	   15 
 113784 	   20152 	   10 	   17979 	   12 
 114644 	   21118 	   21 	   21456 	   18 
 114360 	   19759 	   14 	   19884 	   17 
 113676 	   28913 	   23 	   22811 	   22 
 115122 	   26112 	   23 	   18103 	   22 
 117951 	   21851 	   19 	   18173 	   17 
 127006 	   31558 	   38 	   38938 	   33 
 120459 	   19087 	   26 	   25986 	   27 
 115909 	   44198 	  115 	   46301 	  109 
 109877 	   24580 	   12 	   23364 	   13 
 110862 	   24655 	   18 	   25094 	   15 
 110273 	   26206 	   16 	   26406 	   14 
 110008 	   28017 	   16 	   26660 	   14 
 110153 	   29150 	   24 	   28230 	   25 
 110332 	   27077 	   16 	   29140 	   14 
 112808 	   25165 	   16 	   27628 	   17 
 112585 	   29460 	   24 	   29661 	   22 
 112991 	   28956 	   16 	   29997 	   15 
 116699 	   37248 	   49 	   38106 	   48 
 112099 	   29548 	   18 	   25412 	   14 
 112416 	   27980 	   17 	   26270 	   21 
 109812 	   33880 	   26 	   30150 	   27 
 110290 	   29253 	   12 	   29691 	   13 
 110137 	   25545 	   14 	   25729 	   11 
 111006 	   32183 	   24 	   29757 	   25 
 109578 	   32309 	   14 	   30470 	   13 
 112949 	   35824 	   31 	   36439 	   28 
 116831 	   24838 	   24 	   33465 	   19 
 117722 	   24292 	   23 	   26023 	   21 
 116224 	   22450 	   48 	   25236 	   45 
 115837 	   19394 	   19 	   18461 	   19 
 115202 	   20543 	   23 	   20988 	   23 
 115472 	   18412 	   18 	   17018 	   18 
 116340 	   15427 	   12 	   16206 	   12 
 115515 	   19968 	   23 	   18541 	   23 
 115888 	   21200 	   13 	   18760 	   16 
 115877 	   23452 	   15 	   18984 	   20 
 118157 	   21331 	   12 	   18023 	   14 
 124114 	   26921 	   47 	   39305 	   45 
 113531 	   18404 	   14 	   19610 	   36 
 114490 	   19722 	   13 	   20171 	   13 
 114555 	   22557 	   15 	   21263 	   17 
 112164 	   29112 	   15 	   25225 	   18 
 112353 	   29615 	   21 	   23818 	   21 
 110192 	   48478 	   41 	   33528 	   36 
 123066 	   35791 	   34 	   51457 	   32 
 119974 	   24592 	   25 	   32759 	   17 
 117090 	   19792 	   13 	   21768 	   14 
 117542 	   17556 	   15 	   17635 	   14 
 119926 	   26183 	  103 	   28463 	  106 
 118234 	   32000 	   19 	   30310 	   20 
 118435 	   23213 	   16 	   23996 	   17 
 118835 	   31859 	   26 	   30524 	   25 
 119152 	   26475 	   22 	   29477 	   20 
 117772 	   23902 	   16 	   25443 	   16 
 118874 	   31599 	   33 	   31245 	   32 
 118285 	   29994 	   25 	   28181 	   21 
 116854 	   24444 	   24 	   21816 	   13 
 118614 	   19368 	   15 	   23925 	   26 
 116027 	   21549 	   19 	   21343 	   16 
 116596 	   29763 	   39 	   28276 	   36 
 118031 	   20802 	   15 	   23290 	   15 
 117510 	   25933 	   27 	   25594 	   25 
 116796 	   29159 	   25 	   28980 	   21 
 116791 	   25888 	   25 	   25869 	   21 
 116456 	   19245 	   14 	   19654 	   12 
 117761 	   31206 	   26 	   34306 	   25 
 117608 	   24406 	   16 	   26892 	   16 
 117433 	   20236 	   16 	   22166 	   16 
 117111 	   20076 	   23 	   19356 	   21 
 116344 	   31444 	   23 	   25963 	   18 
 120965 	   47925 	   89 	   54121 	   83 
 115580 	   27968 	   23 	   27410 	   18 
 115408 	   24023 	   13 	   25023 	   13 
 116497 	   24619 	   25 	   22312 	   22 
 114325 	   27130 	   18 	   24170 	   24 
 115330 	   29446 	   31 	   27514 	   34 
 117069 	   22121 	   24 	   22027 	   18 
 117830 	   19315 	   16 	   23129 	   14 
 116035 	   29931 	   28 	   26724 	   24 
 117469 	   22086 	   19 	   21822 	   23 
 117685 	   21204 	   16 	   21595 	   15 
 116201 	   21628 	   29 	   21293 	   32 
 117193 	   18295 	   10 	   21724 	   10 
 116885 	   20064 	   16 	   20930 	   16 
 116404 	   19615 	   16 	   17520 	   15 
 119026 	   29113 	   33 	   26770 	   37 
 120907 	   20452 	   20 	   28492 	   21 
 116666 	   19000 	   14 	   19328 	   15 
 116670 	   34250 	   26 	   33771 	   24 
 115655 	   19776 	   16 	   19071 	   21 
 115438 	   27411 	   33 	   19673 	   32 
 123044 	   31351 	   86 	   36440 	   90 
 119004 	   19345 	   23 	   19621 	   20 
 116807 	   27408 	   22 	   24655 	   26 
 118280 	   19060 	   13 	   19650 	   12 
 117979 	   22330 	   21 	   18829 	   23 
 118067 	   19752 	   19 	   19991 	   27 
 118674 	   17775 	   19 	   18732 	   19 
 118693 	   17834 	   14 	   17574 	   18 
 119546 	   15838 	   14 	   19054 	   15 
 118818 	   13100 	   14 	   14149 	   12 
 121059 	   29671 	   47 	   25040 	   48 
 119703 	   21431 	   22 	   20829 	   24 
 120255 	   19642 	   20 	   18675 	   23 
 121507 	   16474 	   15 	   19362 	   12 
 119226 	   26513 	   23 	   23249 	   24 
 122247 	   20860 	   21 	   22863 	   22 
 122402 	   17009 	   19 	   22536 	   16 
 121948 	   17393 	   18 	   23129 	   18 
 118765 	   33041 	   32 	   28528 	   28 
 119341 	   17070 	   15 	   15451 	   14 
 118202 	   28207 	   75 	   21204 	   70 
 119829 	   11231 	   17 	   10448 	   15 
 120163 	   10479 	   13 	   10916 	   14 
 120043 	   14533 	   18 	   13878 	   18 
 120528 	   13506 	   13 	   13146 	   17 
 121324 	   15889 	   33 	   15967 	   32 
 120799 	   14091 	   13 	   14077 	   14 
 124432 	   18006 	   18 	   25229 	   19 
 120799 	   13900 	   14 	   14000 	   14 
 120736 	   28279 	   33 	   25499 	   37 
 119244 	   23432 	   31 	   17680 	   34 
 120629 	   16373 	   16 	   16317 	   14 
 121904 	   16031 	   17 	   15703 	   17 
 125083 	   13852 	   16 	   21007 	   15 
 120312 	   27488 	   31 	   21779 	   35 
 120771 	   18736 	   23 	   16568 	   28 
 126534 	   17944 	   20 	   28564 	   20 
 122127 	   29972 	   29 	   25091 	   32 
 119464 	   22387 	   25 	   16360 	   25 
 123406 	   14551 	   20 	   14583 	   21 
 119638 	   31055 	  133 	   36879 	  154 
 112941 	   29087 	   19 	   28448 	   17 
 111828 	   36108 	   52 	   43303 	   64 
 101392 	   41415 	   28 	   42898 	   15 
 100467 	   42641 	   20 	   51016 	   49 
  90627 	   61534 	   46 	   58760 	   25 
  82387 	   62493 	   20 	   62724 	   20 
  81224 	   63623 	   19 	   62476 	   16 
  84274 	   59658 	   13 	   60989 	   14 
  79405 	   69017 	   29 	   71321 	   28 
  74015 	   68352 	   16 	   62964 	   15 
  78626 	   67158 	   16 	   69690 	   14 
  75051 	   71122 	   22 	   66856 	   21 
  78896 	   61262 	   12 	   63868 	   28 
  81957 	   72457 	   31 	   66956 	   30 
  85283 	   55597 	   14 	   60104 	   16 
  78809 	   66904 	   21 	   65180 	   14 
  78237 	   63202 	   12 	   63926 	   14 
  78966 	   68235 	   21 	   65659 	   16 
  77291 	   62491 	   14 	   65499 	   13 
  75400 	   69222 	   22 	   70774 	   25 
  77789 	   65992 	   16 	   64529 	   17 
  81417 	   63605 	   14 	   64075 	   13 
  78392 	   66985 	   23 	   70556 	   27 
  91094 	   55999 	   29 	   51499 	   20 
  88310 	   65107 	   27 	   62533 	   29 
  91391 	   53378 	   11 	   53348 	   13 
  88205 	   60407 	   17 	   57738 	   18 
  81204 	   60534 	   13 	   61181 	   12 
  82021 	   63045 	   21 	   63251 	   19 
  80835 	   60713 	   13 	   64691 	   12 
  82395 	   63979 	   37 	   65932 	   36 
  86498 	   55775 	   10 	   56054 	   11 
  84849 	   60795 	   27 	   64531 	   50 
  85385 	   69649 	   50 	   67246 	   47 
  82952 	   58613 	   14 	   59105 	   10 
  77678 	   67637 	   18 	   69136 	   16 
  76933 	   64694 	   15 	   65459 	   17 
  77376 	   66201 	   19 	   62824 	   18 
  77207 	   61401 	   11 	   76458 	   76 
  74188 	   77804 	   61 	   72793 	   20 
  68214 	   71661 	   18 	   75260 	   20 
  65646 	   77731 	   22 	   75229 	   19 
  66700 	   75867 	   18 	   74719 	   13 
  64695 	   77497 	   18 	   73864 	   18 
  75623 	   65912 	   17 	   72595 	   23 
  71144 	   79556 	   27 	   72559 	   23 
  66875 	   72570 	   11 	   80554 	   22 
  65590 	   78887 	   30 	   75126 	   15 
  63356 	   78351 	   15 	   79321 	   11 
  62059 	   81664 	   13 	   82405 	   15 
  59259 	   77660 	   11 	   79059 	   13 
  59072 	   81060 	   12 	   79502 	   23 
  60955 	   89234 	   32 	   88993 	   30 
  61532 	   77687 	   18 	   73203 	   12 
  61012 	   78525 	   16 	   83000 	   14 
  59766 	   83494 	   17 	   81580 	   12 
  60429 	   80908 	   15 	   81793 	   16 
  60385 	   84837 	   65 	   81365 	   76 
  58568 	   78042 	   14 	   80279 	   12 
  57491 	   79319 	   11 	   82140 	   14 
  59703 	   78966 	   11 	   77027 	   13 
  60711 	   79016 	   16 	   80380 	   15 
  59459 	   80477 	   28 	   89837 	   32 
  54601 	   89858 	   19 	   80224 	   11 
  55854 	   84027 	   14 	   86140 	   19 
  53255 	   88465 	   15 	   85579 	   13 
  55545 	   80551 	    9 	   82805 	   16 
  52973 	   84851 	   15 	   86438 	   14 
  54784 	   86090 	   24 	   89676 	   14 
  54399 	   87858 	   14 	   83629 	   10 
  52959 	   87616 	   15 	   87155 	   17 
  53329 	   82934 	   14 	   83592 	   12 
  54917 	   83855 	   12 	   90956 	   28 
  54279 	   94097 	   29 	   85771 	   24 
  53570 	   82889 	    9 	   84433 	   15 
  52088 	   87498 	   14 	   90195 	   14 
  52873 	   90729 	   16 	   88215 	   14 
  51427 	   87857 	   14 	   96554 	   76 
  52655 	   96909 	   65 	   92243 	   19 
  52145 	   92302 	   17 	   92118 	   14 
  51033 	   94830 	   20 	   90331 	   15 
  52523 	   87418 	   12 	   89992 	   12 
  56851 	   88392 	   20 	   96855 	   45 
  72147 	   78873 	   43 	   68416 	   13 
  76525 	   66586 	   21 	   77405 	   76 
  69749 	   82166 	   66 	   76788 	   21 
  67869 	   75502 	   19 	   75043 	   17 
  68213 	   71185 	   11 	   72959 	   10 
  62773 	   84897 	   27 	   84585 	   30 
  55275 	   89376 	   17 	   87422 	   18 
  52919 	   84541 	   13 	   82128 	   22 
  55729 	   84728 	   22 	   85907 	   15 
  55031 	   86284 	   16 	   87378 	   20 
  55302 	   82575 	   17 	   87311 	   12 
  56228 	   87411 	   35 	   82134 	   39 
  56602 	   84299 	   17 	   88602 	   22 
  56924 	   84927 	   18 	   80380 	   13 
  57075 	   82409 	   12 	   84927 	   22 
  57969 	   82990 	   17 	   81211 	   13 
  57716 	   84065 	   18 	   87457 	   34 
  57527 	   85506 	   30 	   88018 	   26 
  59900 	   83064 	   28 	   76492 	   13 
  59555 	   81692 	   20 	   82478 	   24 
  61257 	   85120 	   38 	   84702 	   35 
  58940 	   81224 	   18 	   79308 	   16 
  61085 	   76183 	   12 	   79770 	   17 
  61321 	   78263 	   21 	   76648 	   14 
  62034 	   79013 	   48 	   85031 	   45 
  73444 	   71949 	   46 	   68639 	   51 
  76970 	   63441 	   23 	   66265 	   22 
  76505 	   68075 	   53 	   65257 	   63 
  74428 	   62412 	   14 	   66247 	   19 
  71027 	   69609 	   22 	   65575 	   13 
  69794 	   72406 	   19 	   71634 	   23 
  68743 	   69213 	   17 	   70541 	   12 
  70724 	   72397 	   22 	   70729 	   15 
  69969 	   66836 	   12 	   71656 	   31 
  66644 	   76357 	   29 	   70884 	   22 
  65422 	   73390 	   20 	   74806 	   20 
  64376 	   77252 	   20 	   76018 	   15 
  62953 	   78708 	   16 	   76480 	   14 
  65572 	   72571 	   16 	   75726 	   17 
  63531 	   80053 	   34 	   84004 	   45 
  72370 	   68769 	   21 	   71171 	   31 
  68136 	   72978 	   30 	   68897 	   19 
  62647 	   77374 	   17 	   73278 	   16 
  62337 	   73188 	   14 	   76903 	   18 
  64956 	   73988 	   23 	   71345 	   12 
  63210 	   77027 	   27 	   76560 	   26 
  69538 	   71796 	   20 	   76766 	   22 
  72571 	   66692 	   14 	   74012 	   26 
  71045 	   73945 	   31 	   68708 	   30 
  67172 	   74255 	   28 	   71832 	   14 
  66152 	   73665 	   20 	   72669 	   23 
  65871 	   72423 	   15 	   85496 	   85 
  63928 	   84248 	   70 	   75826 	   16 
  63051 	   80553 	   19 	   78873 	   17 
  64904 	   74959 	   13 	   76737 	   14 
  65643 	   79408 	   20 	   77051 	   14 
  63267 	   81769 	   21 	   80051 	   19 
  62491 	   76047 	   14 	   82782 	   25 
  60166 	   84507 	   24 	   82176 	   26 
  55023 	   83313 	   13 	   88661 	   45 
  53753 	   89247 	   40 	   85581 	   12 
  54617 	   85851 	   14 	   83793 	   13 
  51471 	   87705 	   20 	   88092 	   27 
  55384 	   82137 	   23 	   85862 	   17 
  56896 	   82855 	   13 	   81094 	   12 
  55127 	   88602 	   27 	   88851 	   27 
  55785 	   83258 	   12 	   83644 	   12 
  52389 	   91385 	   24 	   87600 	   22 
  48498 	   89262 	   20 	   92011 	   15 
  49634 	   90657 	   17 	   95683 	   69 
  50905 	   94583 	   55 	   90109 	   14 
  51459 	   91799 	   17 	   90754 	   16 
  49910 	   90721 	   19 	   91463 	   19 
  55764 	   91049 	   25 	   87280 	   20 
  61186 	   76718 	   10 	   76453 	   11 
  65635 	   76968 	   54 	   82634 	   63 
  75542 	   64998 	   30 	   66517 	   29 
  77068 	   68175 	   51 	   67450 	   52 
  69140 	   75777 	   23 	   77581 	   26 
  66622 	   74309 	   18 	   74419 	   14 
  66287 	   75311 	   25 	   73414 	   30 
  66484 	   73690 	   17 	   75494 	   16 
  66649 	   75035 	   19 	   72980 	   17 
  66893 	   72477 	   12 	   78891 	   17 
  74010 	   71296 	   21 	   63935 	   16 
  74626 	   63848 	   13 	   63768 	   18 
  69945 	   74543 	   34 	   77674 	   34 
  66210 	   75719 	   32 	   73506 	   29 
  63607 	   76080 	   14 	   75489 	   17 
  63484 	   75629 	   16 	   78928 	   14 
  60169 	   82246 	   17 	   81167 	   17 
  58843 	   78108 	   12 	   81143 	   17 
  61027 	   78801 	   16 	   76445 	   13 
  57131 	   86462 	   29 	   87072 	   30 
  61496 	   76249 	   12 	   78382 	   28 
  64544 	   82059 	   34 	   80235 	   27 
  66535 	   73143 	   20 	   71362 	   12 
  62100 	   78542 	   20 	   80315 	   23 
  59428 	   80566 	   21 	   77296 	   12 
  60269 	   80214 	   52 	   80089 	   51 
  61037 	   73470 	   13 	   75526 	   13 
  62672 	   75044 	   14 	   74249 	   13 
  63496 	   75961 	   25 	   74904 	   27 
  62328 	   73254 	   14 	   73623 	   16 
  63004 	   72161 	   12 	   77547 	   26 
  61561 	   81082 	   27 	   77276 	   20 
  61859 	   77295 	   15 	   78160 	   16 
  59162 	   79208 	   20 	   76724 	   19 
  58318 	   78003 	   18 	   84538 	   14 
  57868 	   82000 	   14 	   81066 	   12 
  57086 	   84768 	   39 	   82074 	   34 
  56277 	   80828 	   15 	   80325 	   14 
  57102 	   78531 	   11 	   84982 	   22 
  58060 	   83220 	   24 	   79141 	   14 
  59187 	   80321 	   15 	   81485 	   22 
  56739 	   80908 	   22 	   83613 	   24 
  57410 	   84113 	   20 	   81239 	   11 
  56608 	   83852 	   13 	   84005 	   13 
  54908 	   87470 	   24 	   86547 	   19 
  56282 	   81993 	   15 	   88634 	   18 
  52955 	   94660 	   58 	   95238 	   78 
  64110 	   80014 	   58 	   79514 	   43 
  67714 	   74099 	   29 	   72314 	   15 
  65380 	   76417 	   45 	   73470 	   50 
  64695 	   72356 	   14 	   76688 	   18 
  64273 	   75050 	   16 	   72413 	   12 
  61013 	   79018 	   17 	   74158 	   13 
  60752 	   76483 	   11 	   79535 	   17 
  60129 	   79340 	   15 	   77595 	   15 
  58158 	   78565 	   11 	   84184 	   30 
  65428 	   76234 	   36 	   83543 	   31 
  65436 	   78102 	   32 	   75228 	   15 
  64025 	   74630 	   15 	   69477 	   15 
  60784 	   79701 	   21 	   77771 	   25 
  60418 	   78127 	   19 	   78769 	   15 
  59825 	   76250 	   14 	   76480 	   28 
  60501 	   79878 	   32 	   82139 	   20 
  59761 	   81063 	   15 	   78608 	   14 
  58095 	   78322 	   14 	   79406 	   20 
  56698 	   86440 	   26 	   86897 	   18 
  58749 	   81342 	   18 	   81370 	   17 
  54063 	   87800 	   29 	   88288 	   31 
  59115 	   82011 	   32 	   82919 	   30 
  60895 	   78304 	   14 	   86467 	   29 
  58956 	   87216 	   29 	   77102 	   26 
  57694 	   79414 	   13 	   85101 	   27 
  56905 	   85387 	   30 	   81762 	   13 
  52815 	   89433 	   93 	   83398 	  103 
  54480 	   83551 	   31 	   88966 	   10 
  56101 	   87649 	   17 	   81130 	   19 
  55111 	   81399 	   11 	   82797 	   19 
  55504 	   84432 	   22 	   86192 	   12 
  56910 	   84350 	   20 	   83134 	   22 
  55656 	   83868 	   36 	   80228 	   42 
  57355 	   79213 	   13 	   86918 	   21 
  59618 	   84280 	   21 	   79593 	   19 
  57187 	   81900 	   19 	   79936 	   20 
  58689 	   76337 	   11 	   77958 	   19 
  59009 	   79239 	   16 	   84980 	   45 
  59259 	   83654 	   40 	   75854 	   14 
  59839 	   79396 	   23 	   77109 	   18 
  59809 	   75301 	   11 	   79059 	   16 
  62535 	   79749 	   25 	   80444 	   17 
  59778 	   79234 	   19 	   77469 	   14 
  59995 	   77329 	   30 	   76540 	   35 
  61397 	   73233 	   13 	   74591 	   20 
  62502 	   73641 	   16 	   74786 	   13 
  62689 	   75695 	   20 	   72832 	   18 
  62617 	   72853 	   20 	   72023 	   15 
  63294 	   71521 	   67 	   72589 	   72 
  64412 	   70217 	   19 	   72614 	   19 
  66873 	   70778 	   20 	   69752 	   14 
  64966 	   72671 	   23 	   70234 	   21 
  65808 	   68677 	   20 	   69481 	   16 
  67968 	   67370 	   13 	   73026 	   37 
  71284 	   70624 	   37 	   69255 	   17 
  68262 	   72844 	   19 	   72258 	   16 
  70848 	   67106 	   19 	   68858 	   27 
  69361 	   71596 	   23 	   74847 	   17 
  71544 	   72053 	   20 	   68250 	   17 
  66755 	   72079 	   37 	   70182 	   43 
  67353 	   65122 	   13 	   63906 	   18 
  67990 	   66310 	   16 	   70544 	   22 
  67666 	   68217 	   19 	   77536 	   17 
  71889 	   65088 	   21 	   64559 	   11 
  75203 	   65327 	   32 	   67526 	   37 
  73402 	   65188 	   21 	   65611 	   19 
  72959 	   62755 	   13 	   64202 	   23 
  73261 	   65025 	   20 	   66201 	   13 
  76576 	   63186 	   23 	   63921 	   16 
  74344 	   69524 	   71 	   66216 	   81 
  72778 	   62058 	   13 	   60622 	   19 
  72909 	   62740 	   18 	   66765 	   18 
  75212 	   65949 	   21 	   65423 	   19 
  74606 	   64972 	   21 	   63361 	   14 
  72653 	   64222 	   31 	   61817 	   35 
  73946 	   58488 	   13 	   60456 	   19 
  74345 	   59809 	   16 	   71758 	   22 
  77435 	   60392 	   22 	   57746 	   11 
  76922 	   60079 	   20 	   63244 	   15 
  81903 	   58222 	   43 	   62125 	   42 
  82221 	   56327 	   16 	   55320 	   18 
  80232 	   57168 	   18 	   58763 	   13 
  80675 	   60812 	   16 	   59557 	   20 
  83612 	   57743 	   25 	   60520 	   21 
  81733 	   56140 	   17 	   58392 	   35 
  81920 	   60475 	   34 	   58799 	   13 
  78828 	   60244 	   20 	   58449 	   17 
  81413 	   57271 	   25 	   59200 	   21 
  81518 	   56433 	   15 	   59624 	   19 
  83155 	   57806 	   21 	   58943 	   15 
 100175 	   60090 	   58 	   73789 	   76 
 114053 	   35563 	   24 	   43653 	   23 
 101626 	   46361 	   21 	   57237 	   13 
  86925 	   50514 	   33 	   65172 	   13 
  85675 	   48491 	   21 	   52472 	   36 
  85544 	   49197 	   15 	   50090 	   18 
  84645 	   52427 	   18 	   51523 	   19 
  88557 	   49601 	   19 	   51974 	   17 
  84587 	   53094 	   41 	   54904 	   42 
  86811 	   47081 	   22 	   48062 	   14 
  85925 	   47843 	   14 	   47762 	   15 
  83744 	   53410 	   21 	   54192 	   20 
  83311 	   53782 	   17 	   54734 	   18 
  85913 	   53983 	   31 	   54684 	   30 
  89141 	   49315 	   20 	   48875 	   12 
  86816 	   49872 	   16 	   52968 	   19 
  86860 	   57250 	   22 	   54477 	   22 
  89453 	   55219 	   25 	   56424 	   20 
  86242 	   98934 	  122 	   53838 	   18 
  80203 	  105917 	   16 	  101709 	  168 
  89228 	   81782 	   80 	   58356 	   15 
  88564 	   55272 	   21 	   56502 	   18 
  88615 	   57740 	   53 	   56317 	   57 
  93367 	   44327 	   16 	   48188 	   21 
  94757 	   53015 	   37 	   58967 	   49 
 101928 	   45751 	   23 	   46037 	   17 
 101885 	   40492 	   14 	   42031 	   18 
 103868 	   41831 	   16 	   41490 	   13 
  98620 	   45534 	   21 	   41785 	   21 
 100903 	   42367 	   17 	   42869 	   14 
 101116 	   48347 	   23 	   46847 	   21 
  99906 	   43293 	   12 	   44740 	   15 
  93040 	   47643 	   14 	   43331 	   31 
  92324 	   61793 	   37 	   57571 	   37 
 100657 	   38475 	   16 	   41544 	   15 
 102509 	   43245 	   19 	   44011 	   19 
 105408 	   37891 	   12 	   37257 	   12 
 104503 	   40616 	   21 	   41547 	   20 
 105359 	   38278 	   16 	   37494 	   14 
 102386 	   41959 	   22 	   41015 	   21 
 101036 	   40575 	   14 	   40573 	   12 
 104310 	   41386 	   19 	   43741 	   16 
 102175 	   42076 	   16 	   39657 	   14 
  98092 	   49346 	   30 	   46296 	   26 
  95323 	   54407 	   36 	   55397 	   38 
  96493 	   44100 	   11 	   45548 	   13 
  96540 	   44927 	   16 	   46781 	   18 
 101388 	   41858 	   18 	   39707 	    9 
 103232 	   40040 	   18 	   41621 	   17 
 101744 	   40067 	   16 	   39704 	   10 
  99617 	   44295 	   22 	   43640 	   29 
  97947 	   41241 	   19 	   42849 	   13 
  93505 	   49699 	   15 	   49518 	   30 
  94123 	   65441 	   52 	   65930 	   56 
  98295 	   42136 	   15 	   44597 	   16 
  99008 	   46768 	   19 	   43889 	   17 
 100141 	   41299 	   13 	   40138 	   13 
 105208 	   36640 	   12 	   43807 	   20 
 101962 	   39387 	   22 	   37048 	   13 
 104282 	   45750 	   58 	   50688 	   61 
 104945 	   33782 	   19 	   42425 	   20 
 103742 	   39725 	   19 	   34050 	   10 
 105004 	   40371 	   24 	   39343 	   23 
 103978 	   36005 	   16 	   36228 	   14 
 101997 	   42016 	   12 	   36874 	   10 
 101540 	   44162 	   23 	   47445 	   24 
  97999 	   45655 	   14 	   40426 	   16 
 100471 	   36436 	   13 	   41208 	   20 
 101649 	   43094 	   20 	   45029 	   16 
 101289 	   37818 	   15 	   35728 	   12 
  96818 	   46459 	   23 	   48744 	   38 
 106460 	   45145 	   34 	   41975 	   20 
 106216 	   42472 	   32 	   47029 	   31 
 109171 	   28608 	   11 	   31676 	   12 
 102459 	   39757 	   10 	   34101 	   16 
  99652 	   37033 	   16 	   39454 	   17 
 107743 	   34049 	   21 	   35965 	   16 
 110094 	   34193 	   48 	   40212 	   49 
 107546 	   28899 	   14 	   27180 	   14 
 107130 	   27208 	   11 	   27687 	   18 
 110381 	   28655 	   19 	   28495 	   14 
 108503 	   32157 	   15 	   30192 	   13 
 107258 	   32117 	   33 	   31432 	   32 
 109983 	   27699 	   13 	   29495 	   14 
 108762 	   32559 	   18 	   30552 	   17 
 106628 	   33382 	   13 	   32716 	   14 
 109632 	   28394 	   15 	   32873 	   16 
 108609 	   35494 	   27 	   30872 	   27 
 112149 	   34664 	   30 	   46397 	   33 
 109556 	   32486 	   20 	   26394 	   11 
 105815 	   37021 	   19 	   29553 	   18 
 106709 	   36314 	   19 	   36392 	   19 
 110318 	   29672 	   16 	   34393 	   16 
 112347 	   30290 	   24 	   35949 	   25 
 113300 	   24244 	   13 	   24367 	   14 
 114365 	   28483 	   15 	   27849 	   17 
 111032 	   29862 	   16 	   30196 	   13 
 119475 	   29189 	   75 	   38053 	   82 
 117858 	   21589 	   13 	   19896 	   13 
 114795 	   34452 	   25 	   32536 	   24 
 114938 	   28246 	   14 	   28674 	   12 
 116707 	   24762 	   13 	   25870 	   13 
 112221 	   33084 	   25 	   29064 	   23 
 108375 	   42081 	   37 	   38393 	   36 
 100713 	   40681 	   21 	   33877 	   21 
  94845 	   48527 	   80 	   40911 	   86 
  90765 	   53745 	   35 	   45307 	   40 
  89564 	   52653 	   15 	   48106 	   11 
  85893 	   64123 	   62 	   64381 	   67 
  94512 	   44252 	   16 	   50460 	   14 
  94802 	   46862 	   15 	   45208 	   13 
  93773 	   45043 	   21 	   51480 	   27 
  96184 	   45735 	   23 	   46064 	   16 
 100309 	   36345 	   13 	   37341 	   11 
 100416 	   42368 	   17 	   42547 	   21 
  95665 	   49789 	   22 	   49457 	   24 
 100427 	   42873 	   18 	   43978 	   16 
  99690 	   42421 	   31 	   44247 	   34 
  99840 	   42465 	   21 	   41673 	   23 
 100582 	   40912 	   13 	   40287 	   12 
 100230 	   39312 	   12 	   39773 	   13 
 100325 	   43508 	   25 	   42437 	   21 
  98712 	   39708 	   15 	   41165 	   15 
  88838 	   61768 	   29 	   52224 	   28 
  89685 	   47438 	   11 	   47901 	   17 
  78485 	   61249 	   15 	   68405 	   45 
  86226 	   63732 	   41 	   63909 	   23 
  93415 	   52417 	   28 	   54963 	   20 
  95319 	   43173 	   18 	   45034 	   13 
  97090 	   45023 	   15 	   44803 	   17 
  90830 	   46175 	   14 	   48201 	   27 
  99311 	   39636 	   32 	   41924 	   12 
 101469 	   41682 	   15 	   41481 	   14 
  98979 	   41911 	   19 	   42027 	   25 
  98208 	   44138 	   21 	   43108 	   22 
  99903 	   39308 	   16 	   41008 	   18 
  99503 	   37439 	   10 	   39666 	   10 
 103383 	   39959 	   22 	   39994 	   17 
 111325 	   31450 	   19 	   40468 	   20 
 104392 	   41384 	   21 	   30989 	   18 
  99122 	   38274 	   12 	   39696 	   15 
 104611 	   35864 	   17 	   40919 	   17 
 108342 	   40536 	   37 	   38893 	   41 
 104210 	   36055 	   19 	   31651 	   45 
  97116 	   44247 	   43 	   36750 	   14 
  93087 	   51789 	   18 	   48996 	   15 
  85622 	   54016 	   29 	   55724 	   38 
  98133 	   46269 	   30 	   47625 	   16 
  94379 	   46750 	   15 	   46832 	   22 
  94089 	   42076 	   14 	   43224 	   13 
  95808 	   42970 	   14 	   42044 	   14 
 100648 	   43567 	   26 	   54133 	   30 
  98598 	   43414 	   22 	   37079 	   14 
 104127 	   36908 	   10 	   39987 	   15 
 103260 	   33685 	   16 	   40484 	   77 
 114247 	   30411 	   63 	   29052 	   20 
 111704 	   33517 	   20 	   30304 	   18 
 110808 	   28569 	   12 	   29126 	    8 
 111014 	   31314 	   20 	   31103 	   20 
 113430 	   32936 	   21 	   32339 	   19 
 110956 	   27294 	   13 	   28428 	   14 
 112940 	   30838 	   26 	   31615 	   28 
 116266 	   25820 	   41 	   26364 	   43 
 117648 	   18722 	   14 	   19936 	   16 
 117485 	   21945 	   21 	   21055 	   18 
 115849 	   27483 	   21 	   26021 	   19 
 115836 	   19017 	   14 	   20127 	   14 
 115783 	   24185 	   22 	   22149 	   18 
 117112 	   27573 	   28 	   26768 	   29 
 116521 	   21756 	   13 	   22333 	   12 
 118728 	   28798 	   26 	   30043 	   25 
 119061 	   18394 	   13 	   18849 	   14 
 119517 	   19313 	   18 	   20381 	   17 
 120849 	   24429 	   46 	   25356 	   52 
 119862 	   24064 	   19 	   22649 	   18 
 120524 	   23156 	   15 	   23339 	   13 
 113998 	   34936 	   26 	   29986 	   23 
 111360 	   28433 	   11 	   27782 	   12 
 108918 	   35064 	   55 	   32239 	   58 
 105474 	   34652 	   31 	   34367 	   27 
 100839 	   44009 	   53 	   44372 	   58 
 108792 	   35886 	   24 	   37113 	   24 
 109945 	   28002 	   10 	   28862 	   12 
 109739 	   34202 	   21 	   32416 	   23 
 108706 	   30792 	   20 	   31494 	   22 
 108102 	   32581 	   13 	   33442 	   16 
 110001 	   29285 	   13 	   29951 	   11 
 108503 	   35414 	   22 	   32271 	   21 
 107407 	   31535 	   11 	   34049 	   16 
 105236 	   39667 	   31 	   36900 	   35 
 104727 	   37171 	   27 	   39668 	   26 
 110337 	   29856 	   16 	   29813 	   15 
 111888 	   27587 	   16 	   28806 	   16 
 110522 	   31165 	   16 	   30372 	   17 
 111963 	   28010 	   15 	   27345 	   17 
 112506 	   26541 	   18 	   27109 	   18 
 111474 	   29574 	   22 	   29276 	   28 
 108524 	   29468 	   12 	   30025 	   30 
 105543 	   39263 	   36 	   37999 	   32 
 105214 	   34231 	   17 	   32385 	   13 
 104267 	   35978 	   17 	   38762 	   22 
 107409 	   33226 	   19 	   30927 	   11 
 108087 	   32890 	   44 	   35023 	   46 
 109996 	   24116 	   12 	   22807 	   13 
 112307 	   26068 	   21 	   26821 	   21 
 110861 	   29279 	   22 	   28636 	   19 
 110797 	   25897 	   19 	   26543 	   18 
 110773 	   24679 	   12 	   24012 	   13 
 110519 	   32795 	   26 	   30839 	   28 
 111068 	   28412 	   17 	   28931 	   19 
 111323 	   30177 	   22 	   32628 	   23 
 111905 	   25143 	   12 	   23020 	   12 
 112422 	   26251 	   16 	   27263 	   14 
 112218 	   28452 	   36 	   29212 	   33 
 112802 	   26267 	   23 	   24610 	   17 
 113890 	   22115 	   13 	   25647 	   16 
 113937 	   30593 	   26 	   26959 	   20 
 113524 	   26362 	   19 	   26644 	   22 
 113871 	   23455 	   17 	   24875 	   16 
 112482 	   27818 	   26 	   25911 	   27 
 113488 	   27167 	   17 	   27963 	   19 
 112861 	   32032 	   22 	   29029 	   21 
 113858 	   23911 	   12 	   25354 	   18 
 108435 	   39290 	   58 	   35032 	   59 
 109815 	   31622 	   55 	   32954 	   64 
 110855 	   30141 	   27 	   33650 	   27 
 110768 	   33524 	   60 	   33522 	   56 
 110645 	   26118 	   13 	   26269 	   13 
 110586 	   30302 	   17 	   30524 	   16 
 109771 	   31494 	   17 	   31001 	   14 
 111908 	   25051 	   15 	   25010 	   15 
 110490 	   28803 	   20 	   28880 	   17 
 109923 	   30442 	   24 	   28488 	   28 
 109270 	   30949 	   31 	   29804 	   28 
 108749 	   33981 	   29 	   37014 	   30 
 107596 	   30782 	   14 	   32042 	   13 
 106929 	   33758 	   19 	   32461 	   22 
 107586 	   32244 	   18 	   29865 	   13 
 109359 	   29616 	   28 	   30349 	   29 
 114039 	   22849 	   13 	   23906 	   16 
 112207 	   27174 	   16 	   25555 	   16 
 111585 	   29615 	   17 	   28343 	   17 
 111834 	   27142 	   18 	   28332 	   16 
 111351 	   31127 	   19 	   30521 	   17 
 110128 	   35763 	   30 	   33337 	   28 
 111429 	   27331 	   30 	   29151 	   30 
 111970 	   27196 	   14 	   29017 	   18 
 113248 	   32248 	   30 	   30830 	   33 
 111906 	   26624 	   15 	   24992 	   13 
 112300 	   29408 	   24 	   30770 	   25 
 110415 	   33910 	   87 	   36877 	  110 
 110286 	   29138 	   45 	   25137 	   14 
 108583 	   32260 	   18 	   31716 	   15 
 107627 	   31765 	   20 	   32029 	   19 
 110578 	   26688 	   12 	   29154 	   12 
 106982 	   33785 	   14 	   31114 	   11 
 104617 	   37193 	   26 	   38158 	   27 
 104526 	   31731 	   15 	   28492 	   19 
 108263 	   34815 	   23 	   37481 	   24 
 105605 	   33936 	   24 	   33746 	   25 
 107638 	   27468 	   13 	   30198 	   12 
 107183 	   30180 	   16 	   31058 	   14 
 102667 	   40013 	   47 	   36617 	   49 
 104561 	   35317 	   21 	   33895 	   22 
 103864 	   31157 	    9 	   32292 	   11 
 104749 	   37185 	   22 	   36768 	   22 
 104124 	   35204 	   13 	   34627 	   14 
 102398 	   36580 	   28 	   38639 	   26 
 104326 	   30198 	   14 	   31338 	   15 
 101608 	   34603 	   14 	   34904 	   15 
  99683 	   38682 	   22 	   37150 	   23 
 102081 	   33562 	   16 	   32589 	   14 
  98333 	   37364 	   55 	   36603 	   55 
  94162 	   47230 	   24 	   42208 	   27 
 103742 	   37266 	   16 	   41941 	   13 
 100516 	   38156 	   21 	   37323 	   26 
 104058 	   32094 	   13 	   32990 	   14 
 102927 	   33710 	   13 	   35249 	   14 
  95645 	   48128 	   20 	   40318 	   29 
  95313 	   43708 	   17 	   41718 	   15 
  98591 	   44555 	   18 	   56334 	   31 
  91589 	   55276 	   29 	   44468 	   22 
  97155 	   41201 	   13 	   49343 	   14 
  96979 	   45068 	   51 	   40559 	   46 
 101112 	   31297 	   14 	   33323 	   19 
 101318 	   32778 	   15 	   31797 	   12 
  94242 	   41922 	   25 	   41298 	   24 
  99423 	   36717 	   13 	   34602 	   14 
  96363 	   47021 	   32 	   46151 	   29 
  96643 	   42164 	   15 	   40674 	   12 
  97116 	   40816 	   18 	   43879 	   15 
  95253 	   47551 	   29 	   45307 	   27 
  98364 	   42994 	   16 	   44479 	   17 
  97484 	   47195 	   85 	   47077 	   98 
  97211 	   38877 	   19 	   38026 	   14 
  96283 	   40264 	   15 	   40069 	   13 
  94653 	   48140 	   25 	   44120 	   21 
  97123 	   40054 	   13 	   41760 	   15 
  95075 	   39871 	   13 	   40527 	   27 
  96872 	   39322 	   22 	   39552 	   11 
  94597 	   39502 	   11 	   39556 	   14 
  91947 	   44662 	   22 	   42596 	   22 
  94018 	   41929 	   14 	   41603 	   14 
  92245 	   45557 	   45 	   45348 	   46 
  98039 	   40948 	   20 	   42464 	   20 
  96218 	   42516 	   16 	   43159 	   15 
  95140 	   45616 	   16 	   43076 	   18 
  99407 	   39708 	   22 	   44222 	   22 
 101379 	   41019 	   18 	   39013 	   19 
  94553 	   45515 	   27 	   47222 	   31 
  97358 	   39321 	   15 	   36325 	   17 
  95786 	   40471 	   26 	   39611 	   23 
  97745 	   37923 	   14 	   39175 	   14 
  99091 	   41294 	   17 	   42791 	   17 
  91049 	   49394 	   48 	   44639 	   48 
  84319 	   59557 	   16 	   56942 	   13 
  75424 	   67036 	   26 	   64259 	   24 
  77456 	   59902 	   18 	   58653 	   12 
  76827 	   60109 	   29 	   58387 	   30 
  78075 	   59463 	   21 	   56572 	   15 
  78353 	   57259 	   17 	   59485 	   30 
  77120 	   60951 	   27 	   59082 	   13 
  79308 	   59042 	   15 	   58995 	   18 
  76389 	   61982 	   47 	   58066 	   49 
  75910 	   58646 	   18 	   57007 	   16 
  76762 	   57699 	   13 	   61113 	   25 
  77287 	   61239 	   29 	   58799 	   19 
  79817 	   61721 	   16 	   60972 	   14 
  78490 	   61607 	   31 	   64262 	   31 
  79354 	   64057 	   20 	   61384 	   19 
  80655 	   60314 	   15 	   67548 	   26 
  83459 	   65115 	   32 	   64203 	   16 
  82041 	   64767 	   18 	   63647 	   16 
 104841 	   83612 	  117 	  128428 	  121 
 108304 	   76386 	   69 	   47325 	   68 
 106230 	   36947 	   25 	   37924 	   24 
 106173 	   32062 	   12 	   33756 	   14 
 105289 	   38012 	   17 	   36754 	   14 
 106412 	   34440 	   15 	   35072 	   14 
 106028 	   32432 	   10 	   32357 	   11 
 104689 	   40852 	   22 	   35310 	   22 
 105625 	   41016 	   35 	   38808 	   35 
 106369 	   50010 	   59 	   52762 	   59 
 108263 	   32796 	   17 	   31246 	   14 
 108230 	   30833 	   13 	   31724 	   11 
 107572 	   35826 	   14 	   35068 	   14 
 108909 	   32286 	   14 	   32410 	   13 
 109161 	   36242 	   24 	   36855 	   24 
 107502 	   31967 	   12 	   37439 	   22 
 108260 	   38263 	   22 	   38120 	   17 
 105260 	   34516 	   14 	   35339 	   10 
 105557 	   37579 	   12 	   38503 	   15 
 107533 	   32142 	   13 	   30565 	   16 
 107209 	   39885 	   25 	   37605 	   25 
 103894 	   34160 	   11 	   37238 	   13 
 101679 	   43874 	   21 	   41664 	   17 
 104309 	   37908 	   20 	   38269 	   21 
 101561 	   42264 	   13 	   41661 	   16 
 101370 	   44207 	   13 	   44582 	   16 
 104937 	   34441 	   14 	   39528 	   60 
 104195 	   46847 	   57 	   42961 	   18 
 102029 	   40180 	   15 	   40238 	   11 
  97827 	   41278 	   13 	   41093 	   13 
 101522 	   41058 	   30 	   42864 	   23 
  95267 	   48353 	   34 	   48044 	   29 
  95053 	   46065 	   14 	   45573 	   12 
  94173 	   49943 	   24 	   54509 	   39 
  94278 	   50441 	   36 	   46322 	   16 
  92220 	   50196 	   17 	   48183 	   16 
  94283 	   44679 	   12 	   47690 	   13 
  91887 	   52511 	   23 	   51613 	   21 
  92341 	   52579 	   24 	   51902 	   19 
  94207 	   45316 	   11 	   46537 	   10 
  90421 	   54495 	   27 	   56611 	   26 
  92426 	   53922 	   32 	   53916 	   28 
  92953 	   50506 	   22 	   51909 	   21 
  93009 	   51340 	   18 	   47050 	   16 
  92203 	   51449 	   20 	   51542 	   19 
  91977 	   54540 	   44 	   50993 	   42 
  97626 	   43786 	   15 	   45537 	   17 
 103202 	   40738 	   16 	   44294 	   35 
 104772 	   43798 	   37 	   38834 	   15 
  97333 	   43854 	   17 	   43193 	   19 
  98788 	   39629 	   12 	   40416 	   11 
  99156 	   52144 	   24 	   51176 	   25 
  95885 	   48272 	   18 	   48312 	   16 
  92654 	   46950 	   11 	   47857 	   11 
  95022 	   50111 	   22 	   46484 	   21 
 100535 	   40103 	   18 	   39607 	   19 
 102157 	   37144 	   14 	   39306 	   14 
 101187 	   42461 	   14 	   41666 	   17 
 101693 	   51894 	   34 	   44246 	   35 
 115458 	   36259 	  106 	   36458 	  115 
 117486 	   26125 	   29 	   24935 	   32 
 119203 	   23144 	   23 	   24446 	   19 
 118076 	   26293 	   19 	   28240 	   17 
 116437 	   22462 	   20 	   24243 	   20 
 116197 	   23649 	   19 	   21723 	   11 
 113746 	   34460 	   31 	   33418 	   30 
 113248 	   27934 	   13 	   29659 	   12 
 116847 	   28884 	   14 	   30776 	   17 
 117392 	   23098 	   13 	   24851 	   16 
 116317 	   28852 	   19 	   26971 	   15 
 114126 	   30715 	   21 	   31205 	   19 
 114766 	   27442 	   14 	   29062 	   13 
 111637 	   42732 	   52 	   42389 	   50 
 115166 	   22765 	   16 	   22072 	   14 
 113660 	   27096 	   17 	   27065 	   14 
 112924 	   30132 	   26 	   29835 	   26 
 111935 	   25631 	   15 	   24435 	   16 
 115310 	   22566 	   18 	   22779 	   16 
 112522 	   45821 	   32 	   46213 	   31 
 109978 	   31899 	   12 	   30972 	   14 
 111319 	   31324 	   30 	   33780 	   29 
 111122 	   29627 	   16 	   28478 	   14 
 110095 	   30001 	   22 	   30314 	   19 
 111260 	   27332 	   21 	   29481 	   20 
 111154 	   35168 	   51 	   36893 	   50 
 102605 	   49446 	   41 	   51547 	   37 
  96032 	   44819 	   11 	   48106 	   13 
  99369 	   44667 	   15 	   43495 	   15 
  92996 	   49828 	   14 	   49877 	   12 
  95159 	   55255 	   20 	   53801 	   19 
  98316 	   44582 	   15 	   46856 	   12 
  92380 	   50818 	   18 	   48200 	   14 
  96718 	   49115 	   24 	   50785 	   24 
  96573 	   46000 	   15 	   48115 	   18 
  98734 	   52258 	   24 	   46327 	   21 
 102414 	   37143 	   15 	   39623 	   15 
 100637 	   41806 	   15 	   38498 	    7 
 101677 	   47103 	   29 	   45893 	   29 
 106196 	   47997 	   45 	   48314 	   44 
 100367 	   41817 	   13 	   40996 	   12 
 106021 	   40083 	   25 	   40306 	   25 
  99971 	   39980 	   14 	   45066 	   28 
 100596 	   46332 	   29 	   44362 	   20 
  91222 	   49427 	   14 	   46528 	   16 
  97384 	   47505 	   30 	   47339 	   28 
  94377 	   44151 	   16 	   46014 	   22 
  93908 	   45390 	   22 	   43098 	   14 
  99743 	   47387 	   25 	   49414 	   29 
 104667 	   38430 	   21 	   35128 	   20 
 101786 	   39927 	   14 	   40554 	   14 
 103355 	   49251 	   41 	   41975 	   43 
 112981 	   28744 	   17 	   26626 	   16 
 117138 	   24330 	   28 	   27076 	   29 
 119348 	   22692 	   15 	   22279 	   19 
 116140 	   31183 	   26 	   29324 	   22 
 117306 	   26550 	   22 	   27171 	   21 
 116444 	   27746 	   95 	   24881 	  101 
 118944 	   22612 	   22 	   21994 	   21 
 118587 	   21254 	   18 	   23866 	   18 
 119038 	   20976 	   22 	   20020 	   30 
 121399 	   25057 	   19 	   24735 	   20 
 120455 	   25661 	   36 	   25705 	   35 
 119665 	   20964 	   18 	   21939 	   18 
 121064 	   20553 	   29 	   19180 	   28 
 121391 	   21338 	   26 	   20410 	   24 
 120822 	   15594 	   15 	   16472 	   14 
 121351 	   21034 	   24 	   22788 	   23 
 122095 	   16615 	   21 	   16809 	   20 
 123596 	   20335 	   46 	   19361 	   52 
 123110 	   19052 	   19 	   19294 	   20 
 123501 	   22063 	   26 	   21084 	   20 
 123382 	   19530 	   22 	   20065 	   21 
 125573 	   19514 	   26 	   22459 	   21 
 124163 	   25533 	   39 	   23363 	   35 
 122243 	   17968 	   15 	   18416 	   13 
 120739 	   29128 	   24 	   26021 	   25 
 119676 	   31058 	   25 	   31497 	   25 
 119708 	   20332 	   15 	   21906 	   24 
 120033 	   20058 	   22 	   20183 	   13 
 122414 	   22179 	   22 	   24053 	   20 
 120916 	   25270 	   68 	   29256 	   64 
 116042 	   27704 	   24 	   29452 	   28 
 114894 	   27627 	   12 	   26188 	   12 
 108835 	   35311 	   34 	   36662 	   34 
 105167 	   34055 	   22 	   35982 	   18 
 105086 	   46621 	   29 	   46035 	   29 
 107399 	   35301 	   19 	   35303 	   20 
 107080 	   33711 	   15 	   37463 	   17 
 107688 	   43146 	   27 	   38424 	   21 
 108875 	   29807 	   11 	   31111 	   17 
 111877 	   32608 	   22 	   28485 	   27 
 117340 	   30699 	   54 	   30500 	   53 
 118878 	   22564 	   14 	   22326 	   16 
 117733 	   33385 	   27 	   32161 	   28 
 117626 	   28113 	   20 	   29861 	   20 
 116332 	   28124 	   17 	   27265 	   15 
 117074 	   33083 	   35 	   33380 	   32 
 112017 	   30233 	   17 	   29954 	   18 
 114394 	   30562 	   28 	   30343 	   22 
 118001 	   30199 	   24 	   31394 	   24 
 116337 	   29236 	   18 	   30397 	   18 
 115070 	   35987 	   28 	   30115 	   30 
 115661 	   25225 	   15 	   26961 	   12 
 120488 	   26901 	   24 	   28604 	   23 
 118800 	   31454 	   41 	   30765 	   43 
 116004 	   27265 	   21 	   25914 	   20 
 117871 	   27648 	   21 	   29381 	   20 
 119310 	   22370 	   18 	   21242 	   19 
 119513 	   23949 	   24 	   23242 	   23 
 119121 	   27915 	   37 	   24156 	   41 
 121536 	   25752 	   23 	   27116 	   22 
 119398 	   29383 	   23 	   31472 	   21 
 118251 	   24262 	   16 	   26305 	   17 
 117882 	   40596 	  147 	   49690 	  161 
 113038 	   30408 	   21 	   29666 	   24 
 111021 	   36452 	   49 	   39558 	   52 
 107828 	   31548 	   15 	   35131 	   16 
 104688 	   42001 	   41 	   42500 	   45 
  99691 	   45911 	   19 	   49124 	   20 
  98495 	   43270 	   15 	   41742 	   14 
  99367 	   42361 	   20 	   45359 	   21 
  97003 	   46576 	   21 	   45497 	   21 
  98703 	   44292 	   16 	   45759 	   14 
  98468 	   50457 	   31 	   48685 	   28 
  97251 	   46634 	   13 	   44427 	   13 
  97834 	   41615 	   13 	   40054 	   13 
 100318 	   48361 	   26 	   43699 	   32 
 106449 	   35280 	   14 	   35610 	   12 
 107254 	   37832 	   29 	   37272 	   25 
 107335 	   35771 	   15 	   35721 	   16 
 108430 	   36738 	   20 	   34590 	   19 
 110596 	   44316 	   46 	   38965 	   47 
 109073 	   30476 	   14 	   36521 	   17 
 105127 	   37433 	   13 	   39254 	   16 
 106426 	   35460 	   12 	   36071 	   12 
 104947 	   43307 	   25 	   41864 	   25 
 104182 	   36222 	   17 	   36381 	   15 
 106003 	   41507 	   26 	   35554 	   13 
 103145 	   37045 	   11 	   42886 	   23 
 102420 	   41445 	   12 	   40485 	   14 
 101456 	   37409 	   12 	   38379 	   15 
  99500 	   47749 	   24 	   48185 	   21 
 100761 	   38383 	   14 	   41826 	   21 
  97763 	   46450 	   23 	   41801 	   12 
 101458 	   40009 	   25 	   42164 	   29 
 102691 	   38622 	   18 	   39025 	   11 
 100783 	   58499 	   46 	   57941 	   54 
 100280 	   39573 	   16 	   43367 	   16 
 100516 	   45574 	   15 	   43138 	   14 
  99813 	   41270 	   14 	   44300 	   13 
  97006 	   44813 	   15 	   44058 	   16 
  98134 	   44351 	   21 	   45264 	   22 
  97703 	   51585 	   54 	   61970 	   59 
  93194 	   46284 	   16 	   45442 	   11 
  92452 	   46564 	   17 	   45767 	   19 
  96046 	   54822 	   23 	   56102 	   25 
  94282 	   45779 	   12 	   45207 	   12 
  93257 	   50732 	   16 	   45276 	   13 
  97811 	   46960 	   22 	   49309 	   22 
  96674 	   45551 	   16 	   39412 	   12 
  98589 	   37790 	   14 	   42060 	   17 
  97161 	   47726 	   23 	   45306 	   24 
  96518 	   43027 	   15 	   48047 	   15 
  95020 	   48580 	   21 	   45194 	   23 
  95615 	   56703 	   37 	   59194 	   41 
  93411 	   53287 	   29 	   45274 	   14 
  89944 	   49799 	   16 	   61560 	   29 
  89787 	   52013 	   13 	   51803 	   14 
  90399 	   46365 	   17 	   45813 	   15 
  92076 	   50171 	   22 	   54914 	   20 
  88705 	   55264 	   48 	   60158 	   46 
  86411 	   49862 	   16 	   47314 	   14 
  86325 	   47712 	   13 	   49403 	   19 
  86923 	   52075 	   25 	   49955 	   25 
  88859 	   51436 	   17 	   54534 	   18 
  87239 	   51349 	   30 	   46177 	   14 
  88694 	   48586 	   14 	   47837 	   33 
  92291 	   50930 	   20 	   52413 	   17 
  89628 	   50052 	   24 	   49864 	   25 
  88675 	   49288 	   15 	   49895 	   12 
  93226 	   50293 	   23 	   50087 	   22 
  88481 	   57092 	   30 	   52314 	   36 
  89491 	   54184 	   21 	   63701 	   23 
  84760 	   58091 	   19 	   52552 	   19 
  88131 	   54599 	   18 	   55118 	   20 
  87370 	   52589 	   16 	   57087 	   17 
  84615 	   58267 	   26 	   54831 	   12 
  83726 	   53813 	   14 	   59472 	   23 
  84391 	   57641 	   16 	   57443 	   18 
  84063 	   56886 	   19 	   53630 	   13 
  83438 	   62933 	   70 	   60766 	   16 
  77549 	   61662 	   16 	   73961 	   63 
  81109 	   66895 	   25 	   63331 	   27 
  83052 	   60335 	   15 	   57934 	   15 
  79572 	   61725 	   12 	   64958 	   14 
  79651 	   64837 	   19 	   64071 	   20 
  83664 	   67413 	   37 	   60862 	   40 
  89237 	   50915 	   19 	   50541 	   21 
  91372 	   53104 	   84 	   41150 	   88 
  99184 	   45528 	   39 	   36274 	   39 
 104462 	   37971 	   18 	   31584 	   17 
 108850 	   39891 	   70 	   40464 	   72 
 105586 	   33149 	   19 	   38804 	   18 
 102071 	   40518 	   17 	   38141 	   17 
 103872 	   33861 	   18 	   37959 	   13 
  98839 	   42692 	   22 	   46562 	   28 
  94967 	   41458 	   13 	   45089 	   15 
  93671 	   49594 	   20 	   51235 	   18 
  93975 	   51185 	   23 	   44320 	   21 
 100286 	   43091 	   18 	   49817 	   24 
  95190 	   46115 	   25 	   45913 	   14 
  95307 	   47134 	   29 	   42947 	   21 
  99674 	   41670 	   13 	   45633 	   30 
  95003 	   44537 	   11 	   44819 	   12 
  93945 	   50842 	   13 	   48582 	   14 
  96983 	   40825 	    9 	   46701 	   14 
  93608 	   57036 	   29 	   43781 	   31 
 103429 	   33606 	   10 	   36887 	   11 
 103431 	   36176 	   15 	   31912 	   15 
 107014 	   44037 	   40 	   44198 	   43 
 105460 	   40912 	   28 	   52912 	   26 
  95902 	   42962 	   16 	   41960 	   15 
  95896 	   46141 	   17 	   48897 	   13 
  94545 	   42290 	   15 	   44526 	   16 
  95294 	   43837 	   31 	   42946 	   30 
  95313 	   47877 	   19 	   51466 	   15 
  91225 	   49361 	   21 	   48106 	   13 
  92305 	   50483 	   24 	   50034 	   27 
  94540 	   44475 	   15 	   43518 	   15 
  92272 	   44216 	   12 	   47158 	   12 
  93376 	   50333 	   20 	   53609 	   18 
  89854 	   52907 	   17 	   56069 	   16 
  86335 	   59805 	   21 	   54679 	   18 
  90681 	   47270 	   13 	   46828 	   19 
  88705 	   52512 	   19 	   52424 	   17 
  90312 	   58212 	   36 	   60554 	   17 
  81998 	   58480 	   18 	   56245 	   37 
  88985 	   52449 	   37 	   48391 	   43 
  93875 	   52710 	   17 	   41366 	   16 
 102790 	   36461 	   20 	   36812 	   12 
 101506 	   43208 	   40 	   45286 	   48 
  96848 	   44555 	   14 	   49018 	   22 
  94946 	   41585 	   13 	   46056 	   15 
  93058 	   45548 	   13 	   42225 	   13 
  94454 	   49445 	   26 	   53276 	   27 
  90435 	   51447 	   20 	   52158 	   15 
  87627 	   52436 	   12 	   55359 	   17 
  83844 	   54194 	   15 	   55007 	   13 
  84946 	   57016 	   43 	   61445 	   47 
  84185 	   61210 	   19 	   56318 	   18 
  85947 	   51822 	   14 	   54895 	   13 
  84400 	   56951 	   18 	   56383 	   22 
  85491 	   60761 	   16 	   56440 	   17 
  85574 	   52724 	   12 	   57239 	   14 
  85426 	   55403 	   32 	   55547 	   32 
  86749 	   53489 	   18 	   51305 	   17 
  87543 	   50649 	   25 	   49857 	   12 
  85668 	   52440 	   16 	   52447 	   23 
  87056 	   55588 	   20 	   55217 	   16 
  86634 	   56310 	   32 	   49515 	   11 
  84952 	   54682 	   20 	   61852 	   33 
  84197 	   59206 	   32 	   60705 	   38 
  80781 	   57857 	   12 	   59966 	   11 
  79892 	   60037 	   21 	   59330 	   18 
  79273 	   62196 	   18 	   56993 	   14 
  78637 	   59107 	   22 	   64250 	   23 
  76859 	   72078 	   59 	   71590 	   63 
  79486 	   65576 	   25 	   63620 	   24 
  82132 	   57841 	   14 	   58652 	   16 
  80163 	   63005 	   17 	   58757 	   16 
  83820 	   55430 	   12 	   59276 	   14 
  86402 	   61082 	   42 	   56666 	   47 
  88954 	   51030 	   23 	   48620 	   15 
  93051 	   50196 	   54 	   51613 	   57 
  93242 	   43101 	   18 	   41331 	   12 
  93238 	   40676 	   13 	   42858 	   20 
  93179 	   44819 	   26 	   44158 	   19 
  95372 	   45910 	   23 	   44313 	   17 
  94908 	   43592 	   32 	   42757 	   13 
  94112 	   40904 	   13 	   42476 	   32 
  95316 	   43298 	   21 	   43691 	   22 
  94398 	   45188 	   21 	   43869 	   23 
  95253 	   40264 	   10 	   41272 	   12 
  96577 	   46925 	   19 	   43119 	   16 
  96407 	   47242 	   35 	   47446 	   34 
  93961 	   41523 	   15 	   44474 	   17 
  95560 	   43629 	   21 	   43639 	   20 
  94625 	   45244 	   19 	   45705 	   21 
  95142 	   43366 	   17 	   42573 	   19 
  94226 	   47436 	   24 	   44815 	   12 
  92982 	   43866 	   12 	   46979 	   26 
  93988 	   47199 	   19 	   44749 	   18 
  92816 	   46359 	   17 	   46496 	   14 
  91121 	   47402 	   20 	   45167 	   17 
  93145 	   55382 	   63 	   52493 	   70 
  98385 	   45650 	   44 	   45413 	   41 
  98033 	   40471 	   16 	   45913 	   19 
  94578 	   52150 	   61 	   50239 	   66 
  90081 	   56266 	   23 	   56967 	   18 
  85382 	   54121 	   14 	   59246 	   16 
  86568 	   57524 	   27 	   52058 	   19 
  86432 	   56605 	   25 	   57730 	   22 
  88786 	   52236 	   13 	   55904 	   28 
  86600 	   52757 	   13 	   51198 	   14 
  82817 	   60860 	   15 	   57896 	   12 
  88667 	   50957 	   14 	   52791 	   13 
  84606 	   62282 	   28 	   56872 	   23 
  93175 	   48546 	   16 	   50986 	   16 
  93529 	   51290 	   14 	   49006 	   17 
  94518 	   45370 	   15 	   45494 	   14 
  92362 	   50937 	   18 	   52786 	   24 
  93270 	   46490 	   20 	   44476 	   19 
  89674 	   58532 	   27 	   59441 	   32 
  93310 	   48905 	   21 	   44759 	   10 
  93580 	   54198 	   37 	   53843 	   43 
  91598 	   53222 	   30 	   54444 	   22 
  86762 	   51889 	   14 	   60136 	   33 
  83906 	   61714 	   20 	   58381 	   16 
  83495 	   56812 	   15 	   59128 	   16 
  86309 	   56768 	   53 	   55615 	   16 
  83891 	   52752 	   14 	   58874 	   59 
  83597 	   59683 	   17 	   56705 	   18 
  87243 	   51281 	   18 	   52585 	   13 
  84449 	   58496 	   18 	   55677 	   22 
  87266 	   53418 	   19 	   55390 	   21 
  84909 	   55545 	   25 	   55337 	   10 
  81606 	   58117 	   22 	   55481 	   36 
  85622 	   57214 	   29 	   55645 	   24 
  86383 	   52520 	   15 	   54348 	   15 
  85727 	   57488 	   20 	   53520 	   19 
  86043 	   51982 	   14 	   55228 	   18 
  84518 	   58265 	   18 	   55626 	   19 
  88505 	   57669 	   32 	   55177 	   20 
  85993 	   54310 	   17 	   56966 	   32 
  86210 	   53945 	   11 	   57473 	   23 
  83488 	   61025 	   36 	   57948 	   15 
  80857 	   57340 	   17 	   63452 	   31 
  79709 	   60414 	   16 	   57143 	   15 
  77562 	   59116 	   15 	   60854 	   15 
  78906 	   58466 	   15 	   57849 	   14 
  80183 	   64745 	   36 	   62362 	   36 
  81016 	   57254 	   13 	   60781 	   13 
  80972 	   62577 	   19 	   58178 	   17 
  84005 	   61927 	   98 	   57606 	   14 
  82282 	   57105 	   46 	   63972 	  132 
  77182 	   65558 	   16 	   62925 	   13 
  83077 	   56744 	   15 	   57039 	   14 
  81127 	   56355 	   12 	   57450 	   15 
  81215 	   59436 	   15 	   60145 	   16 
  85629 	   56596 	   29 	   55210 	   25 
  81483 	   54848 	   11 	   55369 	   22 
  83108 	   63999 	   29 	   58792 	   29 
  84665 	   54793 	   13 	   57296 	   15 
  80926 	   54310 	   11 	   60450 	   20 
  79944 	   57521 	   16 	   54554 	   15 
  84007 	   59041 	   25 	   61154 	   28 
  86927 	   57503 	   24 	   49039 	   25 
  88044 	   59174 	   25 	   62241 	   22 
  88265 	   52884 	   16 	   47258 	   10 
  88250 	   50870 	   13 	   62117 	   18 
  87725 	   50865 	   28 	   50817 	   13 
  83628 	   50940 	   15 	   51041 	   29 
  83700 	   52749 	   12 	   53923 	   16 
  86151 	   53107 	   16 	   52649 	   20 
  88284 	   48078 	   13 	   47000 	   11 
  84367 	   51003 	   49 	   50660 	   13 
  85197 	   56362 	   29 	   51009 	   64 
  92167 	   48444 	   18 	   47489 	   13 
  86354 	   51508 	   17 	   56545 	   15 
  84124 	   52169 	   15 	   53539 	   15 
  84859 	   52510 	   14 	   47414 	   13 
  88232 	   55359 	   20 	   55196 	   24 
  91439 	   47619 	   16 	   44243 	   22 
  92519 	   54318 	   25 	   49509 	   27 
  98923 	   42295 	   17 	   49357 	   18 
  91336 	   47911 	   14 	   47258 	   13 
  89632 	   52212 	   38 	   54010 	    8 
  85129 	   47560 	   11 	   51470 	   34 
  84673 	   49309 	   13 	   49781 	   14 
  83206 	   52541 	   16 	   49001 	   17 
  87499 	   48787 	   15 	   49976 	   14 
  88935 	   55861 	   35 	   47153 	   35 
  93009 	   46459 	   14 	   49231 	   12 
  89856 	   48097 	   15 	   46287 	   14 
  93828 	   51333 	   23 	   53304 	   20 
  91151 	   55578 	   21 	   48393 	   18 
  99202 	   46201 	   63 	   47109 	   14 
  94543 	   51395 	   28 	   55483 	   69 
  95203 	   44799 	   15 	   42888 	   13 
  95150 	   48273 	   16 	   46922 	   16 
  95542 	   41982 	   13 	   46026 	   11 
  94524 	   41019 	   14 	   42271 	   15 
  91127 	   44499 	   26 	   44345 	   30 
  88953 	   45526 	   16 	   44835 	   16 
  92506 	   44874 	   16 	   45552 	   16 
  92878 	   43131 	   15 	   44562 	   16 
  92857 	   43984 	   26 	   40085 	   13 
  96070 	   47166 	   24 	   47971 	   32 
  93145 	   47328 	   17 	   45507 	   12 
  89516 	   54741 	   18 	   55001 	   23 
  92954 	   43842 	   13 	   47506 	   14 
  92388 	   54189 	   20 	   49268 	   21 
  94119 	   54822 	   33 	   55464 	   31 
  97338 	   43271 	   17 	   47470 	   17 
  93144 	   42949 	   18 	   41864 	   14 
  92177 	   45774 	   14 	   45355 	   19 
  88464 	   61459 	   18 	   57593 	   19 
  95524 	   50764 	   57 	   53327 	   62 
  89169 	   54844 	   18 	   49346 	   18 
  96814 	   45548 	   18 	   42789 	   21 
 104142 	   33341 	   17 	   35156 	   16 
 108707 	   28731 	   34 	   26864 	   34 
 109900 	   28182 	   22 	   22552 	   12 
 111324 	   22404 	   18 	   23750 	   20 
 110639 	   27905 	   20 	   26293 	   18 
 113317 	   32917 	   18 	   29896 	   18 
 115934 	   25870 	   42 	   27902 	   40 
 112738 	   22250 	   18 	   21443 	   17 
 113973 	   21638 	   13 	   20757 	   12 
 115099 	   23796 	   22 	   25391 	   21 
 111855 	   31921 	   20 	   27528 	   21 
 114766 	   30597 	   38 	   32767 	   39 
 116408 	   31250 	   20 	   26889 	   20 
 116959 	   23950 	   16 	   26621 	   16 
 115562 	   36057 	   22 	   34800 	   22 
 117427 	   31737 	   18 	   34775 	   19 
 129577 	   55779 	  107 	   61548 	  119 
 114947 	   73684 	   65 	   89721 	   62 
  95539 	   46000 	   21 	   45593 	   24 
  94292 	   43323 	   14 	   44214 	   19 
  94486 	   48273 	   21 	   49790 	   19 
  93371 	   47106 	   17 	   43844 	   14 
  92773 	   45761 	   10 	   46312 	   11 
  91791 	   53672 	   22 	   49251 	   22 
  91873 	   54937 	   42 	   52290 	   38 
  92291 	   63579 	   61 	   58156 	   62 
  91348 	   50250 	   19 	   57686 	   26 
  92496 	   46960 	   17 	   45854 	   15 
  90764 	   53944 	   22 	   56463 	   22 
  92274 	   47628 	   13 	   49192 	   13 
  88638 	   54681 	   22 	   49600 	   13 
  94068 	   45162 	   14 	   49411 	   21 
  92099 	   55594 	   51 	   56857 	   55 
  93221 	   46791 	   13 	   48553 	   15 
  91668 	   51546 	   21 	   52316 	   20 
  90795 	   49029 	   15 	   50189 	   12 
  88247 	   56950 	   21 	   49686 	   16 
  90408 	   48302 	   14 	   55303 	   23 
  93759 	   51410 	   20 	   49840 	   18 
  96531 	   45534 	   19 	   46067 	   20 
  92934 	   51247 	   14 	   49393 	   13 
  96571 	   49657 	   21 	   48486 	   24 
  92192 	   47427 	   16 	   47034 	   13 
  90518 	   59978 	   48 	   58757 	   39 
  91423 	   50356 	   16 	   52006 	   23 
  96033 	   42597 	   11 	   45805 	   13 
  96132 	   47494 	   22 	   47357 	   20 
  96629 	   47323 	   31 	   47284 	   26 
 102959 	   38004 	   16 	   37239 	   14 
 105793 	   38333 	   31 	   37067 	   25 
 102923 	   44021 	   30 	   46398 	   32 
 104857 	   36744 	   21 	   35688 	   14 
 104666 	   39096 	   22 	   37470 	   20 
 100501 	   39683 	   13 	   44199 	   14 
  98422 	   44860 	   20 	   42277 	   13 
 101212 	   37262 	   10 	   38688 	   17 
 102073 	   42773 	   31 	   43347 	   20 
 104880 	   42419 	   47 	   42496 	   42 
 104791 	   40015 	   17 	   39796 	   15 
 105604 	   37000 	   16 	   35263 	   14 
  98828 	   46865 	   25 	   47749 	   23 
  98469 	   49447 	   55 	   47070 	   52 
  94767 	   46654 	   15 	   46195 	   14 
  89837 	   54302 	   15 	   53877 	   17 
  93730 	   56764 	   37 	   56753 	   34 
  98421 	   41521 	   21 	   41101 	   13 
  94348 	   46613 	   18 	   49242 	   26 
  90756 	   56046 	   19 	   48199 	   16 
  93515 	   50839 	   14 	   53726 	   20 
  98432 	   41708 	   11 	   43913 	   14 
  96693 	   48797 	   20 	   46890 	   17 
  90599 	   50381 	   19 	   47692 	   11 
  93298 	   47850 	   14 	   49863 	   20 
  91354 	   52191 	   13 	   52166 	   17 
  84431 	   69422 	   39 	   59774 	   19 
  77353 	   75328 	  105 	   78856 	  117 
  71102 	   72658 	   25 	   71521 	   29 
  77103 	   64185 	   18 	   62835 	   11 
  77909 	   61391 	   18 	   62745 	   19 
  71978 	   71964 	   24 	   72142 	   21 
  77481 	   61355 	   19 	   62985 	   19 
  79768 	   69937 	   36 	   66030 	   36 
  79047 	   61456 	   22 	   64973 	   18 
  76311 	   59861 	   15 	   61303 	   21 
  76650 	   63267 	   16 	   67575 	   21 
  80611 	   62323 	   17 	   56099 	   11 
  78099 	   62675 	   22 	   61625 	   19 
  73732 	   74891 	   34 	   78321 	   31 
  81589 	   58960 	   15 	   58620 	   16 
  79647 	   59874 	   14 	   61656 	   12 
  80923 	   64365 	   17 	   59084 	   18 
  85266 	   57298 	   15 	   62736 	   15 
  77529 	   67969 	   19 	   68376 	   18 
  84678 	   56956 	   25 	   53296 	   11 
  75558 	   80668 	   39 	   73491 	   30 
  88914 	   51365 	    9 	   57616 	   27 
  83797 	   60082 	   19 	   62784 	   17 
  85416 	   54677 	   15 	   57036 	   13 
  82132 	   58828 	   21 	   54208 	   19 
  85669 	   57703 	   17 	   61542 	   15 
  88118 	   59930 	   74 	   53093 	   14 
  85126 	   52213 	   16 	   60014 	   93 
  83719 	   53767 	   17 	   53666 	   24 
  86223 	   57802 	   21 	   57764 	   26 
  80805 	   65161 	   19 	   60319 	   19 
  85368 	   53395 	   15 	   59865 	   20 
  83656 	   64304 	   39 	   64032 	   50 
  85028 	   61041 	   23 	   56062 	   22 
  86661 	   53939 	   19 	   55446 	   16 
  85116 	   61962 	   27 	   64245 	   27 
  84839 	   64567 	   23 	   64517 	   17 
  88151 	   51280 	   16 	   56410 	   15 
  83459 	   61642 	   46 	   60181 	   44 
  83417 	   59972 	   21 	   58028 	   20 
  88340 	   55560 	   23 	   50844 	   13 
  92598 	   47275 	   13 	   49884 	   23 
  88442 	   52303 	   18 	   54373 	   20 
  88590 	   53359 	   24 	   48603 	   13 
  87258 	   64069 	   38 	   69011 	   38 
  89278 	   55552 	   26 	   49320 	   23 
  93042 	   60374 	   24 	   57543 	   23 
  96205 	   49251 	   16 	   52865 	   16 
  93645 	   54079 	   24 	   55715 	   25 
  93449 	   52119 	   17 	   50509 	   13 
  92088 	   59826 	   57 	   53860 	   18 
  89123 	   62903 	   33 	   73318 	   63 
 102228 	   40794 	   14 	   47559 	   16 
 103989 	   37582 	   16 	   39280 	   17 
 105827 	   39195 	   16 	   40548 	   19 
 104879 	   40750 	   16 	   37257 	   19 
 102279 	   44022 	   17 	   43429 	   18 
 104148 	   38999 	   13 	   41113 	   16 
 103386 	   49805 	   40 	   48501 	   42 
 110024 	   29220 	   10 	   30611 	   13 
 107650 	   41208 	   23 	   38149 	   20 
 111172 	   30825 	   11 	   32924 	   14 
 112259 	   30869 	   20 	   31561 	   21 
 107162 	   35363 	   11 	   32576 	   17 
 101645 	   44203 	   17 	   43412 	   19 
 102870 	   39902 	   12 	   40849 	   13 
 111182 	   28313 	   13 	   28166 	    6 
  98196 	   58455 	   34 	   50118 	   32 
  99235 	   45811 	   19 	   51638 	   29 
 105926 	   36137 	   25 	   34084 	   25 
 108355 	   30968 	   22 	   31077 	   21 
 105647 	   36519 	   18 	   31743 	   13 
 101425 	   37172 	   13 	   42428 	   24 
  98966 	   49759 	   26 	   48173 	   27 
  91977 	   48576 	   16 	   50812 	   18 
  94542 	   47834 	   17 	   46010 	   11 
  79200 	   72475 	   35 	   69129 	   40 
  82621 	   59725 	   16 	   55143 	   11 
  77338 	   65667 	   29 	   65321 	   29 
  83029 	   66934 	   19 	   65349 	   10 
  78936 	   62612 	   18 	   68063 	   18 
  79631 	   71427 	   25 	   64917 	   16 
  70436 	   80995 	   57 	   83720 	   55 
  77236 	   69386 	   23 	   69925 	   15 
  81483 	   59370 	   11 	   64389 	   19 
  82190 	   76654 	   46 	   70327 	   49 
  88363 	   52713 	    9 	   56058 	   14 
  89186 	   64591 	   21 	   58990 	   19 
  91851 	   51560 	   13 	   55222 	   15 
  89827 	   62345 	   39 	   61205 	   39 
  93276 	   50744 	   25 	   50558 	   25 
  99532 	   41692 	   20 	   46993 	   23 
  95214 	   48909 	   21 	   51296 	   20 
  91530 	   48657 	   19 	   49280 	   22 
  89280 	   64004 	   29 	   55471 	   19 
  90595 	   49941 	   12 	   52197 	   22 
  81477 	   67942 	   21 	   70503 	   22 
  83243 	   55435 	   18 	   53317 	   12 
  81118 	   71606 	   35 	   74164 	   38 
  83842 	   67840 	   24 	   62514 	   25 
  88397 	   61291 	   17 	   66490 	   21 
  87103 	   59504 	   22 	   59341 	   12 
  82268 	   53873 	   15 	   59163 	   21 
  80343 	   72607 	   33 	   61242 	   22 
  77552 	   61341 	   11 	   67206 	   30 
  78902 	   72138 	   22 	   71864 	   19 
  75619 	   77736 	   41 	   76762 	   39 
  74263 	   68066 	   18 	   68669 	   14 
  70802 	   70221 	   17 	   67880 	   20 
  76963 	   70545 	   20 	   67590 	   16 
  72161 	   70853 	   17 	   74955 	   26 
  68599 	   82190 	   28 	   76778 	   30 
  71110 	   79955 	   22 	   76891 	   11 
  66432 	   75428 	   16 	   83199 	   21 
  69184 	   79561 	   25 	   75570 	   14 
  62604 	   83698 	  135 	   94280 	  141 
  66852 	   74451 	   23 	   73414 	   22 
  64863 	   73508 	   14 	   74455 	   17 
  63661 	   77137 	   18 	   78047 	   16 
  65071 	   76889 	   20 	   72611 	   14 
  65410 	   72695 	   11 	   75676 	   11 
  65106 	   79101 	   25 	   77279 	   25 
  68196 	   79027 	   40 	   81021 	   41 
  71546 	   84537 	   58 	   73399 	   18 
  66117 	   75716 	   17 	   87297 	   68 
  68578 	   70912 	   13 	   71740 	   17 
  64993 	   79649 	   20 	   79217 	   19 
  67664 	   72107 	   12 	   71467 	   11 
  63690 	   79067 	   20 	   75926 	   14 
  70350 	   68475 	   14 	   72308 	   18 
  60294 	   86273 	   47 	   85065 	   45 
  61790 	   78514 	   15 	   79217 	   18 
  59247 	   84291 	   19 	   85779 	   17 
  60267 	   78705 	   17 	   79628 	   13 
  59460 	   86740 	   22 	   83514 	   17 
  60725 	   78283 	   13 	   79772 	   17 
  57101 	   87116 	   38 	   87656 	   35 
  61335 	   78969 	   14 	   78847 	   14 
  57238 	   87981 	   18 	   87730 	   22 
  60702 	   85250 	   22 	   77982 	   10 
  62792 	   76672 	   15 	   78331 	   20 
  66001 	   83410 	   32 	   80805 	   28 
  59029 	   85469 	   20 	   91151 	   25 
  56670 	   84024 	   12 	   86211 	   20 
  60575 	   80683 	   21 	   80774 	   14 
  53170 	   93257 	   38 	   97985 	   42 
  56843 	   82687 	   14 	   82580 	   13 
  57434 	   89855 	   29 	   84572 	   26 
  53590 	   89159 	   20 	   90891 	   29 
  62364 	   79179 	   15 	   75641 	   14 
  58430 	   87057 	   21 	   84750 	   18 
  53962 	   86550 	   13 	   93785 	   16 
  48681 	   97742 	   22 	   99162 	   17 
  55279 	   86296 	   14 	   85438 	   14 
  53052 	   91311 	   33 	   90504 	   14 
  54256 	   90804 	   42 	   86484 	   49 
  65132 	   78711 	   18 	   72793 	   15 
  64704 	   79204 	   19 	   81293 	   14 
  63005 	   82462 	   27 	   81801 	   26 
  71560 	   77464 	   58 	   74424 	   53 
  75212 	   65996 	   13 	   67083 	   13 
  74470 	   69471 	   18 	   66188 	   20 
  80990 	   70783 	   34 	   70453 	   31 
  77545 	   65904 	   23 	   64710 	   13 
  69613 	   68975 	    9 	   73622 	   21 
  70143 	   71774 	   18 	   69806 	   16 
  71619 	   75805 	   14 	   75636 	   17 
  74420 	   66944 	   13 	   63730 	   12 
  73634 	   71588 	   30 	   71413 	   13 
  77841 	   63703 	   16 	   59358 	   32 
  83186 	   58094 	   14 	   64537 	   17 
  75520 	   69228 	   15 	   66310 	   18 
  84093 	   64974 	   21 	   61530 	   24 
  89405 	   66842 	  133 	   63522 	  136 
  91203 	   55533 	   39 	   62704 	   40 
  90196 	   48694 	   12 	   50259 	   14 
  86216 	   52455 	   17 	   54883 	   16 
  83092 	   65095 	   23 	   60608 	   25 
  91317 	   51821 	   17 	   50261 	   18 
  91194 	   52436 	   28 	   46414 	   13 
  92084 	   49264 	   25 	   57314 	   32 
  91814 	   46461 	   15 	   45878 	   18 
  92692 	   48289 	   18 	   46646 	   21 
  94921 	   42478 	   13 	   44706 	   13 
  90902 	   50994 	   18 	   49625 	   17 
  84631 	   71370 	   39 	   70307 	   40 
  91337 	   52185 	   14 	   48304 	   14 
  90209 	   53656 	   16 	   58868 	   16 
  82642 	   60589 	   16 	   59782 	   18 
  82214 	   58355 	   14 	   60489 	   15 
  78670 	   70317 	   20 	   69771 	   17 
  78699 	   60360 	   13 	   61302 	   19 
  82702 	   70370 	   34 	   74931 	   33 
  76577 	   66506 	   11 	   68147 	   22 
  74601 	   74947 	   14 	   72636 	   13 
  68722 	   77009 	   26 	   79377 	   17 
  71204 	   69208 	   26 	   67120 	   31 
  79887 	   65699 	   16 	   58987 	   13 
  87719 	   53850 	   23 	   53034 	   16 
  85718 	   56924 	   65 	   56173 	   67 
  89782 	   52439 	   16 	   56768 	   17 
  87283 	   63690 	   27 	   51702 	   15 
  86998 	   54780 	   21 	   67613 	   22 
  78066 	   64071 	   20 	   64474 	   19 
  85987 	   67748 	   35 	   66690 	   37 
  85111 	   53759 	   24 	   58606 	   21 
  87349 	   54406 	   18 	   52560 	   16 
  85387 	   65645 	   29 	   59620 	   27 
  89187 	   57753 	   18 	   60201 	   20 
  88307 	   53580 	   18 	   62205 	   18 
  80392 	   79784 	   51 	   68114 	   48 
  82954 	   64470 	   17 	   72045 	   20 
  73267 	   77101 	   33 	   70732 	   16 
  71376 	   80198 	   31 	   92104 	   29 
  63955 	   82423 	   15 	   93132 	   30 
  61349 	   87830 	   16 	   94336 	   22 
  61743 	   84098 	   23 	   77466 	   14 
  62321 	   77257 	   14 	   78000 	   26 
  66689 	   77969 	   14 	   77253 	   14 
  67251 	   76927 	   20 	   75845 	   15 
  67427 	   82270 	   23 	   74510 	   28 
  76593 	   71076 	   14 	   64798 	   14 
  82243 	   69451 	   63 	   57136 	   17 
  82758 	   69914 	   41 	   68803 	   55 
  76907 	   66465 	   13 	   82406 	   42 
  69166 	   76385 	   21 	   75754 	   16 
  59264 	   81306 	   13 	   88949 	   19 
  60149 	   84887 	   15 	   77136 	   13 
  63618 	   78958 	   14 	   85076 	   17 
  58985 	   82474 	   14 	   78958 	   19 
  69365 	   91013 	   32 	   80729 	   29 
  65682 	   78476 	   14 	   96966 	   22 
  64090 	   85390 	   15 	   78054 	   14 
  61826 	   83346 	   22 	   91560 	   11 
  52414 	   88492 	   16 	   88210 	   21 
  52889 	   90786 	   17 	   87475 	   15 
  55274 	   87958 	   15 	   91839 	   15 
  52820 	   91675 	   13 	   87503 	   13 
  61828 	   83114 	   12 	   86292 	   13 
  60949 	  102809 	   35 	   90625 	   26 
  64303 	   77477 	   10 	   95843 	   28 
  55111 	   89118 	   21 	   87087 	   15 
  48896 	   93428 	   18 	   96324 	   18 
  53113 	   87066 	   15 	   84970 	   12 
  59009 	   91213 	   33 	   78844 	   14 
  57527 	   85304 	   19 	   81122 	   38 
  72655 	   75916 	   16 	   66254 	   12 
  76529 	   64311 	   13 	   73047 	   16 
  69992 	   90991 	   65 	   87462 	   63 
  70250 	   79385 	   18 	   71369 	   11 
  70929 	   74318 	   34 	   84774 	   17 
  63893 	   88975 	   31 	  100656 	   40 
  52861 	   92413 	   11 	  102159 	   20 
  54071 	  103172 	   17 	   94610 	   12 
  57934 	   88381 	   12 	   99208 	   14 
  54947 	   99369 	   43 	   92202 	   47 
  50651 	   91588 	   23 	   99808 	   18 
  51239 	   91039 	   19 	   96734 	   22 
  45450 	   94794 	   14 	   94036 	   18 
  48543 	  104242 	   26 	  100060 	   19 
  50967 	  105443 	   36 	   85762 	   18 
  57490 	   87820 	   20 	  115188 	   36 
  52187 	   97515 	   18 	   91522 	   20 
  56814 	   93265 	   21 	   98847 	   17 
  52168 	   87388 	   12 	   90541 	   21 
  53596 	   93264 	   24 	   85830 	   16 
  48487 	   97475 	   30 	   93355 	   35 
  50892 	   99661 	   19 	   84046 	   12 
  60254 	   84062 	   15 	   96235 	   17 
  53250 	  107779 	   25 	   85295 	   20 
  67691 	   73739 	   13 	   85301 	   27 
  68531 	   76375 	   17 	   70479 	   16 
  72094 	   81470 	   41 	   65716 	   35 
  86457 	   56498 	   14 	   54070 	   16 
  89603 	   57415 	   24 	   55411 	   25 
  90633 	   53275 	   17 	   52848 	    9 
  86940 	   52250 	   18 	   65179 	   18 
  77598 	   73507 	   23 	   56473 	   19 
  93739 	   61947 	   35 	   53526 	   34 
  98445 	   54527 	   21 	   53673 	   20 
  90863 	   51454 	   15 	   62134 	   12 
  96925 	   44805 	   19 	   36615 	   16 
 101870 	   44603 	   25 	   37526 	   22 
 109836 	   39051 	   24 	   33639 	   25 
 108476 	   33731 	   13 	   40206 	   13 
 108939 	   34742 	   16 	   36841 	   16 
 105898 	   37261 	   19 	   29886 	   21 
 114658 	   49593 	  140 	   37374 	  148 
 119533 	   47556 	   63 	   42630 	   66 
 122332 	   26310 	   17 	   26240 	   17 
 121946 	   33645 	   24 	   33288 	   24 
 122428 	   21161 	   17 	   21158 	   14 
 120128 	   34843 	   20 	   28845 	   19 
 123361 	   26227 	   15 	   27738 	   14 
 123264 	   38447 	   49 	   39342 	   52 
 121888 	   23483 	   13 	   23059 	   14 
 122320 	   23268 	   25 	   24739 	   27 
 121273 	   25734 	   25 	   25486 	   21 
 121694 	   21701 	   14 	   21125 	   14 
 122307 	   21204 	   23 	   20583 	   22 
 123000 	   26038 	   38 	   27518 	   38 
 122904 	   17730 	   16 	   18101 	   15 
 120106 	   27865 	   21 	   25816 	   22 
 120862 	   21102 	   17 	   22224 	   16 
 122086 	   31067 	   21 	   29209 	   23 
 122491 	   23033 	   17 	   25924 	   17 
 122207 	   23554 	   18 	   23006 	   14 
 123870 	   24561 	   25 	   23707 	   25 
 124477 	   21717 	   41 	   22778 	   44 
 122751 	   27683 	   21 	   25955 	   21 
 123968 	   17722 	   14 	   18854 	   15 
 122348 	   30722 	   25 	   27553 	   23 
 121507 	   21267 	   13 	   23253 	   14 
 122452 	   30968 	   20 	   28254 	   21 
 124229 	   20138 	   15 	   22685 	   15 
 125448 	   28296 	   36 	   27655 	   41 
 124710 	   18404 	   15 	   17466 	   15 
 122722 	   25749 	   28 	   28925 	   26 
 118764 	   41704 	   63 	   33700 	   67 
 119790 	   27713 	   25 	   27851 	   26 
 118526 	   31311 	   21 	   25104 	   24 
 120411 	   25002 	   15 	   26612 	   17 
 121888 	   25125 	   16 	   27571 	   16 
 119477 	   32135 	   19 	   32405 	   23 
 118431 	   26570 	   15 	   24654 	   14 
 118153 	   30348 	   18 	   29125 	   17 
 120568 	   33240 	   30 	   33149 	   31 
 119172 	   25812 	   18 	   26745 	   18 
 119294 	   26208 	   18 	   26075 	   20 
 119709 	   32608 	   25 	   32874 	   27 
 118716 	   27016 	   18 	   31111 	   17 
 120817 	   37571 	   45 	   42291 	   46 
 112902 	   33561 	   20 	   28797 	   17 
 114140 	   36340 	   18 	   33803 	   15 
 117996 	   34159 	   20 	   34559 	   11 
 113688 	   31389 	   20 	   28669 	   22 
 113806 	   28450 	   12 	   33860 	   13 
 112796 	   35878 	   19 	   35856 	   18 
 119736 	   40129 	   25 	   43936 	   24 
 118569 	   29402 	   13 	   30441 	   15 
 119910 	   31438 	   24 	   35242 	   22 
 122549 	   33135 	   47 	   38128 	   43 
 123981 	   33864 	   65 	   33580 	   76 
 117208 	   37404 	   30 	   33137 	   30 
 119049 	   34360 	   28 	   33627 	   28 
 119153 	   30828 	   17 	   29659 	   18 
 119838 	   22002 	   16 	   22901 	   16 
 119225 	   31492 	   17 	   26637 	   17 
 118480 	   27861 	   15 	   26770 	   14 
 121092 	   27561 	   16 	   29485 	   18 
 119527 	   31584 	   19 	   33970 	   18 
 117166 	   40582 	   28 	   41288 	   29 
 111320 	   31264 	   20 	   30045 	   22 
 110621 	   35256 	   14 	   30157 	   14 
 111714 	   40862 	   17 	   41596 	   20 
 107926 	   38486 	   15 	   36496 	   12 
 111536 	   41756 	   18 	   40488 	   17 
 112330 	   42774 	   17 	   45000 	   17 
 117488 	   44700 	   27 	   46820 	   29 
 117946 	   26560 	   16 	   32108 	   16 
 117173 	   34357 	   23 	   35521 	   22 
 118592 	   41826 	   44 	   43005 	   45 
 119182 	   18736 	   14 	   21902 	   15 
 118870 	   24104 	   16 	   22499 	   14 
 120153 	   33425 	   21 	   34882 	   20 
 120649 	   29169 	   18 	   31380 	   20 
 125957 	   36726 	   53 	   45152 	   53 
 117946 	   34888 	   39 	   34641 	   49 
 122606 	   27522 	   58 	   34339 	   80 
