% num_local_points | num_send_points | num_send_procs | num_recv_points | num_recv_procs 
 122044 	   38545 	   77 	   31073 	   75 
 120775 	   28093 	   25 	   24003 	   25 
 121568 	   32221 	   20 	   30434 	   21 
 120711 	   24426 	   15 	   24063 	   15 
 119975 	   41790 	   20 	   36842 	   20 
 123090 	   24525 	   14 	   23036 	   14 
 125818 	   24819 	   20 	   28933 	   18 
 123364 	   18012 	   14 	   22057 	   14 
 125141 	   36474 	   41 	   38149 	   39 
 120255 	   32599 	   25 	   26825 	   27 
 122269 	   25714 	   16 	   21520 	   15 
 123130 	   23897 	   14 	   27572 	   13 
 123423 	   35075 	   25 	   35671 	   21 
 122437 	   25307 	   16 	   23869 	   15 
 121474 	   29641 	   18 	   30667 	   18 
 124299 	   22139 	   16 	   26146 	   14 
 124410 	   35282 	   26 	   35099 	   26 
 123381 	   31119 	   18 	   32931 	   19 
 122877 	   24265 	   15 	   24735 	   15 
 122278 	   35107 	   20 	   35283 	   21 
 122385 	   26931 	   15 	   28127 	   13 
 121332 	   32360 	   24 	   31610 	   23 
 124187 	   20014 	   14 	   22076 	   13 
 123864 	   23538 	   27 	   24684 	   27 
 122073 	   48982 	   77 	   42276 	   79 
 120217 	   24086 	   18 	   23795 	   17 
 118161 	   26315 	   13 	   27038 	   13 
 118978 	   42358 	   26 	   37470 	   29 
 113612 	   38758 	   23 	   31709 	   25 
 118557 	   29769 	   14 	   32588 	   13 
 117003 	   22317 	   15 	   25632 	   15 
 116652 	   31659 	   18 	   26348 	   19 
 119337 	   34333 	   20 	   39054 	   20 
 112917 	   58231 	   49 	   48875 	   49 
 111031 	   32409 	   19 	   28154 	   20 
 108552 	   33504 	   19 	   31089 	   18 
 109339 	   35687 	   17 	   33820 	   17 
 106519 	   36042 	   13 	   34498 	   12 
 112902 	   33881 	   19 	   44647 	   28 
 113407 	   35513 	   30 	   33592 	   24 
 104601 	   47230 	   22 	   35594 	   23 
 106658 	   42171 	   18 	   40505 	   18 
 102718 	   41199 	   17 	   40741 	   16 
 107747 	   36663 	   20 	   38987 	   19 
 110223 	   32253 	   18 	   39879 	   16 
 110910 	   51239 	   57 	   44153 	   55 
 112103 	   34492 	   17 	   34481 	   17 
 111439 	   35529 	   16 	   36048 	   14 
 111412 	   43826 	   24 	   38369 	   24 
 110834 	   35576 	   14 	   36973 	   14 
 109849 	   29367 	   13 	   32596 	   19 
 108047 	   42530 	   23 	   28566 	   19 
 110752 	   30351 	   15 	   36648 	   15 
 111806 	   30080 	   20 	   37748 	   35 
 105825 	   47328 	   50 	   34714 	   40 
 103749 	   37551 	   14 	   36704 	   15 
 101966 	   40395 	   11 	   39078 	   10 
 103469 	   44021 	   23 	   42456 	   23 
 103033 	   36560 	   17 	   32572 	   15 
 106705 	   36164 	   23 	   41600 	   25 
 103401 	   41327 	   23 	   39468 	   23 
 102481 	   37500 	   15 	   36276 	   16 
  98773 	   45518 	   25 	   39857 	   22 
  98282 	   48341 	   18 	   46633 	   20 
 100245 	   44812 	   17 	   48393 	   18 
 101455 	   45190 	   36 	   45802 	   33 
 103225 	   39824 	   23 	   33024 	   23 
 105307 	   38257 	   17 	   38316 	   16 
 104101 	   39816 	   19 	   34235 	   16 
 105267 	   41079 	   17 	   38645 	   15 
 103569 	   48689 	   26 	   52029 	   29 
 100598 	   46054 	   18 	   43994 	   13 
 100148 	   53342 	   17 	   50449 	   16 
  98724 	   44957 	   12 	   47887 	   15 
 103817 	   46628 	   18 	   49173 	   18 
 101573 	   40005 	   11 	   40771 	   15 
 102506 	   41060 	   13 	   37263 	   11 
 102917 	   50924 	   33 	   52354 	   34 
 103736 	   43884 	   14 	   43925 	   13 
 104303 	   49096 	   16 	   48042 	   19 
 107307 	   47395 	   23 	   51293 	   22 
 106410 	   50166 	   39 	   61643 	   39 
 105391 	   48818 	   45 	   47843 	   41 
 104011 	   42181 	   12 	   38620 	   13 
 106628 	   35377 	   12 	   44615 	   15 
 108658 	   47458 	   31 	   51959 	   36 
 102395 	   54408 	   58 	   51752 	   57 
  96793 	   51459 	   23 	   48471 	   21 
  96548 	   52712 	   17 	   51880 	   20 
  99155 	   41018 	   12 	   46822 	   14 
 100648 	   47171 	   19 	   49691 	   20 
 100438 	   48808 	   17 	   46168 	   14 
 102746 	   36556 	   14 	   42573 	   14 
  98648 	   55405 	   34 	   49691 	   32 
  99897 	   43080 	   15 	   41287 	   13 
  98399 	   49800 	   16 	   46901 	   17 
  98262 	   52296 	   20 	   53009 	   17 
  96369 	   47607 	   15 	   46430 	   10 
  94537 	   50031 	   16 	   45010 	   17 
  97415 	   44408 	   20 	   51340 	   21 
 109993 	   43468 	   46 	   57446 	   45 
 119555 	   35361 	   62 	   49722 	   60 
 122481 	   29307 	   78 	   33132 	   73 
 120742 	   36713 	   19 	   30452 	   19 
 122094 	   21400 	   16 	   22320 	   16 
 121719 	   36371 	   37 	   32876 	   36 
 121788 	   24558 	   19 	   26499 	   20 
 120467 	   27158 	   14 	   27321 	   15 
 120753 	   32317 	   19 	   31564 	   20 
 121495 	   18949 	   16 	   20422 	   14 
 123711 	   23651 	   41 	   25261 	   43 
 120051 	   29999 	   29 	   28804 	   29 
 118663 	   26062 	   20 	   24856 	   22 
 117582 	   21987 	   15 	   25750 	   15 
 118155 	   24173 	   21 	   26021 	   20 
 119607 	   25577 	   21 	   25896 	   20 
 119440 	   26320 	   20 	   25572 	   18 
 119505 	   36280 	   36 	   31335 	   36 
 116945 	   23794 	   12 	   24701 	   12 
 117868 	   25973 	   16 	   26470 	   14 
 119050 	   28367 	   21 	   28818 	   21 
 116987 	   26663 	   13 	   26103 	   13 
 121030 	   37422 	   54 	   38122 	   54 
 122634 	   24431 	   21 	   24247 	   22 
 122968 	   22523 	   14 	   23327 	   15 
 123007 	   22518 	   22 	   20828 	   23 
 122098 	   19068 	   14 	   19187 	   15 
 123683 	   21065 	   16 	   23600 	   16 
 122629 	   28345 	   21 	   26878 	   20 
 123267 	   18265 	   18 	   20193 	   16 
 123374 	   22837 	   17 	   24300 	   19 
 123243 	   33154 	   42 	   32226 	   39 
 121593 	   28960 	   24 	   26328 	   24 
 122522 	   23436 	   16 	   23194 	   16 
 123042 	   32658 	   21 	   30597 	   21 
 122577 	   23480 	   15 	   24047 	   15 
 122826 	   35721 	   23 	   35692 	   24 
 122150 	   23539 	   12 	   20412 	   11 
 122891 	   28611 	   23 	   28156 	   20 
 121931 	   17435 	   14 	   20904 	   13 
 124409 	   35510 	   45 	   36711 	   40 
 122882 	   18302 	   12 	   18718 	   12 
 123769 	   26559 	   20 	   29761 	   20 
 121930 	   22800 	   23 	   22297 	   23 
 122035 	   20052 	   16 	   20968 	   16 
 123214 	   31676 	   21 	   30985 	   20 
 120779 	   21987 	   14 	   23293 	   14 
 120862 	   27372 	   34 	   27235 	   34 
 120313 	   27347 	   44 	   24506 	   42 
 120689 	   30106 	   23 	   28121 	   20 
 121799 	   19198 	   13 	   24142 	   12 
 123447 	   30199 	   43 	   29863 	   44 
 123286 	   38249 	   65 	   37534 	   68 
 122637 	   17100 	   13 	   18835 	   12 
 121946 	   21023 	   13 	   20246 	   12 
 123105 	   22389 	   20 	   23464 	   19 
 121585 	   18690 	   19 	   19223 	   17 
 123134 	   20551 	   23 	   21154 	   21 
 121388 	   23560 	   25 	   23070 	   24 
 123081 	   18402 	   12 	   19426 	   12 
 124316 	   17269 	   16 	   18723 	   15 
 122210 	   21925 	   21 	   24041 	   21 
 122060 	   23751 	   21 	   21779 	   20 
 120962 	   17905 	   14 	   17339 	   13 
 122132 	   24468 	   31 	   25615 	   32 
 120449 	   17832 	   16 	   16363 	   16 
 120287 	   26954 	   17 	   23436 	   17 
 122022 	   23028 	   21 	   24879 	   20 
 121852 	   17699 	   14 	   18134 	   13 
 122308 	   23822 	   21 	   23500 	   20 
 121298 	   19171 	   13 	   20169 	   13 
 122091 	   27838 	   40 	   26056 	   36 
 122662 	   20875 	   18 	   20851 	   19 
 122470 	   20530 	   13 	   21143 	   13 
 120688 	   24164 	   17 	   24595 	   17 
 121046 	   17718 	   12 	   18487 	   13 
 122048 	   22632 	   20 	   21523 	   18 
 122227 	   26407 	   26 	   27339 	   27 
 122933 	   27533 	   64 	   29005 	   63 
 114948 	   45561 	   74 	   30627 	   76 
 111464 	   28026 	   10 	   23508 	   12 
 112055 	   30028 	   15 	   25993 	   16 
 116225 	   23713 	   14 	   25435 	   15 
 114534 	   36550 	   29 	   30269 	   27 
 116125 	   36180 	   20 	   32933 	   20 
 118008 	   22974 	   15 	   24950 	   14 
 118527 	   36331 	   22 	   36557 	   21 
 115344 	   36090 	   18 	   34029 	   19 
 117322 	   31959 	   21 	   39206 	   22 
 113741 	   44296 	   31 	   40468 	   31 
 114718 	   36787 	   18 	   36673 	   20 
 112380 	   27915 	   15 	   32515 	   17 
 116898 	   35788 	   22 	   34974 	   20 
 114226 	   38190 	   18 	   36459 	   20 
 115360 	   38066 	   42 	   41161 	   44 
 115683 	   22599 	   12 	   26019 	   12 
 114512 	   32231 	   16 	   28730 	   13 
 116796 	   36379 	   22 	   37380 	   21 
 117011 	   24613 	   15 	   31923 	   17 
 115253 	   29047 	   18 	   24687 	   12 
 114362 	   32893 	   36 	   34969 	   36 
 118252 	   45355 	   42 	   53038 	   41 
 107733 	   41945 	   39 	   30871 	   33 
 106378 	   32822 	   12 	   32794 	    9 
 106007 	   31730 	   17 	   27852 	   16 
 107916 	   28096 	   16 	   30239 	   17 
 107917 	   28074 	   12 	   32609 	   19 
 102951 	   47780 	   27 	   31660 	   20 
 103012 	   31395 	   12 	   31665 	   15 
  97853 	   54088 	   30 	   41966 	   29 
  98415 	   42442 	   17 	   47899 	   18 
  97111 	   44907 	   18 	   40640 	   14 
 101832 	   41115 	   23 	   46967 	   19 
 104252 	   43775 	   15 	   50466 	   15 
  98853 	   51700 	   29 	   44930 	   28 
 103817 	   34190 	   15 	   42600 	   17 
 100492 	   40841 	   16 	   36087 	   15 
  99117 	   40505 	   15 	   39062 	   15 
  99468 	   44271 	   17 	   42205 	   14 
 101679 	   40500 	   16 	   56316 	   30 
 116023 	   47591 	   52 	   58443 	   50 
 111425 	   26875 	   13 	   38269 	   25 
 115602 	   49128 	   60 	   42699 	   63 
 117402 	   19355 	   11 	   19497 	   11 
 114982 	   23599 	   18 	   23030 	   18 
 117681 	   23599 	   14 	   24048 	   14 
 116603 	   22148 	   16 	   22460 	   14 
 116519 	   26412 	   29 	   22927 	   29 
 117601 	   26113 	   16 	   23809 	   17 
 118771 	   25949 	   19 	   20987 	   18 
 118853 	   27380 	   30 	   21823 	   27 
 121898 	   21781 	   19 	   25834 	   19 
 121282 	   24549 	   17 	   29123 	   17 
 119229 	   21014 	   16 	   21493 	   15 
 120617 	   23818 	   17 	   25924 	   18 
 120746 	   37700 	   45 	   38166 	   47 
 118731 	   28180 	   14 	   27517 	   12 
 117610 	   21498 	   12 	   22945 	   12 
 119351 	   26434 	   20 	   25190 	   20 
 118327 	   24238 	   13 	   21283 	   15 
 117891 	   29742 	   29 	   35563 	   35 
 117268 	   26509 	   24 	   31139 	   18 
 114796 	   27039 	   20 	   29722 	   21 
 110939 	   30273 	   48 	   30867 	   50 
 107791 	   27329 	   19 	   28452 	   19 
 109422 	   27773 	   21 	   27385 	   20 
 108256 	   24189 	   13 	   24407 	   19 
 108919 	   23753 	   10 	   23512 	   12 
 109394 	   27580 	   25 	   28677 	   24 
 106796 	   32447 	   16 	   27524 	   12 
 105247 	   34185 	   15 	   29395 	   18 
 105942 	   33772 	   14 	   30166 	   14 
 106325 	   35386 	   27 	   32894 	   30 
 105217 	   33147 	   19 	   34249 	   18 
 105140 	   33906 	   20 	   31305 	   17 
 103436 	   36511 	   15 	   32908 	   17 
 104787 	   40193 	   20 	   33937 	   20 
 103267 	   38178 	   18 	   31469 	   18 
 114711 	   48955 	   54 	   67771 	   59 
 117830 	   46536 	   54 	   54404 	   34 
 113556 	   31596 	   18 	   39372 	   15 
 110920 	   25929 	   13 	   27624 	   14 
 111110 	   23975 	   14 	   24625 	   14 
 114062 	   38164 	  149 	   42950 	  149 
 109968 	   42871 	   25 	   38018 	   26 
 114044 	   30742 	   14 	   32498 	   15 
 114725 	   45101 	   39 	   45321 	   37 
 113036 	   31262 	   12 	   29194 	   12 
 113293 	   29317 	   16 	   35331 	   22 
 112378 	   38889 	   22 	   33967 	   22 
 115867 	   27732 	   13 	   28311 	   12 
 115095 	   29618 	   20 	   34232 	   18 
 116689 	   33433 	   46 	   32339 	   44 
 111778 	   34290 	   21 	   33216 	   22 
 113446 	   28332 	   14 	   28259 	   12 
 112890 	   39941 	   37 	   37871 	   36 
 108338 	   40021 	   18 	   40144 	   18 
 110271 	   31675 	   16 	   36128 	   23 
 111272 	   30021 	   19 	   28167 	   13 
 111235 	   34601 	   19 	   35176 	   19 
 109284 	   31645 	   19 	   36260 	   36 
 109146 	   47282 	   43 	   39687 	   23 
 113335 	   33099 	   17 	   38575 	   25 
 111625 	   36445 	   23 	   35882 	   22 
 109589 	   36120 	   18 	   31013 	   16 
 109191 	   33248 	   16 	   35767 	   22 
 108845 	   38676 	   25 	   32929 	   13 
 109170 	   39433 	   14 	   39072 	   13 
 110100 	   47943 	   31 	   50005 	   29 
 109560 	   43360 	   36 	   41216 	   31 
 110796 	   32375 	   15 	   34419 	   16 
 110157 	   42617 	   23 	   43593 	   22 
 111097 	   40449 	   24 	   39933 	   24 
 111172 	   42031 	   45 	   41965 	   44 
 111348 	   33159 	   13 	   33904 	   15 
 110470 	   34415 	   14 	   38188 	   15 
 108201 	   33671 	   13 	   36698 	   17 
 110019 	   38983 	   24 	   36827 	   18 
 107604 	   31511 	   15 	   32488 	   18 
 108844 	   32559 	   16 	   31302 	   10 
 107704 	   37652 	   22 	   40048 	   27 
 108479 	   56112 	   74 	   55518 	   80 
 109518 	   37213 	   28 	   31553 	   21 
 113366 	   26353 	   14 	   27099 	   14 
 109829 	   33439 	   21 	   36839 	   27 
 110717 	   34515 	   20 	   32624 	   18 
 112424 	   27730 	   12 	   27525 	   13 
 110295 	   33756 	   20 	   40304 	   37 
 110476 	   44897 	   38 	   34402 	   19 
 111401 	   29842 	   13 	   29432 	   12 
 111307 	   25928 	   16 	   34256 	   27 
 110819 	   34801 	   23 	   26864 	   14 
 115644 	   23758 	   14 	   27968 	   17 
 114245 	   41889 	   50 	   41954 	   50 
 112773 	   24969 	   14 	   24771 	   13 
 114462 	   28141 	   16 	   30862 	   18 
 111024 	   34724 	   26 	   32296 	   24 
 111818 	   25719 	   13 	   25905 	   10 
 113571 	   28312 	   17 	   30010 	   15 
 111589 	   33931 	   40 	   35077 	   37 
 114907 	   25849 	   13 	   27101 	   12 
 115064 	   31619 	   18 	   32907 	   16 
 112232 	   34489 	   23 	   32695 	   19 
 117484 	   28426 	   22 	   31960 	   19 
 115532 	   25170 	   15 	   23910 	   12 
 113965 	   34098 	   29 	   32760 	   30 
 114917 	   25777 	   12 	   26987 	   13 
 112703 	   30711 	   15 	   26726 	   15 
 111260 	   32509 	   19 	   33430 	   20 
 114273 	   26849 	   15 	   28199 	   14 
 111274 	   35646 	   17 	   35215 	   14 
 113069 	   28246 	   15 	   27577 	   11 
 112200 	   40599 	   60 	   40026 	   62 
 111611 	   28279 	   12 	   29556 	   16 
 112965 	   29096 	   14 	   27835 	   13 
 112041 	   32953 	   25 	   33087 	   22 
 115332 	   24591 	   15 	   24677 	   14 
 113683 	   28152 	   18 	   28041 	   18 
 114550 	   27992 	   19 	   32423 	   24 
 110204 	   37823 	   33 	   38343 	   43 
 103315 	   54647 	   88 	   41741 	   71 
 102562 	   43833 	   16 	   40823 	   16 
 106062 	   41384 	   15 	   44767 	   16 
 104404 	   44082 	   22 	   51885 	   25 
 102410 	   47536 	   20 	   37464 	   17 
 105217 	   37177 	   16 	   40251 	   15 
 104523 	   42337 	   23 	   48223 	   31 
 102237 	   45250 	   29 	   37594 	   14 
 103392 	   41932 	   22 	   43356 	   15 
 101058 	   45715 	   30 	   44249 	   26 
 105069 	   38035 	   14 	   43250 	   14 
 102430 	   39491 	   17 	   37406 	   17 
  96809 	   61045 	   40 	   51316 	   39 
  99218 	   41815 	   17 	   37889 	   16 
 100516 	   35948 	   15 	   34978 	   13 
 100317 	   31930 	   14 	   35770 	   28 
 104225 	   39860 	   25 	   35724 	   17 
 106341 	   37608 	   18 	   42031 	   14 
 103017 	   47501 	   25 	   43089 	   23 
 104530 	   36527 	   17 	   37386 	   16 
 105122 	   38169 	   20 	   38855 	   19 
 102476 	   40737 	   29 	   43251 	   30 
 105700 	   44561 	   23 	   66909 	   47 
  97121 	   69595 	   55 	   48896 	   33 
  96769 	   49488 	   17 	   47132 	   18 
  96420 	   43915 	   14 	   49590 	   26 
  97599 	   45212 	   28 	   48239 	   14 
  98476 	   39310 	   16 	   43462 	   12 
  99072 	   44378 	   26 	   43721 	   26 
  97919 	   43452 	   17 	   42545 	   17 
  98005 	   40631 	   13 	   49054 	   26 
 100209 	   44660 	   30 	   40104 	   23 
 100003 	   41213 	   15 	   42952 	   17 
  99741 	   40417 	   34 	   38576 	   31 
 100075 	   32130 	   13 	   33892 	   15 
  99589 	   36929 	   12 	   35657 	   10 
  99579 	   37692 	   19 	   36123 	   21 
 100200 	   36182 	   16 	   37862 	   19 
  96578 	   46088 	   23 	   37996 	   20 
  94742 	   43990 	   23 	   37106 	   21 
  93028 	   44786 	   19 	   39923 	   16 
 103042 	   55407 	   36 	   65183 	   34 
  99463 	   37162 	   14 	   47688 	   27 
 103715 	   50380 	  107 	   56343 	  114 
 105939 	   37347 	   32 	   29343 	   12 
 105844 	   31063 	   18 	   30757 	   17 
 106804 	   33028 	   16 	   33427 	   13 
 104368 	   33248 	   16 	   34180 	   11 
 104711 	   36403 	   25 	   32329 	   25 
 108080 	   31395 	   15 	   33238 	   16 
 106574 	   34101 	   16 	   36942 	   16 
 106482 	   36935 	   20 	   41374 	   23 
 104254 	   36517 	   15 	   37348 	   15 
 103426 	   46486 	   49 	   45992 	   50 
 100226 	   39697 	   17 	   35281 	   13 
 103014 	   34447 	   20 	   32078 	   23 
 106194 	   43372 	   25 	   41074 	   24 
 106932 	   35425 	   12 	   33239 	   13 
 106448 	   30340 	   12 	   31326 	   11 
 105580 	   37426 	   25 	   35488 	   27 
 108685 	   34468 	   16 	   36441 	   11 
 106538 	   37302 	   23 	   40148 	   29 
 106611 	   43209 	   39 	   46405 	   19 
 100275 	   36847 	   16 	   41410 	   18 
  98171 	   44837 	   49 	   41513 	   43 
  96670 	   37234 	   19 	   37329 	   20 
  95341 	   35878 	   14 	   37029 	   25 
  96437 	   36191 	   21 	   35237 	   21 
  97173 	   35914 	   13 	   36732 	   13 
  96601 	   40304 	   24 	   37984 	   21 
  94423 	   43660 	   16 	   40129 	   16 
  93750 	   44611 	   15 	   40677 	   21 
  95234 	   40350 	   13 	   39061 	   15 
 104548 	   43545 	   42 	   59703 	   44 
  99622 	   39921 	   31 	   36295 	   35 
 100151 	   36861 	   17 	   37116 	   12 
  97814 	   39525 	   15 	   37963 	   15 
  97658 	   43242 	   16 	   40653 	   15 
  97711 	   46201 	   21 	   38338 	   20 
  96594 	   46412 	   18 	   47382 	   33 
 102164 	   63112 	   43 	   67513 	   31 
  97986 	   40148 	   16 	   50746 	   20 
  97321 	   41293 	   29 	   37625 	   13 
  99126 	   36497 	   16 	   37763 	   15 
 103338 	   43650 	  103 	   49884 	  108 
  99180 	   47593 	   19 	   45391 	   19 
  99088 	   42559 	   12 	   41719 	   16 
 100483 	   50765 	   28 	   51215 	   24 
  99340 	   46792 	   22 	   47155 	   20 
 100519 	   37562 	   13 	   36960 	   15 
 102681 	   46586 	   33 	   50841 	   32 
 101351 	   44115 	   23 	   43504 	   21 
  99000 	   39741 	   16 	   38889 	   14 
  99584 	   43258 	   25 	   42875 	   28 
  99727 	   41097 	   19 	   40829 	   15 
  97462 	   46866 	   39 	   47574 	   37 
  99835 	   37789 	   14 	   37481 	   16 
 101370 	   43092 	   27 	   45288 	   25 
  98098 	   43609 	   26 	   42727 	   19 
 100198 	   38808 	   15 	   43565 	   24 
 100883 	   41176 	   24 	   38178 	   13 
  99359 	   54202 	   26 	   55571 	   25 
  97713 	   43554 	   16 	   47678 	   17 
  95677 	   42120 	   16 	   41710 	   16 
  93559 	   41850 	   21 	   43456 	   20 
  94898 	   41435 	   12 	   45919 	   14 
 104048 	   78094 	   89 	   74308 	   85 
  98358 	   39516 	   16 	   40828 	   17 
  98659 	   40922 	   22 	   39569 	   13 
  97133 	   43688 	   25 	   41892 	   24 
  95971 	   46537 	   18 	   43120 	   25 
  95617 	   49470 	   30 	   48586 	   31 
  99635 	   38909 	   13 	   41748 	   18 
 100405 	   40329 	   25 	   40372 	   15 
  95030 	   51380 	   28 	   46304 	   23 
  95301 	   40683 	   18 	   41428 	   21 
  95339 	   41170 	   15 	   40722 	   15 
  92527 	   46244 	   31 	   47421 	   32 
  94939 	   42998 	   13 	   46731 	   11 
  93504 	   43412 	   16 	   44038 	   17 
  92736 	   41271 	   16 	   40008 	   15 
  92684 	   40262 	   12 	   51612 	   35 
  97190 	   60200 	   39 	   52908 	   22 
  95640 	   37148 	   10 	   41662 	   16 
  97299 	   50905 	   23 	   53414 	   24 
  93905 	   46231 	   23 	   39747 	   19 
  91419 	   47157 	   29 	   42530 	   31 
  95688 	   64406 	   89 	   67529 	   89 
  92115 	   45119 	   23 	   46456 	   20 
  88583 	   48501 	   12 	   48111 	   25 
  94321 	   45421 	   22 	   42779 	   13 
  91321 	   50192 	   21 	   45859 	   24 
  91352 	   48941 	   19 	   50537 	   30 
  90947 	   44394 	   17 	   46113 	   19 
  86355 	   45958 	   18 	   44005 	   16 
  91610 	   41866 	   12 	   47072 	   16 
  91965 	   42774 	   14 	   42604 	   13 
  95668 	   58476 	   47 	   58640 	   46 
  91462 	   50529 	   20 	   48331 	   21 
  89692 	   46436 	   13 	   46427 	   22 
  93078 	   47327 	   22 	   46603 	   14 
  87912 	   55386 	   22 	   53342 	   22 
  88104 	   49041 	   15 	   56741 	   25 
  91256 	   53264 	   24 	   53705 	   18 
  89953 	   42635 	   15 	   54177 	   17 
  91054 	   61004 	   25 	   56272 	   30 
  91438 	   49452 	   29 	   43738 	   16 
  84795 	   58705 	   21 	   51121 	   72 
  85402 	   50442 	   70 	   46585 	   14 
  86524 	   47389 	   14 	   48030 	   13 
  84760 	   50130 	   16 	   49773 	   17 
  86359 	   48098 	   18 	   49111 	   17 
  85458 	   51122 	   33 	   50947 	   31 
  83620 	   47926 	   11 	   47414 	   15 
  88968 	   50940 	   20 	   59326 	   19 
  86872 	   45228 	   12 	   46996 	   14 
  88481 	   55933 	   30 	   57454 	   37 
  82441 	   67757 	   37 	   55382 	   33 
  83177 	   51013 	   15 	   48797 	   16 
  83633 	   48105 	   12 	   51617 	   17 
  86844 	   51191 	   16 	   58749 	   15 
  89921 	   58501 	   30 	   58387 	   33 
  82967 	   65548 	   26 	   55200 	   28 
  86924 	   49595 	   16 	   62737 	   20 
  87051 	   64962 	   30 	   59928 	   33 
  82214 	   62017 	   24 	   55330 	   26 
  86672 	   53244 	   21 	   53464 	   21 
  80031 	   62536 	  132 	   69516 	  155 
  74244 	   70240 	   25 	   68667 	   17 
  71068 	   71873 	   18 	   84055 	   66 
  62516 	   84557 	   54 	   77748 	   16 
  57463 	   82311 	   18 	   92672 	   51 
  50521 	   95519 	   42 	   97060 	   24 
  42704 	  106242 	   27 	  101833 	   19 
  39098 	  100478 	   17 	  101207 	   16 
  44177 	   99595 	   16 	  100264 	   13 
  39181 	  103890 	   20 	  110082 	   29 
  34922 	  110721 	   26 	  105922 	   15 
  37464 	  109260 	   16 	  105525 	   16 
  32921 	  106438 	   11 	  111271 	   23 
  38304 	  107676 	   18 	  109293 	   30 
  44425 	  109613 	   29 	  105596 	   34 
  43654 	   99571 	   17 	  100208 	   16 
  36816 	  111146 	   22 	  108894 	   17 
  37213 	  106957 	   11 	  106441 	   15 
  35401 	  109661 	   17 	  106829 	   19 
  38000 	  102551 	   16 	  103982 	   12 
  37305 	  102638 	   13 	  104123 	   24 
  37954 	  103249 	   22 	  102974 	   14 
  43599 	   99676 	   17 	   96369 	   11 
  37852 	  102016 	   24 	  107119 	   30 
  50136 	   96870 	   29 	   90078 	   19 
  50245 	   97279 	   27 	   95763 	   27 
  50589 	   90178 	    9 	   90390 	   13 
  50615 	   92028 	   15 	   94200 	   17 
  42632 	  103466 	   20 	  102299 	   10 
  42055 	  104069 	   17 	  104322 	   18 
  43504 	   97919 	   17 	   94984 	   13 
  43313 	   98979 	   37 	  101052 	   37 
  51619 	   89103 	   13 	   89835 	   10 
  52419 	   91917 	   18 	   98977 	   53 
  58759 	  100654 	   52 	   85901 	   49 
  54204 	   85670 	   19 	   85158 	   11 
  51683 	   93372 	   18 	   91640 	   16 
  54241 	   87442 	   14 	   87132 	   17 
  56446 	   88569 	   18 	   81198 	   16 
  59487 	   80713 	   17 	   91832 	   73 
  58709 	   94044 	   61 	   90951 	   20 
  52859 	   86924 	   14 	   92422 	   18 
  50781 	   94188 	   21 	   91448 	   19 
  52383 	   92631 	   21 	   87942 	   13 
  49909 	   90201 	   11 	   93619 	   19 
  58152 	   88131 	   21 	   88484 	   25 
  56408 	   92938 	   27 	   86813 	   21 
  49807 	   89609 	   11 	   96932 	   22 
  49172 	   95302 	   30 	   92168 	   15 
  47896 	   95010 	   15 	   95408 	   11 
  45016 	   98258 	   13 	   97781 	   15 
  43410 	   93651 	   11 	   99248 	   14 
  43146 	   99066 	   12 	   96491 	   20 
  45173 	   98156 	   23 	  103469 	   27 
  44694 	  102168 	   30 	   91261 	   11 
  43912 	   96431 	   16 	  100790 	   13 
  42690 	   99430 	   14 	   96228 	   11 
  44047 	   98020 	   17 	   99995 	   14 
  42424 	  102454 	   66 	   99534 	   75 
  41449 	   93342 	   12 	   94396 	   14 
  40321 	   96036 	   13 	   98620 	   15 
  42921 	   95872 	   11 	   92710 	   13 
  43673 	   95779 	   17 	   98265 	   18 
  42321 	   94300 	   10 	  105641 	   31 
  37296 	  107594 	   28 	   96204 	    9 
  38258 	  101076 	   14 	  102487 	   16 
  34981 	  102855 	   15 	  100082 	   14 
  38219 	   98053 	    9 	  102480 	   15 
  35621 	  103540 	   15 	  105816 	   16 
  37845 	  104989 	   24 	  105930 	   16 
  35250 	  104367 	   14 	  101061 	   10 
  33504 	  102766 	   10 	  104664 	   17 
  35793 	  102263 	   17 	  103000 	   15 
  36964 	  103361 	   15 	  109060 	   28 
  35207 	  108320 	   27 	  104732 	   25 
  35329 	  104944 	   24 	  105899 	   15 
  34500 	  106272 	   12 	  107834 	   15 
  33482 	  111287 	   18 	  107758 	   14 
  33157 	  105090 	   11 	  114231 	   74 
  33158 	  115513 	   65 	  109484 	   18 
  33545 	  110594 	   18 	  110282 	   13 
  31237 	  113463 	   18 	  109036 	   15 
  34354 	  104444 	   15 	  104940 	   12 
  38450 	  105415 	   20 	  114276 	   48 
  53691 	   94250 	   43 	   84914 	   12 
  57954 	   83305 	   21 	   94053 	   73 
  52734 	  100109 	   66 	   90444 	   21 
  52167 	   89522 	   19 	   88294 	   17 
  54533 	   84868 	   11 	   84785 	   10 
  50462 	   96029 	   27 	   94270 	   30 
  45115 	   99394 	   18 	   95760 	   17 
  42905 	   94666 	   13 	   94127 	   22 
  45762 	   94936 	   19 	   93617 	   15 
  46228 	   95008 	   18 	   93348 	   21 
  48370 	   88965 	   17 	   92795 	   12 
  49863 	   93924 	   35 	   87897 	   39 
  51851 	   89475 	   17 	   91093 	   22 
  55233 	   87962 	   19 	   80654 	   12 
  57072 	   82691 	   12 	   82840 	   19 
  60454 	   80855 	   17 	   76144 	   12 
  62529 	   79337 	   18 	   81720 	   34 
  64317 	   79399 	   30 	   78197 	   26 
  69201 	   74602 	   28 	   65862 	   11 
  69350 	   72025 	   20 	   72268 	   23 
  72211 	   74209 	   38 	   73062 	   33 
  71716 	   68869 	   17 	   65155 	   16 
  75288 	   61919 	   12 	   62673 	   16 
  76719 	   62661 	   21 	   61414 	   13 
  79433 	   64324 	   55 	   65933 	   46 
  90748 	   51973 	   44 	   52559 	   50 
  94342 	   47329 	   23 	   50334 	   23 
  92329 	   52739 	   53 	   49114 	   61 
  91413 	   45727 	   15 	   48372 	   19 
  87679 	   52984 	   21 	   50311 	   13 
  87274 	   57170 	   20 	   54908 	   23 
  85489 	   50936 	   13 	   51802 	   11 
  88123 	   53486 	   22 	   52404 	   17 
  87352 	   48810 	   11 	   50967 	   29 
  84805 	   55347 	   29 	   54251 	   20 
  83070 	   59425 	   21 	   55400 	   19 
  81120 	   56784 	   15 	   59360 	   15 
  80733 	   61170 	   15 	   60271 	   12 
  83321 	   55060 	   16 	   55664 	   16 
  82287 	   61378 	   34 	   64713 	   42 
  86708 	   56415 	   30 	   56407 	   31 
  83165 	   57306 	   15 	   56118 	   19 
  79901 	   59279 	   17 	   55927 	   16 
  81682 	   53499 	   14 	   55489 	   18 
  83995 	   54949 	   23 	   53236 	   12 
  84236 	   58882 	   27 	   57428 	   27 
  88860 	   52802 	   20 	   56972 	   21 
  92467 	   46154 	   13 	   51490 	   25 
  88976 	   57642 	   36 	   49572 	   29 
  85710 	   51035 	   15 	   53768 	   15 
  86306 	   55367 	   24 	   53836 	   22 
  83904 	   58187 	   74 	   65821 	   86 
  82711 	   59505 	   21 	   56156 	   18 
  83734 	   61620 	   17 	   58976 	   18 
  83811 	   54181 	   11 	   54780 	   15 
  83734 	   56465 	   20 	   56900 	   15 
  82417 	   62092 	   21 	   60985 	   18 
  81507 	   56879 	   15 	   62267 	   23 
  79131 	   63732 	   24 	   61870 	   25 
  74349 	   64315 	   18 	   66464 	   42 
  72046 	   67205 	   36 	   66970 	   12 
  73402 	   67414 	   14 	   67708 	   13 
  70609 	   73304 	   24 	   70406 	   27 
  73598 	   61338 	   14 	   64225 	   14 
  75496 	   64391 	   14 	   65501 	   13 
  72593 	   70658 	   27 	   69781 	   30 
  74673 	   64721 	   13 	   65523 	   12 
  68781 	   77958 	   27 	   74161 	   25 
  66846 	   70389 	   12 	   73160 	   14 
  67695 	   70934 	   17 	   77822 	   64 
  69617 	   76212 	   55 	   70945 	   14 
  68767 	   74419 	   17 	   73317 	   14 
  69546 	   74318 	   19 	   74337 	   16 
  75930 	   71788 	   25 	   68773 	   20 
  80280 	   60190 	   13 	   57991 	   12 
  85755 	   57307 	   54 	   63165 	   63 
  95146 	   47332 	   29 	   48081 	   32 
  94408 	   51062 	   49 	   49111 	   51 
  89219 	   57546 	   25 	   55578 	   27 
  89428 	   50357 	   12 	   52547 	   13 
  92061 	   53014 	   25 	   49367 	   29 
  93495 	   47358 	   17 	   46113 	   16 
  96466 	   46407 	   18 	   42159 	   15 
  98599 	   40460 	   12 	   42754 	   16 
 107173 	   35676 	   19 	   27525 	   15 
 109346 	   32426 	   18 	   30365 	   15 
 107780 	   35796 	   33 	   36312 	   35 
 102558 	   43243 	   33 	   38923 	   31 
 104785 	   37323 	   14 	   36428 	   16 
 105776 	   34355 	   18 	   34156 	   15 
 101893 	   40321 	   15 	   37872 	   17 
 102939 	   37313 	   17 	   38007 	   18 
 102880 	   35895 	   15 	   33150 	   13 
 102411 	   40027 	   28 	   40677 	   32 
 109331 	   31400 	   28 	   29513 	   31 
 106156 	   42540 	   34 	   39859 	   32 
 116053 	   21344 	   14 	   20943 	   14 
 109109 	   32868 	   24 	   30369 	   28 
 111983 	   26579 	   20 	   24958 	   15 
 113859 	   29011 	   52 	   30032 	   52 
 113209 	   23802 	   16 	   22232 	   14 
 115068 	   20415 	   13 	   21871 	   11 
 116167 	   22042 	   25 	   22606 	   26 
 116152 	   24320 	   15 	   24739 	   15 
 115471 	   23589 	   26 	   23755 	   29 
 113920 	   22378 	   17 	   22429 	   18 
 114277 	   24972 	   17 	   24662 	   15 
 111431 	   30453 	   22 	   30242 	   20 
 111352 	   24752 	   13 	   26705 	   14 
 110462 	   25787 	   15 	   27323 	   13 
 109876 	   30109 	   36 	   30166 	   35 
 109878 	   31119 	   13 	   30554 	   15 
 110428 	   28503 	   25 	   29557 	   23 
 110492 	   25629 	   14 	   25222 	   14 
 112150 	   26608 	   11 	   31228 	   20 
 109568 	   35803 	   27 	   30786 	   22 
 109944 	   26770 	   12 	   27512 	   12 
 108625 	   30320 	   15 	   31138 	   14 
 107968 	   33673 	   22 	   33591 	   19 
 107731 	   32652 	   16 	   36989 	   18 
 107700 	   41515 	   62 	   41930 	   81 
 118042 	   26360 	   60 	   26609 	   44 
 119938 	   18453 	   11 	   19162 	   14 
 116738 	   25392 	   48 	   23610 	   52 
 116495 	   21983 	   18 	   23647 	   19 
 113268 	   24560 	   16 	   22480 	   16 
 113321 	   28081 	   15 	   26194 	   13 
 112683 	   25620 	   15 	   25116 	   17 
 111501 	   27023 	   16 	   27030 	   15 
 112181 	   29853 	   27 	   31345 	   37 
 117383 	   25263 	   37 	   29427 	   33 
 118139 	   18580 	   15 	   17555 	   18 
 117312 	   18500 	   14 	   16288 	   14 
 113929 	   27134 	   24 	   24203 	   24 
 114699 	   24544 	   18 	   25932 	   16 
 115013 	   26434 	   29 	   24479 	   28 
 115266 	   23844 	   16 	   24289 	   21 
 114397 	   26021 	   15 	   28124 	   15 
 112320 	   30766 	   20 	   27769 	   21 
 112996 	   27558 	   20 	   28608 	   18 
 112031 	   28926 	   19 	   29598 	   19 
 111844 	   30231 	   29 	   32179 	   31 
 115887 	   24970 	   31 	   26566 	   28 
 114995 	   28769 	   29 	   29588 	   27 
 111784 	   28593 	   19 	   26449 	   26 
 110646 	   28521 	   21 	   28225 	   28 
 108817 	   28863 	   22 	   28064 	   14 
 108068 	   36907 	  101 	   33401 	  106 
 111049 	   27266 	   11 	   25922 	   10 
 113787 	   25347 	   16 	   20989 	   18 
 114861 	   27814 	   18 	   25069 	   18 
 117406 	   19663 	   13 	   17884 	   13 
 119472 	   19323 	   22 	   17616 	   19 
 117226 	   24438 	   31 	   22112 	   37 
 118618 	   20453 	   16 	   17265 	   18 
 119510 	   16136 	   18 	   16593 	   16 
 116392 	   23373 	   19 	   22018 	   15 
 115653 	   24214 	   18 	   22671 	   16 
 114273 	   24790 	   42 	   23214 	   43 
 114979 	   22688 	   18 	   18671 	   15 
 113623 	   26440 	   22 	   26089 	   20 
 108215 	   32601 	   20 	   30091 	   19 
 111438 	   25347 	   20 	   27054 	   18 
 106793 	   28432 	   18 	   28181 	   15 
 104719 	   33274 	   30 	   32421 	   34 
 107302 	   30883 	   18 	   29209 	   18 
 105755 	   31906 	   21 	   29608 	   11 
 104641 	   29367 	   12 	   29598 	   19 
 103588 	   31262 	   18 	   31879 	   15 
 102145 	   35980 	   70 	   37278 	   74 
 100828 	   40325 	   22 	   35196 	   20 
 102700 	   31938 	   14 	   35514 	   14 
  97339 	   38225 	   23 	   35309 	   20 
 100754 	   36187 	   14 	   36532 	   17 
 100958 	   40210 	   37 	   42200 	   37 
 100184 	   38830 	   18 	   39044 	   16 
  98311 	   39371 	   18 	   39444 	   16 
 102249 	   41791 	   27 	   43142 	   27 
 100798 	   43068 	   21 	   39473 	   16 
 100780 	   35546 	   15 	   40387 	   18 
  97317 	   40105 	   35 	   41097 	   41 
  98794 	   37717 	   20 	   37231 	   16 
  96640 	   40024 	   21 	   40081 	   19 
  98434 	   36397 	   20 	   44999 	   16 
  95648 	   40300 	   32 	   40587 	   10 
  94234 	   39850 	   15 	   41206 	   35 
  97349 	   42718 	   17 	   41583 	   19 
  98038 	   42624 	   20 	   45391 	   21 
  98367 	   37745 	   22 	   38802 	   11 
  97208 	   37620 	   14 	   39690 	   17 
  92769 	   45023 	   66 	   42543 	   80 
  94822 	   42916 	   18 	   45158 	   19 
  90564 	   51970 	   24 	   46279 	   18 
  96121 	   39111 	   14 	   43300 	   16 
  90008 	   45347 	   19 	   44147 	   13 
  89911 	   48190 	   30 	   48336 	   37 
  93354 	   43600 	   20 	   44676 	   19 
  89023 	   48512 	   24 	   55862 	   22 
  91368 	   43613 	   21 	   42963 	   12 
  88636 	   43298 	   13 	   49691 	   13 
  85523 	   55418 	   37 	   54136 	   41 
  89870 	   50998 	   20 	   51662 	   20 
  91749 	   50261 	   17 	   48945 	   13 
  89957 	   47847 	   16 	   51094 	   20 
  86063 	   60008 	   24 	   61897 	   21 
  89028 	   53212 	   35 	   53164 	   36 
  90424 	   44964 	   22 	   44289 	   12 
  88272 	   44244 	   15 	   44638 	   16 
  87102 	   51300 	   22 	   51727 	   21 
  89532 	   50593 	   25 	   51230 	   17 
  90503 	   51011 	   59 	   47995 	   15 
  69081 	   93271 	   19 	  104793 	   77 
  34121 	  113334 	   18 	  127554 	   22 
  17026 	  121697 	   16 	  141237 	   12 
   6523 	  128997 	   31 	  143308 	   13 
  11476 	  124994 	   21 	  126480 	   34 
  11763 	  125751 	   20 	  125803 	   18 
  10950 	  123931 	   17 	  126811 	   20 
  10145 	  123967 	   14 	  126346 	   14 
   4909 	  129312 	   37 	  132254 	   44 
  10404 	  124266 	   17 	  123907 	   12 
  13122 	  124594 	   22 	  123254 	   14 
  14626 	  123619 	   22 	  124350 	   20 
  10883 	  127391 	   31 	  127919 	   18 
   5899 	  127781 	   13 	  131905 	   29 
  10474 	  129821 	   19 	  124440 	   12 
  13641 	  130573 	   22 	  128988 	   20 
  12551 	  129512 	   25 	  132069 	   22 
  12355 	  128318 	   18 	  131209 	   20 
   8001 	  198989 	  118 	  132018 	   18 
  72932 	  122949 	   82 	  108462 	  161 
  91610 	   47779 	   16 	   51597 	   15 
  90893 	   59704 	   56 	   53554 	   17 
  86427 	   53131 	   16 	   63565 	   56 
  82998 	   62801 	   36 	   58254 	   24 
  80183 	   65594 	   25 	   74120 	   48 
  74631 	   68709 	   16 	   69930 	   16 
  79411 	   68585 	   18 	   69384 	   18 
  77918 	   61077 	   12 	   63430 	   13 
  74298 	   69599 	   19 	   66334 	   21 
  78996 	   70337 	   23 	   64160 	   14 
  78476 	   60700 	   12 	   67109 	   20 
  75184 	   67298 	   13 	   65416 	   16 
  79959 	   69801 	   34 	   64261 	   28 
  80550 	   71290 	   32 	   72390 	   34 
  78928 	   67312 	   19 	   65466 	   14 
  74764 	   66042 	   13 	   68874 	   21 
  75755 	   68845 	   16 	   67462 	   11 
  74691 	   72093 	   20 	   74066 	   19 
  76231 	   64784 	   14 	   65354 	   14 
  72087 	   73422 	   22 	   71456 	   18 
  78373 	   66806 	   20 	   65420 	   13 
  76227 	   62493 	   13 	   68411 	   18 
  76564 	   74069 	   30 	   64841 	   16 
  80803 	   59059 	   14 	   62269 	   26 
  82085 	   67772 	   35 	   69770 	   40 
  81858 	   58868 	   12 	   57687 	   13 
  82283 	   62864 	   18 	   65676 	   18 
  78515 	   63148 	   17 	   60564 	   12 
  78159 	   66165 	   16 	   70050 	   19 
  78331 	   61886 	   14 	   60615 	   12 
  79099 	   65761 	   25 	   65981 	   30 
  83797 	   58406 	   12 	   60490 	   10 
  82159 	   71464 	   50 	   60624 	   31 
  84889 	   64041 	   37 	   77013 	   53 
  80799 	   58832 	   11 	   58905 	   16 
  77676 	   65479 	   19 	   61942 	   17 
  80399 	   62140 	   17 	   61777 	   14 
  77551 	   63832 	   22 	   67321 	   18 
  80884 	   68230 	   59 	   60350 	   14 
  75274 	   62097 	   14 	   78432 	   59 
  75723 	   68879 	   21 	   72706 	   22 
  72252 	   71182 	   23 	   65652 	   12 
  76780 	   64870 	   15 	   67556 	   26 
  72827 	   70294 	   16 	   68066 	   15 
  76675 	   64196 	   20 	   60608 	   12 
  80290 	   58908 	   13 	   65070 	   25 
  76822 	   65184 	   17 	   59899 	   16 
  79868 	   61095 	   18 	   60149 	   19 
  80962 	   62222 	   17 	   68629 	   14 
  76928 	   62378 	   23 	   62906 	   14 
  74532 	   79726 	   34 	   67826 	   39 
  77031 	   62658 	   14 	   69189 	   17 
  76764 	   72642 	   32 	   80185 	   33 
  72956 	   66014 	   12 	   68514 	   12 
  69883 	   67247 	   11 	   63212 	   18 
  74371 	   71541 	   22 	   70341 	   17 
  70211 	   72394 	   49 	   73238 	   16 
  69257 	   65040 	   12 	   77163 	   49 
  68594 	   68760 	   15 	   65784 	   15 
  69360 	   71349 	   19 	   68068 	   18 
  69663 	   69981 	   14 	   70837 	   15 
  70837 	   65699 	   13 	   68282 	   12 
  70647 	   70828 	   34 	   67179 	   30 
  72813 	   69115 	   18 	   64828 	   15 
  74913 	   62816 	   13 	   69966 	   18 
  70879 	   67519 	   13 	   65254 	   14 
  73277 	   69120 	   15 	   71940 	   14 
  71993 	   72942 	   35 	   70129 	   29 
  73105 	   67835 	   21 	   75470 	   36 
  68928 	   73587 	   19 	   65610 	   11 
  70701 	   70120 	   17 	   66933 	   19 
  70855 	   64267 	   15 	   68155 	   17 
  69002 	   68404 	   13 	   73394 	   15 
  68985 	   73061 	   24 	   76451 	   28 
  67631 	   72755 	   13 	   68917 	   12 
  68267 	   69507 	   16 	   73343 	   18 
  66969 	   73830 	   15 	   73542 	   13 
  69194 	   86557 	   75 	   93381 	   85 
  64103 	   77530 	   21 	   74360 	   12 
  66030 	   78532 	   21 	   80502 	   23 
  62894 	   77722 	   15 	   80303 	   13 
  63175 	   80347 	   26 	   75301 	   13 
  66080 	   79697 	   37 	   72152 	   22 
  73009 	   64555 	   16 	   70762 	   33 
  74702 	   70171 	   82 	   59199 	   19 
  80551 	   67773 	   37 	   53390 	   88 
  89796 	   54638 	   15 	   50241 	   44 
  93944 	   44257 	   12 	   44236 	   14 
  90046 	   62334 	   64 	   62466 	   70 
  86874 	   55262 	   14 	   59029 	   15 
  87061 	   53739 	   14 	   54661 	   13 
  84624 	   60982 	   29 	   65000 	   28 
  80649 	   60312 	   16 	   67251 	   16 
  80269 	   64254 	   19 	   57738 	   12 
  78713 	   61278 	   18 	   63971 	   19 
  81745 	   61470 	   20 	   63913 	   21 
  80062 	   58370 	   17 	   60999 	   16 
  81970 	   63340 	   32 	   64427 	   33 
  81949 	   61672 	   22 	   59267 	   22 
  81004 	   59514 	   17 	   61430 	   12 
  81415 	   60069 	   25 	   56087 	   13 
  82394 	   56070 	   15 	   56321 	   20 
  83748 	   60185 	   15 	   60020 	   16 
  85253 	   60116 	   28 	   54293 	   29 
  90890 	   51635 	   17 	   47482 	   19 
  90480 	   64632 	   42 	   63543 	   41 
  94262 	   54354 	   29 	   58906 	   23 
  84771 	   57763 	   15 	   67292 	   18 
  84011 	   53498 	   13 	   57310 	   12 
  81153 	   54992 	   15 	   53077 	   17 
  82700 	   60013 	   31 	   61634 	   29 
  82792 	   56382 	   14 	   58216 	   15 
  79378 	   57363 	   10 	   60836 	   14 
  79579 	   63213 	   23 	   61062 	   26 
  82186 	   56885 	   21 	   56509 	   22 
  83210 	   59639 	   17 	   61432 	   18 
  78999 	   64859 	   23 	   60678 	   11 
  76637 	   62901 	   18 	   68501 	   17 
  77714 	   67094 	   21 	   74577 	   22 
  71794 	   69370 	   17 	   64511 	   20 
  76097 	   70612 	   20 	   65212 	   17 
  76849 	   63754 	   18 	   70789 	   17 
  68667 	   75744 	   39 	   77499 	   39 
  74581 	   69137 	   43 	   61659 	   46 
  80776 	   65385 	   15 	   53983 	   14 
  88149 	   51841 	   13 	   55157 	   14 
  85500 	   60736 	   35 	   59695 	   37 
  87711 	   50485 	   17 	   55920 	   14 
  81264 	   58176 	   20 	   56761 	   19 
  83629 	   59131 	   14 	   55853 	   14 
  84090 	   50509 	   13 	   55653 	   14 
  81768 	   61789 	   31 	   66778 	   28 
  75395 	   62347 	   11 	   63941 	   14 
  71545 	   70764 	   14 	   69003 	   15 
  73542 	   77777 	   63 	   78165 	   71 
  72559 	   65764 	   20 	   69309 	   20 
  72465 	   68572 	   16 	   67164 	   18 
  75790 	   68002 	   16 	   66969 	    9 
  73638 	   64931 	   19 	   67552 	   19 
  72367 	   70992 	   22 	   71341 	   20 
  75849 	   72254 	   27 	   64966 	   15 
  71918 	   65505 	   14 	   73308 	   27 
  68179 	   75122 	   40 	   76158 	   37 
  68433 	   70473 	   21 	   69958 	   14 
  67074 	   73212 	   15 	   71922 	   17 
  67829 	   74916 	   21 	   76680 	   20 
  69484 	   68803 	   21 	   66238 	   14 
  67518 	   67947 	   12 	   71339 	   18 
  67908 	   76054 	   29 	   72774 	   31 
  71512 	   69265 	   18 	   67861 	   12 
  67429 	   75818 	   21 	   81238 	   26 
  67856 	   72425 	   16 	   68884 	   14 
  66767 	   78308 	   48 	   76211 	   16 
  66376 	   73208 	   14 	   76602 	   52 
  67222 	   72653 	   17 	   74934 	   21 
  65996 	   74374 	   16 	   74161 	   14 
  69920 	   74394 	   23 	   69030 	   26 
  75156 	   62547 	   11 	   64007 	   13 
  76658 	   68190 	   56 	   61429 	   59 
  82291 	   56900 	   34 	   57815 	   24 
  79398 	   61408 	   53 	   63290 	   57 
  78855 	   66191 	   23 	   68361 	   26 
  78315 	   61598 	   14 	   60998 	   11 
  75092 	   69958 	   20 	   69443 	   24 
  78595 	   61910 	   20 	   64463 	   23 
  74705 	   67345 	   15 	   66809 	   16 
  76358 	   67453 	   24 	   61805 	   11 
  78815 	   59698 	   10 	   59102 	   21 
  81507 	   60864 	   13 	   63826 	   14 
  78574 	   63339 	   31 	   65590 	   33 
  76542 	   66014 	   28 	   66192 	   28 
  76968 	   64386 	   15 	   65857 	   16 
  78420 	   60586 	   13 	   62069 	   18 
  74125 	   65796 	   20 	   61038 	   15 
  74592 	   64427 	   17 	   68765 	   15 
  74046 	   62653 	   11 	   61826 	   18 
  72516 	   68827 	   23 	   66458 	   26 
  78611 	   61257 	   27 	   60793 	   30 
  78720 	   68614 	   28 	   67748 	   34 
  78136 	   59225 	   13 	   58640 	   15 
  80251 	   62740 	   23 	   65186 	   24 
  76562 	   59808 	   13 	   60437 	   15 
  73988 	   65713 	   42 	   69957 	   43 
  76070 	   61246 	   18 	   57240 	   12 
  76303 	   58197 	   12 	   62073 	   19 
  75425 	   61342 	   23 	   59097 	   19 
  76962 	   61000 	   20 	   62172 	   16 
  77365 	   64581 	   25 	   56714 	   12 
  77076 	   60035 	   16 	   63332 	   27 
  78419 	   59956 	   15 	   61688 	   19 
  78223 	   65933 	   20 	   67695 	   23 
  79070 	   61294 	   15 	   58795 	   14 
  77586 	   62985 	   38 	   61018 	   14 
  74941 	   60236 	   14 	   64803 	   32 
  75965 	   62971 	   24 	   63127 	   16 
  77805 	   63812 	   22 	   60478 	   15 
  76702 	   59553 	   14 	   62840 	   20 
  75811 	   63991 	   23 	   60887 	   22 
  79672 	   63294 	   27 	   63045 	   16 
  77504 	   59395 	   14 	   60390 	   23 
  77688 	   62240 	   25 	   61971 	   18 
  75053 	   62414 	   11 	   59901 	   21 
  80159 	   64755 	   54 	   62153 	   19 
  77863 	   66260 	   57 	   65061 	   55 
  82559 	   59960 	   28 	   58744 	   58 
  85101 	   53561 	   14 	   60288 	   26 
  78900 	   63460 	   60 	   65449 	   54 
  79272 	   60348 	   19 	   58356 	   13 
  77750 	   58409 	   12 	   58970 	   18 
  77274 	   63007 	   15 	   66172 	   12 
  79557 	   59295 	   19 	   57357 	   12 
  76552 	   61547 	   16 	   62552 	   15 
  75947 	   66222 	   25 	   62042 	   31 
  80895 	   62992 	   35 	   58209 	   31 
  77822 	   59395 	   15 	   68674 	   33 
  77970 	   56945 	   14 	   58233 	   16 
  77550 	   63678 	   24 	   60930 	   25 
  75306 	   60609 	   15 	   59367 	   12 
  76081 	   64935 	   27 	   66526 	   25 
  79699 	   59767 	   16 	   58862 	   15 
  78711 	   61089 	   14 	   60920 	   14 
  79630 	   62695 	   18 	   60452 	   18 
  80322 	   59178 	   20 	   60054 	   16 
  77683 	   65012 	   26 	   63762 	   16 
  78824 	   60000 	   31 	   59191 	   27 
  82367 	   56832 	   12 	   56207 	   29 
  77632 	   66631 	   30 	   65905 	   18 
  74861 	   64774 	   17 	   71139 	   32 
  78535 	   61496 	   25 	   53034 	   13 
  83841 	   53619 	   13 	   57004 	   25 
  77625 	   67176 	  105 	   70252 	  111 
  79495 	   60182 	   15 	   58774 	   11 
  76329 	   60753 	   15 	   59766 	   16 
  76419 	   65965 	   20 	   65681 	   19 
  81941 	   56223 	   15 	   59288 	   13 
  77713 	   60152 	   19 	   57941 	   12 
  76393 	   63877 	   19 	   67057 	   26 
  78049 	   64570 	   19 	   58613 	   18 
  84948 	   57849 	   22 	   63474 	   24 
  76404 	   62911 	   22 	   61089 	   22 
  80536 	   59757 	   15 	   60263 	   12 
  78748 	   59986 	   48 	   59009 	   13 
  81557 	   54750 	   16 	   54700 	   47 
  80519 	   59769 	   19 	   63025 	   23 
  81975 	   57092 	   15 	   52427 	   13 
  83708 	   52584 	   21 	   56072 	   26 
  80438 	   56088 	   14 	   54015 	   14 
  81167 	   58939 	   28 	   63020 	   26 
  83582 	   53815 	   17 	   53031 	   13 
  80296 	   54842 	   24 	   57029 	   14 
  80406 	   52958 	   15 	   51475 	   25 
  80656 	   54670 	   13 	   55136 	   15 
  84235 	   62266 	   56 	   53555 	   56 
  88810 	   53347 	   21 	   53622 	   26 
  87982 	   50664 	   14 	   57494 	   16 
  80510 	   59904 	   21 	   54508 	   24 
  82178 	   57116 	   14 	   60298 	   14 
  82657 	   57565 	   22 	   53973 	   13 
  83759 	   59972 	   21 	   55274 	   29 
  91612 	   50809 	   21 	   45083 	   15 
  92965 	   55098 	   29 	   61014 	   32 
  87751 	   48673 	   11 	   49857 	   22 
  90866 	   53293 	   17 	   57860 	   15 
  78272 	   61462 	   50 	   59978 	   45 
  83755 	   54132 	   17 	   53137 	   16 
  83971 	   53064 	   29 	   52338 	   12 
  81986 	   50229 	   17 	   52640 	   23 
  83129 	   49122 	   11 	   45808 	   12 
  84345 	   54669 	   31 	   52589 	   28 
  85615 	   56098 	   18 	   55123 	   13 
  88450 	   53861 	   31 	   51015 	   14 
  85264 	   48523 	   15 	   54599 	   26 
  86009 	   54376 	   17 	   47668 	   17 
  92352 	   53688 	   81 	   56938 	   99 
  93215 	   45012 	   14 	   45438 	   13 
  92800 	   45253 	   20 	   43209 	   13 
  90571 	   44910 	   25 	   45568 	   21 
  90922 	   45519 	   14 	   46451 	   17 
  91728 	   47252 	   24 	   44843 	   28 
  92126 	   42308 	   14 	   45745 	   12 
  88615 	   44842 	   23 	   44092 	   13 
  90742 	   42184 	   12 	   39684 	   21 
  89551 	   44735 	   11 	   47579 	   13 
  92708 	   48397 	   44 	   45990 	   46 
  92495 	   48014 	   17 	   47689 	   19 
  95021 	   40776 	   14 	   42045 	   14 
  93755 	   50259 	   22 	   45391 	   16 
  91739 	   53377 	   21 	   55918 	   22 
  94484 	   44596 	   27 	   44285 	   18 
  89991 	   44322 	   14 	   48844 	   30 
  91016 	   45634 	   13 	   44036 	   14 
  94572 	   48090 	   26 	   45816 	   23 
  96749 	   43780 	   18 	   44340 	   13 
  92000 	   44401 	   15 	   46132 	   17 
  84288 	   58794 	   44 	   51503 	   50 
  93054 	   43863 	   12 	   44334 	   14 
 100234 	   38725 	   25 	   38174 	   21 
 105483 	   29249 	   12 	   29608 	   11 
 107946 	   28987 	   28 	   26675 	   31 
 110022 	   29557 	   19 	   28959 	   17 
 110877 	   26683 	   28 	   26204 	   29 
 112529 	   25650 	   18 	   21839 	   11 
 113456 	   25967 	   16 	   25615 	   16 
 114054 	   26100 	   47 	   24709 	   49 
 112812 	   24262 	   15 	   26428 	   15 
 112994 	   26559 	   27 	   24300 	   26 
 114400 	   23787 	   20 	   24789 	   18 
 113492 	   22725 	   15 	   22012 	   14 
 114324 	   24905 	   30 	   26481 	   31 
 114216 	   27193 	   18 	   26270 	   17 
 114718 	   28682 	   31 	   26986 	   26 
 116106 	   24226 	   18 	   23760 	   16 
 117389 	   22550 	   18 	   23765 	   15 
 134534 	   96964 	  147 	  100047 	  121 
  93419 	   49068 	   24 	   61405 	   70 
  95982 	   45155 	   16 	   52239 	   26 
  94623 	   46823 	   16 	   43466 	   13 
  93076 	   44373 	   10 	   47997 	   14 
  93924 	   50026 	   14 	   49642 	   14 
  93782 	   49970 	   20 	   45198 	   11 
  93913 	   49610 	   32 	   44890 	   22 
  91548 	   45987 	   16 	   47772 	   34 
  92240 	   64210 	   60 	   65975 	   61 
  89969 	   50279 	   14 	   49063 	   12 
  94012 	   49732 	   15 	   47012 	   10 
  91491 	   48462 	   13 	   50520 	   14 
  92825 	   48165 	   14 	   50331 	   13 
  95090 	   49360 	   24 	   50737 	   23 
  92298 	   56679 	   26 	   53652 	   22 
  92523 	   49716 	   18 	   58360 	   21 
  95029 	   43976 	   10 	   44226 	   13 
  91156 	   48936 	   15 	   47693 	   18 
  92674 	   49989 	   14 	   47741 	   15 
  92635 	   53792 	   25 	   55954 	   25 
  96890 	   44362 	   19 	   42372 	   12 
  95456 	   44451 	   22 	   43069 	   20 
  99611 	   42365 	   13 	   43941 	   21 
  97163 	   42054 	   11 	   42085 	   14 
  94997 	   49688 	   15 	   50845 	   17 
  93660 	   60283 	   56 	   55010 	   63 
  94355 	   53622 	   21 	   59976 	   18 
  94171 	   48648 	   16 	   50054 	   11 
  98668 	   39643 	   13 	   40059 	   13 
  97791 	   43000 	   30 	   44094 	   23 
 101388 	   40424 	   30 	   38268 	   25 
 107445 	   32882 	   19 	   32345 	   12 
 107554 	   37767 	   36 	   39804 	   37 
 102487 	   37154 	   16 	   38944 	   16 
 105614 	   37794 	   11 	   36330 	   13 
 107424 	   32344 	   14 	   34196 	   13 
 104113 	   42530 	   22 	   43077 	   22 
 104511 	   40835 	   24 	   40860 	   21 
 102407 	   39014 	   12 	   39324 	   11 
 102258 	   46850 	   34 	   43409 	   25 
 106576 	   31804 	   14 	   36042 	   32 
 107360 	   33613 	   22 	   35751 	   21 
 105128 	   35560 	   18 	   34218 	   16 
 103672 	   37671 	   16 	   33991 	   19 
  99031 	   46074 	   46 	   42787 	   44 
  98748 	   41975 	   20 	   41924 	   15 
  94992 	   54384 	   37 	   52883 	   34 
  94360 	   45143 	   12 	   46810 	   16 
  97049 	   45202 	   15 	   46877 	   19 
  94855 	   43954 	   15 	   43272 	   13 
  91395 	   56334 	   22 	   56378 	   26 
  94676 	   51364 	   20 	   51590 	   13 
  96701 	   45850 	   12 	   46075 	   12 
  96553 	   50184 	   21 	   48427 	   21 
  94960 	   50739 	   18 	   48124 	   21 
  94765 	   49060 	   13 	   47605 	   13 
  95864 	   48255 	   21 	   43447 	   17 
  82563 	   72283 	  110 	   65387 	   32 
  79749 	   64850 	   33 	   69099 	  115 
  80419 	   59208 	   13 	   64908 	   34 
  84309 	   55859 	   22 	   56303 	   19 
  82991 	   59058 	   22 	   58955 	   19 
  86260 	   56806 	   20 	   57932 	   20 
  84640 	   53656 	   12 	   55671 	   13 
  82927 	   61200 	   31 	   61241 	   29 
  82592 	   60472 	   17 	   55956 	   13 
  82956 	   57372 	   13 	   62044 	   17 
  83997 	   62205 	   21 	   60769 	   16 
  85666 	   53831 	   12 	   58643 	   15 
  82967 	   61646 	   19 	   59184 	   20 
  87071 	   55498 	   26 	   52740 	   12 
  81168 	   66480 	   46 	   72747 	   48 
  85249 	   56540 	   16 	   52237 	   15 
  88227 	   49667 	   13 	   53185 	   14 
  87101 	   55767 	   25 	   54337 	   26 
  86779 	   56388 	   17 	   53619 	   15 
  84528 	   54408 	   26 	   55110 	   15 
  82662 	   61945 	   24 	   62916 	   33 
  86707 	   54270 	   11 	   55985 	   12 
  87480 	   55033 	   30 	   56163 	   29 
  87984 	   52988 	   21 	   49310 	   15 
  92786 	   47104 	   20 	   47924 	   23 
  89254 	   49050 	   14 	   55907 	   20 
  91032 	   58074 	   50 	   56682 	   47 
  97463 	   53180 	   41 	   55518 	   37 
 103146 	   38421 	   12 	   42265 	   13 
 104242 	   38793 	   18 	   33887 	   14 
  99400 	   40451 	   15 	   41634 	   15 
  98610 	   54490 	   19 	   49966 	   19 
 110138 	   30802 	   13 	   39231 	   11 
 106367 	   35453 	   18 	   35432 	   14 
 102109 	   43212 	   27 	   39016 	   21 
  97681 	   44480 	   16 	   43498 	   18 
  92939 	   52353 	   21 	   53741 	   21 
  93895 	   48781 	   17 	   48968 	   16 
  98882 	   41379 	   12 	   42552 	    7 
  90044 	   71063 	   53 	   57354 	   33 
  94186 	   49818 	   17 	   60077 	   46 
  92893 	   45637 	   13 	   46220 	   13 
  94520 	   46915 	   26 	   45059 	   27 
 101980 	   43143 	   28 	   43722 	   27 
 102347 	   39087 	   15 	   38719 	   21 
 104056 	   40431 	   18 	   39140 	   14 
 104394 	   44136 	   30 	   45365 	   28 
 102805 	   38176 	   20 	   39487 	   20 
 103262 	   32353 	   15 	   34431 	   16 
  98941 	   51237 	   30 	   46815 	   27 
  97127 	   43469 	   21 	   48640 	   20 
  91046 	   53533 	   30 	   44622 	   12 
  83673 	   56512 	   25 	   56808 	   41 
  82194 	   58542 	   28 	   56184 	   13 
  80985 	   58739 	   12 	   62912 	   27 
  82958 	   65413 	   26 	   58730 	   22 
  82988 	   56836 	   16 	   63337 	   23 
  79715 	   67193 	   23 	   66075 	   21 
  74371 	   68826 	   95 	   68379 	  102 
  79528 	   68230 	   23 	   65624 	   19 
  77660 	   68299 	   26 	   65685 	   18 
  79135 	   60364 	   13 	   65365 	   27 
  78995 	   63074 	   19 	   65886 	   20 
  77093 	   72763 	   36 	   66944 	   37 
  79300 	   61861 	   33 	   66219 	   18 
  79838 	   61013 	   17 	   57385 	   28 
  82251 	   58581 	   25 	   59802 	   21 
  83290 	   56364 	   24 	   51912 	   13 
  78955 	   57919 	   16 	   63677 	   21 
  83869 	   67709 	   49 	   59346 	   19 
  83370 	   53400 	   15 	   63167 	   54 
  80271 	   62660 	   20 	   60896 	   19 
  84047 	   68895 	   28 	   65403 	   23 
  84574 	   60546 	   22 	   58451 	   21 
  81252 	   57355 	   14 	   65346 	   22 
  84219 	   66968 	   39 	   63337 	   38 
  84106 	   57933 	   13 	   61223 	   16 
  84790 	   68228 	   30 	   60124 	   25 
  85856 	   55566 	   15 	   58417 	   23 
  87376 	   56487 	   23 	   57158 	   22 
  88502 	   50451 	   12 	   55187 	   14 
  86859 	   56172 	   28 	   58311 	   21 
  83098 	   61027 	   67 	   60362 	   62 
  90499 	   50491 	   24 	   56052 	   27 
  88764 	   58000 	   36 	   47182 	   11 
  95000 	   46937 	   20 	   53791 	   32 
  98451 	   39165 	   17 	   41874 	   18 
  92860 	   51643 	   29 	   51125 	   30 
  95845 	   45531 	   16 	   47065 	   22 
  98214 	   45069 	   15 	   43910 	   17 
  91555 	   51453 	   23 	   48762 	   20 
  89598 	   54204 	   20 	   53572 	   13 
  88264 	   53539 	   13 	   55795 	   23 
  87590 	   72353 	   54 	   64904 	   51 
  90626 	   52588 	   12 	   56395 	   14 
  92561 	   63788 	   29 	   59417 	   26 
  93986 	   51037 	   15 	   52688 	   18 
  92564 	   58149 	   37 	   50683 	   13 
  92908 	   45558 	   13 	   57743 	   31 
  93240 	   45569 	   20 	   42746 	   17 
  94201 	   60300 	   32 	   54381 	   21 
  95391 	   46534 	   16 	   54670 	   23 
  93400 	   48783 	   19 	   45619 	   15 
  91820 	   56527 	   27 	   54949 	   30 
  90515 	   54043 	   24 	   52548 	   14 
  87416 	   58140 	   40 	   56803 	   23 
  88346 	   50630 	   15 	   58099 	   41 
  85095 	   57435 	   23 	   55735 	   19 
  81647 	   61665 	   21 	   64339 	   20 
  85548 	   55839 	   22 	   53775 	   16 
  81059 	   67885 	   35 	   63009 	   21 
  81932 	   63258 	   15 	   65100 	   38 
  86649 	   63271 	   24 	   63960 	   22 
  75978 	   66944 	   23 	   69970 	   18 
  79723 	   75439 	  147 	   65563 	   16 
  72551 	   67265 	   18 	   86547 	  156 
  73808 	   66037 	   17 	   70018 	   25 
  67336 	   74218 	   50 	   77146 	   52 
  65457 	   72680 	   20 	   74659 	   14 
  63207 	   87112 	   41 	   82586 	   44 
  61118 	   83308 	   18 	   90266 	   22 
  58601 	   83845 	   20 	   81029 	   14 
  59218 	   82539 	   13 	   86532 	   20 
  57516 	   85470 	   21 	   86522 	   20 
  58389 	   80015 	   13 	   83412 	   15 
  58016 	   87352 	   33 	   82818 	   29 
  57127 	   85839 	   15 	   83817 	   14 
  59526 	   86633 	   21 	   80047 	   13 
  62490 	   81501 	   27 	   83808 	   27 
  66882 	   73104 	   23 	   73219 	   13 
  67921 	   75698 	   22 	   75004 	   23 
  69065 	   73581 	   14 	   74193 	   18 
  70706 	   70248 	   16 	   68886 	   22 
  73765 	   81483 	   46 	   74008 	   47 
  71803 	   67517 	   14 	   76101 	   18 
  65873 	   75957 	   15 	   75011 	   20 
  67802 	   73931 	   17 	   74822 	   12 
  66991 	   81258 	   24 	   79687 	   24 
  66559 	   75900 	   13 	   74559 	   15 
  67566 	   80917 	   24 	   76133 	   14 
  65894 	   77077 	   10 	   84705 	   25 
  64922 	   81669 	   13 	   78712 	   16 
  64830 	   78071 	   17 	   80235 	   15 
  62488 	   85641 	   21 	   84691 	   20 
  63671 	   77652 	   13 	   83518 	   20 
  60971 	   82681 	   29 	   78582 	   12 
  63392 	   78221 	   11 	   82472 	   33 
  66365 	   80008 	   26 	   73186 	   11 
  66362 	   90953 	   43 	   92410 	   56 
  63557 	   77846 	   15 	   84209 	   15 
  61351 	   80622 	   11 	   80873 	   12 
  64112 	   75882 	   14 	   79776 	   13 
  59154 	   85402 	   23 	   79489 	   16 
  60603 	   77065 	   11 	   83256 	   22 
  60080 	   83535 	   53 	   92810 	   61 
  57473 	   84377 	   15 	   82226 	   12 
  56390 	   84758 	   22 	   83523 	   21 
  60420 	   86799 	   18 	   87918 	   26 
  58082 	   83071 	   13 	   83438 	   14 
  57311 	   81866 	   14 	   80310 	   14 
  61748 	   84545 	   24 	   80200 	   22 
  62964 	   79045 	   18 	   76031 	   13 
  62618 	   78616 	   23 	   78586 	   15 
  61958 	   82208 	   17 	   81013 	   24 
  59535 	   77349 	   15 	   86742 	   16 
  60231 	   93061 	   37 	   79236 	   22 
  60595 	   79152 	   18 	   93966 	   42 
  58182 	   92591 	   29 	   79485 	   12 
  53911 	   86211 	   10 	  101114 	   29 
  54066 	   90592 	   17 	   90083 	   15 
  55861 	   87552 	   19 	   80588 	   14 
  54886 	   83260 	   16 	   96443 	   22 
  53942 	   88845 	   46 	   93809 	   49 
  51395 	   87511 	   17 	   82748 	   12 
  51534 	   89222 	   23 	   85989 	   18 
  53049 	   83925 	   15 	   90103 	   21 
  53847 	   84505 	   14 	   86361 	   17 
  52788 	   89008 	   31 	   81530 	   13 
  53758 	   82895 	   15 	   85489 	   30 
  54091 	   81859 	   16 	   82186 	   15 
  54652 	   85815 	   24 	   84098 	   21 
  54434 	   85137 	   15 	   84715 	   11 
  58601 	   84564 	   23 	   87673 	   21 
  53521 	   94317 	   30 	   83893 	   37 
  52026 	   83343 	   17 	  100673 	   21 
  50321 	   90947 	   19 	   81676 	   19 
  54032 	   88055 	   18 	   88985 	   18 
  55245 	   86625 	   16 	   89679 	   18 
  51331 	   92501 	   26 	   90603 	   12 
  50231 	   87617 	   15 	   94096 	   23 
  49212 	   87767 	   13 	   86672 	   16 
  50312 	   91518 	   20 	   88640 	   13 
  48844 	  101583 	   70 	   96250 	   16 
  45196 	   95166 	   15 	  111425 	   63 
  47601 	   99567 	   25 	   94803 	   28 
  47910 	   95854 	   17 	   93404 	   13 
  46930 	   92675 	   12 	   98572 	   14 
  45845 	   96940 	   19 	   93920 	   22 
  52662 	   95725 	   38 	   91058 	   40 
  56137 	   87276 	   19 	   84144 	   23 
  59984 	   86479 	   84 	   75004 	   90 
  67458 	   77222 	   39 	   68793 	   40 
  72349 	   65195 	   14 	   59569 	   17 
  75565 	   79860 	   70 	   75923 	   73 
  74360 	   65927 	   18 	   75388 	   21 
  67864 	   70920 	   15 	   72012 	   18 
  72503 	   72664 	   27 	   69319 	   14 
  66949 	   76836 	   17 	   83754 	   27 
  63398 	   75097 	   17 	   82791 	   17 
  59781 	   76842 	   18 	   78434 	   17 
  64288 	   82036 	   23 	   71015 	   20 
  64818 	   75390 	   17 	   87016 	   24 
  63674 	   79711 	   25 	   79050 	   15 
  62870 	   81042 	   29 	   77217 	   20 
  67069 	   75755 	   15 	   76948 	   27 
  64415 	   74545 	   10 	   78058 	   11 
  63012 	   79851 	   13 	   78179 	   13 
  67252 	   74413 	   11 	   76328 	   14 
  64845 	   82387 	   29 	   73850 	   30 
  71999 	   68937 	   16 	   68676 	   14 
  77223 	   74611 	   40 	   55508 	   15 
  76961 	   66691 	   22 	   80139 	   41 
  72236 	   70430 	   19 	   83862 	   26 
  65104 	   72714 	   11 	   73536 	   13 
  64792 	   77523 	   19 	   81091 	   13 
  65900 	   73480 	   24 	   72699 	   14 
  64442 	   72478 	   14 	   77563 	   32 
  62188 	   77141 	   16 	   80314 	   15 
  61781 	   81998 	   23 	   76790 	   11 
  64636 	   79154 	   21 	   78374 	   26 
  65664 	   75955 	   17 	   75740 	   15 
  61478 	   75550 	   20 	   81931 	   12 
  58878 	   77688 	   13 	   81056 	   20 
  59576 	   85883 	   21 	   84854 	   16 
  57517 	   86700 	   19 	   85967 	   20 
  61957 	   81181 	   19 	   75568 	   18 
  60267 	   78247 	   21 	   82695 	   18 
  55665 	   87815 	   35 	   91214 	   15 
  54118 	   93364 	   38 	   85129 	   37 
  62453 	   73747 	   11 	   73029 	   42 
  66926 	   75060 	   16 	   65748 	   16 
  72471 	   75485 	   39 	   68171 	   12 
  73319 	   65835 	   16 	   76558 	   44 
  66450 	   76401 	   18 	   80295 	   20 
  65339 	   72949 	   11 	   74590 	   14 
  65144 	   71147 	   13 	   70779 	   11 
  61505 	   85243 	   31 	   84018 	   28 
  58100 	   80788 	   13 	   86214 	   16 
  57633 	   86696 	   13 	   88242 	   15 
  55720 	   88023 	   42 	   83289 	   12 
  53613 	   86838 	   18 	   94631 	   45 
  55513 	   84698 	   15 	   86022 	   18 
  53893 	   87990 	   21 	   84105 	   16 
  54780 	   84464 	   13 	   89258 	   23 
  56769 	   86408 	   14 	   83038 	   20 
  55136 	   85126 	   32 	   86285 	   15 
  55666 	   80864 	   14 	   83317 	   32 
  58388 	   79946 	   22 	   78653 	   17 
  56489 	   81963 	   23 	   79287 	   14 
  56998 	   82218 	   16 	   83047 	   24 
  59219 	   81263 	   20 	   81326 	   15 
  57009 	   89504 	   35 	   79371 	   13 
  55083 	   83371 	   12 	   92320 	   34 
  55452 	   87558 	   32 	   90000 	   35 
  49999 	   90573 	   20 	   91856 	   11 
  51589 	   85777 	   19 	   86416 	   18 
  51714 	   92552 	   26 	   87692 	   14 
  48945 	   91627 	   59 	   92590 	   21 
  45169 	   93812 	   13 	   99389 	   63 
  52375 	   92618 	   25 	   87177 	   24 
  53555 	   88583 	   17 	   89529 	   18 
  53575 	   90411 	   16 	   88617 	   17 
  56355 	   83866 	   13 	   87623 	   14 
  59249 	   88088 	   42 	   83872 	   47 
  61440 	   78808 	   23 	   77464 	   14 
  64933 	   76458 	   53 	   77301 	   53 
  65576 	   71906 	   19 	   68693 	   13 
  66316 	   71250 	   21 	   71963 	   21 
  64632 	   70704 	   16 	   72518 	   19 
  67753 	   70171 	   22 	   70246 	   18 
  65609 	   73489 	   32 	   69534 	   12 
  67416 	   67686 	   14 	   70927 	   30 
  67257 	   69907 	   21 	   67783 	   19 
  68664 	   73104 	   22 	   72248 	   21 
  68560 	   69456 	   14 	   69293 	   12 
  67959 	   69110 	   16 	   68697 	   17 
  68859 	   72957 	   34 	   74068 	   35 
  67192 	   70408 	   15 	   70454 	   17 
  69532 	   66543 	   20 	   69458 	   20 
  68859 	   72989 	   19 	   70688 	   20 
  68745 	   72005 	   18 	   72150 	   19 
  67243 	   76527 	   24 	   74290 	   12 
  67365 	   69755 	   11 	   73870 	   25 
  67100 	   73426 	   19 	   69517 	   19 
  66617 	   74354 	   16 	   73588 	   13 
  67344 	   80808 	   65 	   72286 	   17 
  68281 	   80998 	   43 	   79237 	   71 
  72571 	   71496 	   21 	   75346 	   42 
  72797 	   65812 	   15 	   74186 	   19 
  66929 	   77995 	   62 	   75547 	   62 
  64748 	   81574 	   23 	   83132 	   17 
  60254 	   79803 	   15 	   85661 	   16 
  61153 	   83070 	   27 	   77451 	   17 
  60248 	   83454 	   25 	   84879 	   20 
  62616 	   79481 	   15 	   80103 	   29 
  61073 	   76715 	   12 	   75754 	   14 
  60436 	   80996 	   16 	   79415 	   12 
  63207 	   77229 	   14 	   78855 	   13 
  61326 	   85380 	   27 	   81370 	   24 
  66314 	   73557 	   17 	   76405 	   15 
  69040 	   73636 	   15 	   69352 	   17 
  67973 	   69663 	   14 	   72610 	   15 
  67345 	   76977 	   22 	   74261 	   24 
  69163 	   67485 	   14 	   69741 	   20 
  63467 	   79743 	   27 	   81363 	   31 
  70759 	   69272 	   21 	   62858 	   10 
  69700 	   79126 	   38 	   78473 	   45 
  68524 	   75142 	   31 	   75472 	   22 
  65070 	   73044 	   13 	   82170 	   33 
  60161 	   82643 	   18 	   82446 	   16 
  56919 	   81513 	   16 	   84208 	   17 
  62227 	   80829 	   53 	   77809 	   17 
  60659 	   77243 	   15 	   83426 	   59 
  58720 	   84480 	   19 	   82388 	   19 
  60970 	   75664 	   17 	   78430 	   12 
  59580 	   79754 	   18 	   77205 	   24 
  63040 	   79111 	   19 	   79752 	   22 
  61148 	   82355 	   26 	   80080 	   10 
  61118 	   79843 	   21 	   78951 	   36 
  61171 	   80501 	   28 	   81102 	   23 
  61204 	   76383 	   15 	   78330 	   16 
  60433 	   79900 	   21 	   75754 	   18 
  61236 	   77578 	   18 	   76652 	   18 
  58368 	   77777 	   13 	   79649 	   19 
  65224 	   82694 	   32 	   76351 	   20 
  67060 	   79948 	   20 	   80032 	   32 
  65086 	   74759 	   10 	   82527 	   21 
  61779 	   83822 	   36 	   79872 	   15 
  56808 	   82659 	   16 	   89847 	   33 
  59448 	   81947 	   14 	   79927 	   14 
  56849 	   82283 	   17 	   83567 	   14 
  56797 	   78623 	   12 	   77136 	   14 
  56066 	   86712 	   36 	   85667 	   38 
  58628 	   79805 	   11 	   84056 	   13 
  58519 	   86007 	   19 	   79161 	   20 
  62885 	   87108 	  117 	   81322 	   14 
  60027 	   77230 	   13 	   85118 	  133 
  57316 	   84053 	   16 	   84587 	   16 
  62204 	   78609 	   15 	   77068 	   14 
  60647 	   76956 	   14 	   79502 	   16 
  59051 	   81168 	   12 	   81705 	   16 
  64296 	   79920 	   29 	   78222 	   24 
  59274 	   80728 	   17 	   78629 	   20 
  64882 	   81506 	   26 	   79581 	   28 
  67244 	   73326 	   13 	   74903 	   13 
  62725 	   75947 	   12 	   80372 	   19 
  61601 	   75414 	   12 	   73437 	   16 
  64210 	   80177 	   22 	   80314 	   27 
  68638 	   79705 	   28 	   69658 	   23 
  67339 	   71850 	   17 	   80516 	   23 
  70862 	   71153 	   16 	   65092 	   10 
  67368 	   72172 	   14 	   82704 	   18 
  69780 	   71641 	   28 	   71031 	   13 
  63781 	   71117 	   15 	   72859 	   29 
  63177 	   71535 	   12 	   71874 	   17 
  63248 	   74546 	   16 	   74731 	   20 
  69851 	   68745 	   14 	   66295 	   12 
  66938 	   72766 	   49 	   70870 	   13 
  67559 	   76435 	   29 	   71817 	   62 
  72960 	   67847 	   18 	   68992 	   13 
  65961 	   73818 	   17 	   78213 	   15 
  66492 	   70445 	   15 	   72024 	   13 
  64565 	   70367 	   14 	   69157 	   13 
  63323 	   83721 	   24 	   73950 	   21 
  77160 	   61433 	   12 	   60742 	   21 
  75569 	   73824 	   24 	   68850 	   27 
  76534 	   63283 	   19 	   70743 	   18 
  71789 	   71063 	   17 	   68790 	   14 
  66336 	   73553 	   37 	   76223 	    8 
  64441 	   71956 	   16 	   74714 	   33 
  66278 	   69508 	   10 	   68026 	   15 
  67639 	   68713 	   16 	   69184 	   17 
  65661 	   69400 	   12 	   70069 	   14 
  70466 	   71312 	   35 	   64925 	   36 
  70840 	   68491 	   13 	   69742 	   13 
  70050 	   67524 	   19 	   65172 	   13 
  71833 	   67181 	   21 	   71231 	   20 
  69841 	   74397 	   19 	   69169 	   18 
  76991 	   71991 	   67 	   66632 	   14 
  75198 	   69051 	   23 	   74569 	   65 
  72991 	   66019 	   16 	   66111 	   13 
  72753 	   70433 	   16 	   69808 	   16 
  76907 	   64901 	   16 	   68141 	   13 
  75845 	   64822 	   29 	   65347 	   17 
  72838 	   60142 	   10 	   60956 	   28 
  72290 	   61579 	   16 	   63438 	   16 
  72003 	   64741 	   16 	   63240 	   19 
  75806 	   61833 	   16 	   62130 	   13 
  76318 	   63520 	   27 	   58577 	   12 
  76961 	   64803 	   24 	   67949 	   33 
  75849 	   68728 	   22 	   64522 	   12 
  68318 	   69878 	   14 	   74631 	   23 
  75819 	   62565 	   15 	   62256 	   14 
  75389 	   64108 	   15 	   60748 	   19 
  75897 	   69733 	   32 	   74360 	   30 
  79364 	   63490 	   17 	   64340 	   16 
  76746 	   63475 	   15 	   61780 	   13 
  76613 	   64550 	   14 	   62639 	   17 
  73461 	   73361 	   19 	   74682 	   20 
  74839 	   68179 	   55 	   68653 	   61 
  73286 	   70075 	   16 	   63961 	   15 
  82136 	   59865 	   19 	   56859 	   19 
  88438 	   48989 	   15 	   53182 	   16 
  91777 	   49357 	   34 	   42012 	   34 
  95153 	   48118 	   23 	   42557 	   12 
  96100 	   39184 	   15 	   45830 	   19 
  93193 	   46670 	   19 	   41399 	   19 
  95005 	   47460 	   18 	   47926 	   18 
  98964 	   42664 	   40 	   45122 	   40 
  97604 	   38663 	   18 	   40390 	   18 
  97377 	   44199 	   23 	   37081 	   12 
  98487 	   36967 	   13 	   40943 	   21 
  97416 	   44248 	   17 	   42730 	   23 
  98532 	   45384 	   38 	   49041 	   38 
 100699 	   50796 	   21 	   40784 	   18 
 104192 	   42795 	   17 	   40991 	   16 
  95460 	   46103 	   18 	   52399 	   21 
  99385 	   51390 	   19 	   50169 	   18 
 114569 	   94663 	  108 	   82773 	  121 
  86390 	   78410 	   63 	  117519 	   67 
  78915 	   63552 	   21 	   63893 	   23 
  77180 	   61034 	   14 	   60774 	   15 
  76313 	   65196 	   18 	   65696 	   18 
  76533 	   64911 	   16 	   61619 	   14 
  75560 	   62399 	   11 	   64858 	   10 
  73480 	   69282 	   21 	   63835 	   21 
  75772 	   70775 	   41 	   69973 	   39 
  74827 	   84958 	   61 	   75313 	   59 
  74788 	   67964 	   16 	   76929 	   26 
  78214 	   61158 	   16 	   62201 	   15 
  74737 	   70173 	   22 	   73256 	   21 
  75175 	   64679 	   16 	   65207 	   13 
  71269 	   70180 	   22 	   65490 	   13 
  77120 	   62050 	   14 	   67807 	   21 
  73525 	   71098 	   50 	   71717 	   55 
  76963 	   63114 	   14 	   64892 	   16 
  74742 	   69272 	   21 	   68272 	   20 
  74844 	   63275 	   13 	   66394 	   11 
  72725 	   73818 	   22 	   62660 	   15 
  76939 	   62262 	   14 	   72110 	   23 
  77157 	   66154 	   20 	   64117 	   18 
  81130 	   59286 	   19 	   60894 	   20 
  78561 	   67025 	   15 	   63816 	   13 
  82937 	   64535 	   20 	   63360 	   23 
  76576 	   68334 	   43 	   63393 	   12 
  74989 	   68800 	   29 	   71568 	   38 
  79722 	   64366 	   16 	   65806 	   24 
  83178 	   56219 	   15 	   60056 	   13 
  82848 	   58998 	   20 	   61733 	   22 
  82830 	   61812 	   33 	   59272 	   26 
  90899 	   49301 	   17 	   49426 	   14 
  92508 	   52037 	   31 	   51561 	   26 
  86718 	   59026 	   29 	   61013 	   31 
  92274 	   50547 	   22 	   48955 	   13 
  90945 	   54242 	   22 	   52286 	   19 
  88425 	   52271 	   14 	   57318 	   17 
  85244 	   58039 	   20 	   56374 	   13 
  87299 	   53172 	   12 	   54510 	   16 
  86411 	   58063 	   33 	   59655 	   20 
  89352 	   55455 	   45 	   56860 	   42 
  90745 	   54554 	   18 	   52449 	   17 
  91790 	   53002 	   16 	   51098 	   14 
  87065 	   58795 	   25 	   61609 	   25 
  83973 	   65757 	   54 	   61330 	   50 
  81614 	   58537 	   14 	   59267 	   14 
  77495 	   69941 	   35 	   62652 	   17 
  79178 	   65109 	   19 	   70966 	   33 
  84602 	   59615 	   23 	   56795 	   13 
  81952 	   56283 	   11 	   63545 	   26 
  78002 	   69932 	   19 	   60730 	   14 
  78553 	   65192 	   14 	   68039 	   21 
  84653 	   56508 	   11 	   56688 	   14 
  82946 	   62056 	   19 	   62348 	   16 
  77436 	   64493 	   19 	   62215 	   12 
  82032 	   57492 	   14 	   59414 	   21 
  76276 	   66373 	   15 	   65504 	   16 
  72297 	   80840 	   40 	   70606 	   18 
  64846 	   89193 	  105 	   94161 	  119 
  60730 	   81621 	   25 	   78873 	   29 
  68133 	   72901 	   20 	   74109 	   12 
  65215 	   74785 	   18 	   74879 	   19 
  62426 	   82486 	   25 	   82042 	   20 
  65664 	   72872 	   11 	   75459 	   18 
  66291 	   82375 	   36 	   79762 	   34 
  67585 	   72861 	   23 	   76157 	   18 
  67470 	   68499 	   15 	   69866 	   22 
  66824 	   77120 	   19 	   78546 	   20 
  69903 	   76397 	   19 	   71691 	   11 
  67786 	   73812 	   20 	   73422 	   20 
  64110 	   83814 	   34 	   90216 	   30 
  69078 	   73186 	   15 	   69671 	   16 
  70204 	   68106 	   13 	   72450 	   12 
  68785 	   75552 	   17 	   70619 	   17 
  74090 	   70600 	   15 	   74600 	   15 
  67780 	   77456 	   19 	   79477 	   17 
  72892 	   71710 	   25 	   64618 	   11 
  66591 	   89811 	   39 	   83486 	   31 
  80281 	   62064 	   11 	   69937 	   28 
  72121 	   73034 	   21 	   74878 	   18 
  76938 	   61115 	   14 	   65314 	   14 
  72518 	   68641 	   22 	   63357 	   21 
  73847 	   67143 	   16 	   73022 	   15 
  75193 	   69711 	   74 	   62140 	   14 
  75041 	   63322 	   15 	   70795 	   94 
  73413 	   64324 	   17 	   64276 	   27 
  76217 	   67730 	   21 	   67794 	   25 
  72070 	   76218 	   21 	   70203 	   20 
  76970 	   62217 	   16 	   69231 	   21 
  73282 	   73231 	   39 	   72833 	   48 
  76069 	   70590 	   23 	   66280 	   22 
  79154 	   65886 	   24 	   62610 	   16 
  72111 	   66717 	   15 	   73601 	   27 
  76500 	   73861 	   23 	   74431 	   16 
  78100 	   65295 	   47 	   63903 	   14 
  74564 	   64985 	   18 	   69125 	   45 
  73650 	   70773 	   21 	   67928 	   21 
  78655 	   63561 	   23 	   62590 	   14 
  81217 	   57433 	   12 	   57552 	   23 
  80197 	   61477 	   18 	   63475 	   21 
  80508 	   61610 	   24 	   56399 	   14 
  78862 	   73989 	   40 	   78648 	   40 
  80036 	   60739 	   15 	   59461 	   22 
  82055 	   70894 	   25 	   65495 	   24 
  87433 	   56906 	   15 	   62078 	   17 
  83298 	   63712 	   24 	   64180 	   25 
  85720 	   61252 	   17 	   59189 	   12 
  83901 	   71668 	   57 	   64045 	   18 
  81725 	   71776 	   33 	   84489 	   60 
  95430 	   47000 	   14 	   54948 	   15 
  95340 	   45753 	   16 	   47540 	   17 
  98560 	   44191 	   16 	   45801 	   18 
  96149 	   50489 	   17 	   44603 	   20 
  94598 	   46936 	   13 	   48736 	   17 
  96627 	   47213 	   13 	   47824 	   15 
  97002 	   58391 	   40 	   57886 	   42 
 103226 	   36789 	   10 	   38015 	   13 
  99484 	   49230 	   23 	   45773 	   20 
 105767 	   35153 	   11 	   39597 	   14 
 105058 	   39042 	   21 	   37730 	   21 
 101204 	   43808 	   12 	   42262 	   17 
  94536 	   50523 	   16 	   52576 	   20 
  95614 	   46673 	   12 	   47112 	   15 
 103485 	   36306 	   14 	   33873 	    6 
  91069 	   64977 	   34 	   59024 	   31 
  93004 	   51666 	   19 	   58746 	   29 
  98034 	   42630 	   25 	   40127 	   25 
 100855 	   39911 	   22 	   38719 	   20 
  99008 	   43671 	   18 	   38761 	   13 
  95188 	   44370 	   13 	   50237 	   24 
  92847 	   57956 	   27 	   55502 	   28 
  85291 	   54791 	   16 	   58250 	   18 
  88426 	   53466 	   16 	   50699 	   11 
  72630 	   77125 	   35 	   75741 	   40 
  75432 	   67675 	   27 	   59225 	   11 
  70796 	   70247 	   14 	   72899 	   29 
  76544 	   73499 	   18 	   72308 	   10 
  72884 	   68958 	   18 	   73392 	   20 
  73943 	   77057 	   25 	   71657 	   17 
  64517 	   87348 	   57 	   89730 	   56 
  71463 	   76963 	   23 	   76269 	   15 
  77806 	   61530 	   11 	   69855 	   19 
  75632 	   84198 	   46 	   75163 	   49 
  83284 	   58126 	   10 	   62538 	   14 
  83597 	   69223 	   21 	   64784 	   19 
  85888 	   56576 	   13 	   59638 	   15 
  84233 	   69365 	   39 	   66562 	   39 
  90451 	   55555 	   25 	   56573 	   25 
  95140 	   46388 	   20 	   52613 	   22 
  89949 	   54606 	   21 	   56942 	   19 
  85947 	   52715 	   19 	   52543 	   22 
  85430 	   69834 	   29 	   61214 	   19 
  86557 	   54369 	   14 	   56644 	   22 
  76374 	   72154 	   19 	   75495 	   22 
  79355 	   61705 	   18 	   58526 	   12 
  76693 	   77213 	   35 	   79246 	   37 
  79657 	   71334 	   24 	   68409 	   25 
  83889 	   65027 	   17 	   70170 	   21 
  82118 	   64207 	   22 	   63615 	   13 
  77556 	   59447 	   19 	   63309 	   20 
  75109 	   76963 	   31 	   65295 	   21 
  73009 	   66643 	   11 	   72778 	   29 
  76345 	   77662 	   25 	   76783 	   19 
  70951 	   80252 	   40 	   81806 	   41 
  69968 	   72892 	   18 	   71640 	   15 
  68581 	   70951 	   17 	   70774 	   21 
  72233 	   72038 	   20 	   69687 	   17 
  67353 	   73648 	   17 	   78051 	   26 
  64815 	   84435 	   28 	   78739 	   30 
  67322 	   85198 	   22 	   80062 	   11 
  64117 	   79061 	   15 	   87792 	   21 
  66689 	   83243 	   25 	   79670 	   14 
  59804 	   86813 	  135 	   97236 	  138 
  63425 	   77980 	   23 	   76977 	   21 
  61385 	   76757 	   14 	   77675 	   18 
  60184 	   80704 	   18 	   81287 	   16 
  61732 	   79569 	   20 	   75551 	   13 
  62367 	   75690 	   11 	   79257 	   11 
  61539 	   81819 	   25 	   80106 	   25 
  65213 	   82024 	   40 	   83735 	   41 
  68531 	   87382 	   58 	   76340 	   16 
  63551 	   78883 	   17 	   90217 	   68 
  66921 	   72588 	   13 	   73390 	   18 
  63296 	   81024 	   20 	   81670 	   19 
  65090 	   74629 	   12 	   73829 	   11 
  61274 	   81265 	   20 	   78472 	   14 
  67921 	   70586 	   14 	   74555 	   18 
  57869 	   89204 	   47 	   87184 	   46 
  60089 	   80006 	   15 	   81409 	   18 
  57072 	   86508 	   19 	   87969 	   18 
  57774 	   80497 	   16 	   81757 	   14 
  57540 	   88638 	   22 	   85402 	   16 
  58570 	   80616 	   13 	   81645 	   17 
  54732 	   89065 	   38 	   89969 	   35 
  60062 	   80116 	   14 	   80451 	   14 
  55652 	   89649 	   18 	   89269 	   22 
  58798 	   86700 	   22 	   79628 	   10 
  61407 	   77903 	   15 	   79761 	   20 
  63717 	   84589 	   32 	   81814 	   28 
  57680 	   86482 	   20 	   92564 	   25 
  55590 	   85093 	   12 	   87197 	   20 
  59623 	   81547 	   21 	   81868 	   14 
  52072 	   94138 	   39 	   99025 	   43 
  56040 	   83256 	   14 	   83292 	   12 
  56463 	   90425 	   29 	   85347 	   25 
  52957 	   89582 	   20 	   91464 	   29 
  61729 	   79547 	   15 	   76119 	   14 
  57962 	   87373 	   21 	   85101 	   18 
  53641 	   86870 	   13 	   94039 	   16 
  48436 	   97974 	   22 	   99490 	   17 
  55178 	   86257 	   14 	   85598 	   14 
  52985 	   91327 	   33 	   90643 	   14 
  54100 	   90766 	   42 	   86511 	   48 
  65105 	   78537 	   18 	   72754 	   15 
  65075 	   78952 	   19 	   81139 	   14 
  63431 	   82354 	   27 	   81679 	   26 
  71631 	   77650 	   58 	   74259 	   52 
  75191 	   65931 	   13 	   67161 	   13 
  74533 	   69177 	   18 	   66087 	   19 
  81096 	   70761 	   34 	   70330 	   31 
  77737 	   65451 	   23 	   64515 	   13 
  69905 	   68666 	    9 	   73338 	   22 
  70718 	   71381 	   18 	   69370 	   15 
  72142 	   75101 	   14 	   75248 	   17 
  74921 	   66150 	   13 	   63144 	   12 
  74289 	   70378 	   30 	   70642 	   13 
  78400 	   62713 	   16 	   58242 	   32 
  83940 	   57010 	   14 	   63716 	   17 
  76153 	   68747 	   15 	   65161 	   18 
  85016 	   64383 	   21 	   60938 	   24 
  90797 	   66241 	  133 	   63176 	  138 
  92139 	   54387 	   39 	   62142 	   41 
  91001 	   48418 	   12 	   49438 	   14 
  87048 	   51625 	   16 	   54723 	   16 
  83484 	   64711 	   23 	   59857 	   23 
  92573 	   50769 	   17 	   49460 	   18 
  92238 	   50857 	   28 	   45413 	   13 
  93117 	   48508 	   25 	   55561 	   31 
  93379 	   45004 	   15 	   44777 	   18 
  94216 	   46535 	   18 	   45210 	   21 
  96378 	   41298 	   13 	   43345 	   13 
  92868 	   47856 	   18 	   48423 	   17 
  86179 	   69708 	   39 	   67574 	   40 
  93202 	   49943 	   13 	   46727 	   14 
  92515 	   52087 	   16 	   57106 	   16 
  85227 	   58154 	   16 	   57539 	   18 
  84741 	   55547 	   14 	   57939 	   15 
  81337 	   67037 	   20 	   66967 	   16 
  80378 	   58854 	   13 	   59515 	   19 
  85141 	   67015 	   34 	   72231 	   33 
  78051 	   64471 	   11 	   64560 	   22 
  76910 	   73452 	   14 	   70872 	   13 
  70320 	   75783 	   26 	   77795 	   17 
  72267 	   68294 	   26 	   65599 	   31 
  81404 	   64818 	   16 	   58193 	   13 
  88194 	   53102 	   23 	   52610 	   16 
  86373 	   56873 	   65 	   55635 	   68 
  90341 	   51653 	   16 	   55839 	   18 
  87714 	   62844 	   27 	   51173 	   15 
  87552 	   54662 	   21 	   66620 	   22 
  79836 	   63012 	   20 	   63821 	   19 
  87127 	   65820 	   35 	   65783 	   37 
  85901 	   53255 	   24 	   57327 	   22 
  88705 	   53699 	   18 	   51942 	   16 
  87058 	   64058 	   29 	   58729 	   27 
  90032 	   55601 	   18 	   58087 	   20 
  89883 	   52663 	   18 	   60604 	   17 
  82142 	   77628 	   51 	   67059 	   48 
  83356 	   62103 	   16 	   69303 	   20 
  74838 	   76270 	   34 	   68729 	   16 
  72457 	   79467 	   31 	   91236 	   29 
  65434 	   82024 	   15 	   92718 	   30 
  63449 	   85293 	   16 	   93295 	   22 
  62299 	   82312 	   23 	   74959 	   14 
  63201 	   76312 	   14 	   76167 	   26 
  68907 	   76874 	   14 	   76667 	   14 
  68640 	   75548 	   20 	   74457 	   15 
  68438 	   81059 	   23 	   73766 	   28 
  77312 	   70043 	   14 	   63365 	   14 
  83038 	   68300 	   63 	   55812 	   17 
  83797 	   68721 	   41 	   67736 	   56 
  78805 	   65109 	   13 	   82295 	   42 
  70775 	   75228 	   21 	   74342 	   16 
  61435 	   79215 	   13 	   86920 	   19 
  62095 	   81902 	   14 	   74777 	   13 
  66876 	   76872 	   17 	   82029 	   17 
  61518 	   80006 	   14 	   76513 	   19 
  72131 	   89023 	   32 	   78376 	   29 
  67670 	   76789 	   14 	   95161 	   22 
  65304 	   83337 	   15 	   76389 	   15 
  62637 	   82571 	   22 	   89838 	   11 
  53128 	   87432 	   16 	   86698 	   21 
  53204 	   90386 	   17 	   86896 	   13 
  56121 	   86316 	   15 	   90943 	   14 
  53541 	   90727 	   13 	   85870 	   13 
  62879 	   82156 	   12 	   85166 	   14 
  62108 	  101161 	   35 	   89680 	   25 
  65225 	   76650 	   10 	   94213 	   28 
  57471 	   87791 	   21 	   86339 	   16 
  50399 	   92385 	   19 	   95050 	   18 
  55465 	   85575 	   15 	   83884 	   12 
  60369 	   88498 	   33 	   77359 	   14 
  58383 	   84736 	   19 	   79426 	   37 
  74101 	   73908 	   16 	   64804 	   12 
  77999 	   62820 	   13 	   71054 	   16 
  71060 	   89287 	   65 	   86472 	   63 
  70260 	   77990 	   19 	   69497 	   11 
  71206 	   73210 	   34 	   83080 	   17 
  64406 	   88621 	   31 	   99583 	   40 
  53740 	   91607 	   11 	  101441 	   20 
  54629 	  101947 	   17 	   93791 	   12 
  58355 	   87875 	   12 	   98818 	   14 
  55883 	   98050 	   43 	   91542 	   47 
  51631 	   89318 	   22 	   98153 	   18 
  51698 	   88603 	   19 	   95385 	   23 
  46462 	   94330 	   14 	   91628 	   19 
  49667 	  102948 	   26 	   98959 	   19 
  52025 	  103949 	   36 	   84364 	   18 
  58953 	   86488 	   19 	  113815 	   37 
  55535 	   96214 	   19 	   90312 	   20 
  58266 	   92376 	   21 	   97689 	   17 
  53403 	   86065 	   12 	   89399 	   21 
  54607 	   91860 	   24 	   84808 	   15 
  50173 	   96365 	   30 	   91934 	   35 
  53049 	   97975 	   19 	   82719 	   12 
  62017 	   82353 	   15 	   94542 	   17 
  54749 	  106634 	   25 	   83952 	   21 
  69025 	   71755 	   13 	   83642 	   27 
  69415 	   74685 	   17 	   68903 	   16 
  72902 	   80706 	   41 	   63940 	   34 
  86911 	   56102 	   14 	   53271 	   16 
  89468 	   57567 	   24 	   54814 	   25 
  90070 	   54035 	   17 	   52738 	    9 
  86283 	   53143 	   18 	   65842 	   18 
  75510 	   75911 	   23 	   57529 	   19 
  90958 	   64652 	   35 	   54043 	   35 
  96601 	   57718 	   21 	   56607 	   19 
  89051 	   55565 	   15 	   66127 	   12 
  93027 	   47620 	   19 	   38895 	   16 
  96413 	   50680 	   25 	   40961 	   22 
 105855 	   44054 	   24 	   40353 	   25 
 103925 	   38948 	   13 	   44599 	   13 
 102912 	   44011 	   16 	   42260 	   16 
 101952 	   41323 	   19 	   38454 	   21 
 110699 	   56315 	  140 	   42154 	  146 
 117372 	   48882 	   63 	   43462 	   64 
 120209 	   28496 	   17 	   28508 	   17 
 120644 	   34266 	   23 	   35659 	   24 
 120228 	   22331 	   17 	   22538 	   14 
 117176 	   34265 	   20 	   29196 	   20 
 119345 	   31322 	   16 	   30433 	   14 
 122264 	   41525 	   49 	   43137 	   53 
 122754 	   22725 	   13 	   21804 	   14 
 124798 	   20181 	   25 	   22409 	   24 
 123322 	   22114 	   25 	   21941 	   21 
 123456 	   18656 	   12 	   18525 	   14 
 123180 	   20772 	   23 	   19546 	   21 
 123737 	   28651 	   38 	   29734 	   37 
 121729 	   21035 	   16 	   21400 	   14 
 122089 	   29762 	   22 	   27694 	   20 
 122709 	   21492 	   14 	   21037 	   13 
 124207 	   28736 	   18 	   29656 	   21 
 124187 	   21840 	   17 	   23713 	   16 
 121480 	   21401 	   15 	   21507 	   13 
 121438 	   28797 	   44 	   25120 	   24 
 120228 	   21244 	   16 	   24775 	   43 
 121548 	   26087 	   21 	   26467 	   20 
 122193 	   18160 	   14 	   17245 	   16 
 123036 	   31218 	   25 	   30128 	   24 
 122128 	   22050 	   13 	   22291 	   14 
 121411 	   30891 	   21 	   29825 	   22 
 122307 	   23450 	   17 	   25255 	   15 
 120801 	   26347 	   33 	   28866 	   39 
 119613 	   21077 	   15 	   19345 	   15 
 118888 	   30966 	   29 	   32805 	   25 
 114898 	   44321 	   62 	   38306 	   65 
 115450 	   32021 	   25 	   31501 	   25 
 115445 	   34680 	   22 	   29470 	   22 
 117099 	   29419 	   14 	   28917 	   16 
 118135 	   27134 	   16 	   30986 	   15 
 115715 	   38020 	   19 	   35091 	   22 
 116198 	   29992 	   15 	   31400 	   14 
 115339 	   34524 	   18 	   32946 	   17 
 117598 	   37546 	   30 	   37655 	   31 
 116376 	   29014 	   18 	   30569 	   19 
 116585 	   28384 	   18 	   27545 	   19 
 115097 	   33614 	   24 	   34376 	   28 
 115689 	   29110 	   18 	   33026 	   17 
 118410 	   44197 	   45 	   44215 	   46 
 110570 	   33035 	   18 	   33267 	   17 
 110494 	   38241 	   18 	   35778 	   15 
 115132 	   38387 	   20 	   37602 	   11 
 111479 	   34217 	   20 	   32556 	   22 
 111607 	   32341 	   12 	   36213 	   13 
 111123 	   38528 	   18 	   39304 	   18 
 117699 	   43613 	   25 	   47029 	   24 
 117131 	   30695 	   14 	   31928 	   14 
 117715 	   33097 	   25 	   36913 	   21 
 120527 	   32977 	   47 	   39890 	   43 
 121695 	   35198 	   65 	   34446 	   73 
 115494 	   38269 	   30 	   34357 	   30 
 116294 	   34766 	   28 	   34597 	   28 
 117000 	   31335 	   17 	   30150 	   18 
 118275 	   24852 	   16 	   22286 	   15 
 117464 	   31155 	   17 	   29663 	   17 
 117389 	   28575 	   15 	   27861 	   15 
 119078 	   28961 	   16 	   29624 	   18 
 117414 	   32890 	   19 	   35053 	   18 
 116119 	   40199 	   28 	   42129 	   29 
 109605 	   30510 	   20 	   28749 	   21 
 107936 	   34893 	   14 	   30682 	   14 
 111061 	   41952 	   17 	   42973 	   20 
 107054 	   39106 	   15 	   37567 	   12 
 110638 	   42397 	   18 	   41216 	   17 
 111414 	   43689 	   17 	   45468 	   17 
 116926 	   45493 	   27 	   47598 	   29 
 117327 	   27481 	   16 	   32876 	   16 
 116778 	   35336 	   23 	   36379 	   22 
 117321 	   42578 	   44 	   43792 	   45 
 118992 	   19129 	   14 	   22486 	   15 
 118443 	   23948 	   16 	   22757 	   15 
 119777 	   33671 	   21 	   34927 	   20 
 120514 	   29229 	   18 	   31633 	   20 
 125790 	   36750 	   53 	   45623 	   53 
 117865 	   34884 	   39 	   34712 	   49 
 122576 	   27512 	   58 	   34638 	   78 
