% num_local_points | num_send_points | num_send_procs | num_recv_points | num_recv_procs 
 122044 	   38621 	   77 	   31304 	   76 
 120760 	   28537 	   25 	   23938 	   25 
 121586 	   32345 	   20 	   30813 	   20 
 120687 	   24494 	   15 	   24156 	   15 
 119883 	   41838 	   20 	   37031 	   20 
 122699 	   25601 	   14 	   23219 	   14 
 125689 	   25371 	   20 	   29987 	   18 
 123359 	   17942 	   14 	   21794 	   14 
 125132 	   36005 	   41 	   37215 	   41 
 120416 	   32589 	   25 	   25992 	   27 
 122311 	   24974 	   16 	   21318 	   15 
 123291 	   23699 	   14 	   27455 	   13 
 123984 	   35817 	   25 	   35644 	   23 
 122583 	   25575 	   16 	   24721 	   15 
 121546 	   29854 	   18 	   30475 	   18 
 124509 	   21727 	   17 	   24533 	   14 
 124847 	   32074 	   26 	   32803 	   26 
 124275 	   28936 	   18 	   30867 	   20 
 124057 	   23049 	   15 	   23964 	   16 
 123323 	   34621 	   20 	   33990 	   22 
 123336 	   24786 	   15 	   26497 	   14 
 123044 	   30237 	   24 	   30019 	   23 
 125268 	   18757 	   14 	   20113 	   14 
 124744 	   21776 	   27 	   22558 	   28 
 123568 	   47551 	   77 	   40662 	   77 
 121864 	   23121 	   17 	   23182 	   17 
 119587 	   24920 	   13 	   25404 	   13 
 120431 	   39899 	   26 	   35366 	   27 
 116077 	   37647 	   23 	   29661 	   22 
 120356 	   28396 	   14 	   31160 	   13 
 118732 	   20711 	   15 	   22705 	   14 
 118518 	   28029 	   18 	   24784 	   18 
 121542 	   32450 	   20 	   36318 	   20 
 115264 	   55754 	   49 	   45560 	   47 
 113429 	   29577 	   20 	   24624 	   20 
 110661 	   30876 	   19 	   27585 	   19 
 112358 	   32236 	   17 	   31915 	   17 
 109788 	   33418 	   13 	   32173 	   12 
 116583 	   32791 	   26 	   40649 	   27 
 116622 	   29750 	   23 	   31776 	   23 
 107841 	   45181 	   23 	   32541 	   22 
 109293 	   38909 	   17 	   37132 	   19 
 105344 	   37397 	   17 	   35899 	   17 
 111199 	   32245 	   20 	   36309 	   20 
 113713 	   29785 	   18 	   37476 	   16 
 114808 	   48662 	   57 	   42277 	   55 
 115268 	   32018 	   17 	   31033 	   17 
 115383 	   31867 	   16 	   33751 	   15 
 115068 	   41933 	   24 	   36084 	   24 
 113953 	   32310 	   14 	   32339 	   14 
 112645 	   25306 	   18 	   25110 	   20 
 112400 	   36542 	   21 	   26463 	   21 
 115533 	   28665 	   15 	   33667 	   16 
 115945 	   25630 	   20 	   30995 	   34 
 110364 	   39078 	   49 	   29897 	   40 
 108371 	   33858 	   16 	   33984 	   16 
 106252 	   36517 	   11 	   34317 	   10 
 108315 	   39817 	   23 	   37236 	   24 
 108154 	   31860 	   17 	   28010 	   15 
 111979 	   31515 	   23 	   35381 	   24 
 107613 	   35141 	   23 	   34617 	   23 
 106663 	   36134 	   17 	   31886 	   17 
 102234 	   40184 	   21 	   36742 	   23 
 102981 	   42434 	   17 	   41633 	   18 
 105966 	   40158 	   17 	   44242 	   19 
 107168 	   44402 	   37 	   41548 	   32 
 108435 	   35587 	   21 	   31306 	   23 
 109049 	   32187 	   16 	   31742 	   16 
 109802 	   36097 	   18 	   28092 	   15 
 109001 	   35602 	   17 	   35676 	   15 
 109451 	   43550 	   26 	   46857 	   28 
 106004 	   41089 	   18 	   36437 	   13 
 105843 	   47197 	   17 	   46584 	   17 
 104464 	   39449 	   13 	   42303 	   15 
 109730 	   39620 	   18 	   42751 	   18 
 106757 	   37816 	   11 	   32958 	   15 
 107271 	   33877 	   13 	   34172 	   12 
 109053 	   47455 	   34 	   47886 	   33 
 109626 	   36568 	   12 	   38564 	   12 
 110944 	   44383 	   16 	   42157 	   19 
 112162 	   42707 	   22 	   46536 	   22 
 111531 	   45482 	   39 	   52954 	   39 
 110736 	   38526 	   45 	   37707 	   41 
 110688 	   34975 	   12 	   34412 	   12 
 111168 	   32337 	   12 	   39710 	   15 
 113779 	   39597 	   31 	   44603 	   36 
 110081 	   47938 	   60 	   44502 	   56 
 102059 	   43554 	   20 	   41157 	   20 
 103377 	   44666 	   17 	   45695 	   20 
 106686 	   35140 	   12 	   42728 	   14 
 105458 	   42617 	   20 	   38512 	   20 
 107554 	   37150 	   15 	   38986 	   15 
 109478 	   31352 	   15 	   36980 	   15 
 106256 	   46415 	   34 	   42357 	   31 
 107269 	   36674 	   15 	   35034 	   14 
 105650 	   43627 	   16 	   39349 	   18 
 106090 	   44185 	   21 	   45108 	   19 
 103816 	   39560 	   13 	   38948 	   10 
 102572 	   43457 	   16 	   37251 	   16 
 106776 	   37140 	   20 	   45129 	   21 
 117281 	   34714 	   46 	   47491 	   45 
 122500 	   31501 	   63 	   43837 	   60 
 117765 	   26488 	   78 	   33686 	   75 
 116016 	   42129 	   21 	   35519 	   19 
 115565 	   28847 	   14 	   28678 	   16 
 114894 	   42860 	   38 	   38699 	   35 
 113191 	   28492 	   13 	   31920 	   18 
 111659 	   35336 	   14 	   35353 	   14 
 114328 	   40172 	   20 	   39234 	   19 
 113461 	   24565 	   15 	   26912 	   11 
 115551 	   32780 	   41 	   32865 	   42 
 110958 	   35630 	   29 	   37064 	   28 
 110315 	   33714 	   20 	   31576 	   20 
 108256 	   32521 	   15 	   31762 	   15 
 111199 	   38814 	   23 	   35798 	   19 
 110345 	   27738 	   14 	   35510 	   20 
 110032 	   33189 	   20 	   31076 	   16 
 111175 	   48279 	   36 	   41852 	   38 
 107767 	   31061 	   10 	   33332 	   13 
 108916 	   33660 	   16 	   34838 	   14 
 109866 	   35249 	   21 	   36362 	   22 
 107572 	   34896 	   13 	   33999 	   12 
 111467 	   48042 	   54 	   48861 	   54 
 113160 	   33998 	   21 	   33591 	   23 
 114838 	   29153 	   14 	   31092 	   15 
 112866 	   34169 	   23 	   28554 	   22 
 112212 	   26212 	   16 	   29169 	   15 
 112319 	   27806 	   13 	   30768 	   16 
 112817 	   38160 	   21 	   36723 	   20 
 114320 	   27897 	   18 	   30363 	   17 
 113200 	   32927 	   17 	   32031 	   18 
 114214 	   40777 	   42 	   42759 	   38 
 112146 	   40776 	   24 	   34430 	   24 
 114119 	   33579 	   16 	   33120 	   16 
 114729 	   39687 	   21 	   39458 	   22 
 113051 	   31073 	   14 	   31542 	   15 
 113454 	   44290 	   23 	   43807 	   24 
 113685 	   32630 	   12 	   30502 	   11 
 115143 	   40984 	   23 	   37250 	   20 
 116341 	   27059 	   15 	   28916 	   13 
 116163 	   40882 	   45 	   43357 	   39 
 115776 	   26990 	   20 	   24782 	   11 
 113785 	   31880 	   18 	   38017 	   19 
 114928 	   34939 	   22 	   31368 	   22 
 115450 	   27503 	   16 	   31311 	   14 
 116065 	   38086 	   21 	   38291 	   18 
 113858 	   28791 	   14 	   29491 	   16 
 115661 	   40808 	   49 	   32506 	   33 
 116355 	   28306 	   14 	   33684 	   40 
 117547 	   35645 	   23 	   35048 	   21 
 116960 	   26550 	   15 	   29054 	   12 
 116220 	   34414 	   43 	   34354 	   44 
 113561 	   48361 	   65 	   46984 	   65 
 112221 	   28549 	   13 	   30785 	   13 
 110954 	   33130 	   13 	   29864 	   12 
 114091 	   31417 	   20 	   36011 	   20 
 111290 	   30318 	   19 	   29035 	   16 
 113093 	   31134 	   23 	   31941 	   21 
 111164 	   34560 	   26 	   33347 	   24 
 111264 	   25267 	    9 	   28505 	   12 
 112031 	   29920 	   23 	   28345 	   14 
 110277 	   32516 	   16 	   37363 	   20 
 109969 	   37843 	   21 	   36412 	   19 
 109194 	   30635 	   16 	   29743 	   14 
 109030 	   35414 	   28 	   34502 	   32 
 108901 	   35714 	   20 	   31750 	   16 
 107587 	   37674 	   16 	   38620 	   17 
 110507 	   37271 	   21 	   38939 	   21 
 110781 	   30453 	   15 	   29795 	   11 
 109545 	   34990 	   19 	   35823 	   18 
 111288 	   38403 	   41 	   30912 	   12 
 110036 	   32558 	   13 	   37462 	   34 
 110240 	   34251 	   18 	   35625 	   20 
 109812 	   32351 	   13 	   34051 	   14 
 107873 	   36494 	   17 	   36655 	   16 
 108178 	   36318 	   20 	   29620 	   11 
 107843 	   34109 	   15 	   38294 	   17 
 110132 	   42019 	   28 	   40834 	   28 
 114093 	   36198 	   62 	   36925 	   61 
 115060 	   47841 	   74 	   32152 	   74 
 114891 	   19455 	    9 	   17792 	   11 
 114409 	   24278 	   15 	   20030 	   14 
 116069 	   18917 	   14 	   18653 	   14 
 116373 	   32379 	   31 	   24854 	   27 
 114805 	   36116 	   21 	   31084 	   19 
 117155 	   22334 	   13 	   27943 	   14 
 116923 	   33321 	   22 	   34780 	   21 
 116585 	   36053 	   18 	   34718 	   19 
 119582 	   33082 	   22 	   37156 	   22 
 116321 	   37936 	   31 	   36626 	   31 
 118010 	   33319 	   19 	   31164 	   19 
 116285 	   23093 	   16 	   25578 	   16 
 117973 	   30105 	   19 	   28837 	   19 
 118801 	   31770 	   19 	   34414 	   17 
 118880 	   37048 	   42 	   40469 	   43 
 116710 	   21362 	   13 	   23088 	   13 
 116336 	   27360 	   13 	   26755 	   14 
 117447 	   34979 	   22 	   33263 	   23 
 118349 	   27249 	   17 	   26161 	   16 
 118996 	   18973 	   12 	   23475 	   12 
 118539 	   27004 	   36 	   30280 	   33 
 124672 	   45022 	   42 	   48529 	   43 
 117067 	   27277 	   36 	   20753 	   33 
 118779 	   22193 	    9 	   19912 	    9 
 119399 	   20502 	   17 	   20642 	   17 
 120298 	   18352 	   16 	   18541 	   16 
 120285 	   20267 	   21 	   18153 	   18 
 116924 	   25326 	   22 	   16423 	   19 
 118509 	   16089 	   16 	   15160 	   15 
 111768 	   36606 	   28 	   25570 	   29 
 115370 	   35074 	   17 	   32899 	   19 
 113069 	   27725 	   15 	   29758 	   15 
 116748 	   25589 	   22 	   30860 	   21 
 118661 	   24466 	   16 	   29464 	   17 
 114036 	   36206 	   29 	   32923 	   30 
 120383 	   25932 	   20 	   31780 	   18 
 115285 	   27028 	   13 	   24360 	   13 
 115632 	   24687 	   15 	   25223 	   14 
 116293 	   29371 	   17 	   26916 	   16 
 120881 	   28167 	   29 	   36803 	   29 
 128436 	   30581 	   49 	   43968 	   49 
 121129 	   22066 	   24 	   27241 	   22 
 115229 	   42027 	   59 	   44049 	   61 
 110536 	   23641 	   10 	   23502 	   10 
 109424 	   25499 	   19 	   23356 	   18 
 111254 	   25758 	   14 	   27668 	   14 
 110640 	   27119 	   15 	   26095 	   15 
 109873 	   32563 	   29 	   29061 	   29 
 108773 	   31134 	   16 	   28536 	   16 
 107496 	   31351 	   17 	   28040 	   17 
 104994 	   41181 	   28 	   33758 	   29 
 108582 	   35231 	   19 	   37367 	   17 
 108992 	   34375 	   16 	   39686 	   17 
 109195 	   28870 	   17 	   30017 	   15 
 110114 	   26491 	   13 	   27494 	   16 
 112457 	   40196 	   45 	   41234 	   45 
 110381 	   32530 	   13 	   31410 	   12 
 111004 	   28834 	   19 	   26681 	   11 
 111186 	   28597 	   12 	   31753 	   19 
 109034 	   33640 	   13 	   31800 	   14 
 113615 	   42429 	   34 	   42491 	   35 
 116621 	   22876 	   19 	   31890 	   16 
 118795 	   24764 	   20 	   26458 	   22 
 116751 	   23342 	   47 	   25007 	   49 
 115845 	   19856 	   19 	   19769 	   19 
 115258 	   20250 	   19 	   20096 	   19 
 115804 	   18359 	   16 	   17276 	   16 
 116564 	   14996 	   10 	   15648 	    8 
 116358 	   21188 	   25 	   18776 	   25 
 117436 	   20851 	   14 	   19072 	   14 
 115739 	   23570 	   15 	   17608 	   20 
 118212 	   20438 	   11 	   18022 	   13 
 118727 	   22377 	   28 	   18287 	   28 
 119981 	   16552 	   18 	   16379 	   16 
 120076 	   16957 	   17 	   16246 	   17 
 118033 	   23011 	   16 	   19782 	   16 
 116558 	   27794 	   20 	   21185 	   21 
 116009 	   28113 	   20 	   20422 	   18 
 126210 	   43247 	   64 	   56635 	   61 
 123637 	   34278 	   32 	   48062 	   35 
 120630 	   24007 	   17 	   32306 	   17 
 117985 	   19324 	   13 	   21521 	   14 
 118273 	   17338 	   14 	   17551 	   15 
 118933 	   30246 	  147 	   33874 	  154 
 115443 	   36319 	   25 	   34462 	   25 
 114765 	   29573 	   14 	   29679 	   14 
 115123 	   46669 	   39 	   40496 	   38 
 113968 	   31238 	   15 	   32950 	   12 
 113925 	   34968 	   20 	   36267 	   22 
 111741 	   35366 	   20 	   33562 	   20 
 114201 	   29546 	   14 	   32896 	   11 
 114417 	   36379 	   47 	   29370 	   16 
 117331 	   24135 	   20 	   31771 	   46 
 116550 	   27908 	   17 	   29460 	   24 
 117178 	   24156 	   13 	   23750 	   13 
 118434 	   35042 	   37 	   32852 	   40 
 117847 	   31014 	   20 	   29127 	   19 
 118278 	   25775 	   23 	   29981 	   23 
 116381 	   22301 	   12 	   24346 	   12 
 116728 	   26213 	   18 	   25186 	   17 
 117748 	   29890 	   44 	   26965 	   35 
 115053 	   28108 	   20 	   26821 	   24 
 118159 	   28745 	   25 	   28045 	   27 
 118858 	   27488 	   22 	   26623 	   22 
 118774 	   26346 	   15 	   25853 	   16 
 119931 	   28823 	   23 	   31720 	   24 
 115994 	   30527 	   14 	   26696 	   15 
 117689 	   28210 	   13 	   27769 	   13 
 119748 	   34683 	   33 	   34866 	   30 
 118032 	   33523 	   37 	   32052 	   30 
 120623 	   23294 	   15 	   25192 	   17 
 120456 	   29619 	   23 	   30366 	   22 
 119300 	   29282 	   25 	   29462 	   26 
 118425 	   33144 	   45 	   35364 	   44 
 115968 	   27624 	   13 	   28890 	   13 
 116987 	   28488 	   15 	   26527 	   15 
 117520 	   33097 	   22 	   31480 	   17 
 116669 	   23362 	   18 	   28055 	   19 
 116226 	   28501 	   19 	   27462 	   17 
 115835 	   25348 	   14 	   27348 	   12 
 115642 	   31394 	   25 	   28669 	   25 
 118365 	   52245 	   76 	   47514 	   73 
 113288 	   29206 	   19 	   30703 	   19 
 112310 	   27724 	   14 	   29426 	   13 
 113839 	   38466 	   27 	   35146 	   27 
 114053 	   30530 	   16 	   31301 	   17 
 112969 	   29368 	   14 	   30787 	   11 
 114390 	   38425 	   40 	   36785 	   38 
 111112 	   33571 	   19 	   32639 	   21 
 109737 	   32143 	   13 	   30121 	   14 
 114001 	   36880 	   24 	   37114 	   25 
 111630 	   30407 	   15 	   31583 	   14 
 111827 	   29605 	   15 	   31383 	   14 
 111178 	   41823 	   48 	   42360 	   54 
 111886 	   28147 	   14 	   28536 	   13 
 112255 	   30507 	   17 	   31900 	   16 
 110336 	   34598 	   26 	   31126 	   22 
 111197 	   29606 	   14 	   30807 	    9 
 112573 	   31946 	   18 	   32775 	   15 
 110413 	   36569 	   40 	   35847 	   42 
 111690 	   27286 	   11 	   31861 	   13 
 110258 	   31494 	   21 	   30429 	   18 
 109029 	   34398 	   18 	   35583 	   20 
 110206 	   33923 	   23 	   35191 	   21 
 107967 	   31018 	   16 	   30097 	   15 
 109188 	   37811 	   29 	   35868 	   32 
 107727 	   34730 	   16 	   32444 	   13 
 109539 	   30251 	   15 	   33236 	   16 
 107665 	   44309 	   20 	   40234 	   19 
 108879 	   34789 	   16 	   35708 	   10 
 107607 	   38058 	   15 	   36850 	   15 
 109382 	   36092 	   57 	   29701 	   13 
 109137 	   31241 	   17 	   39096 	   57 
 109084 	   34766 	   15 	   33475 	   16 
 108401 	   33051 	   12 	   34989 	   12 
 109113 	   41637 	   25 	   39257 	   24 
 110304 	   31957 	   18 	   32456 	   14 
 107458 	   33550 	   14 	   34769 	   18 
 109067 	   40651 	   22 	   38408 	   29 
 113142 	   34913 	   50 	   36344 	   41 
 114664 	   42424 	   67 	   32977 	   74 
 117648 	   28695 	   16 	   27887 	   16 
 118632 	   27479 	   15 	   28136 	   15 
 119360 	   31928 	   27 	   33965 	   24 
 117697 	   27134 	   18 	   24569 	   18 
 117378 	   21374 	   16 	   25207 	   14 
 118475 	   29917 	   32 	   29705 	   33 
 117721 	   24780 	   15 	   24895 	   15 
 117945 	   28175 	   18 	   26533 	   18 
 118685 	   33927 	   30 	   34457 	   28 
 118252 	   26295 	   15 	   27332 	   14 
 117193 	   18689 	   13 	   21775 	   17 
 113711 	   41850 	   40 	   32898 	   38 
 115593 	   24801 	   17 	   22398 	   14 
 115580 	   25046 	   15 	   21815 	   12 
 115838 	   26499 	   27 	   24358 	   27 
 117556 	   25011 	   14 	   26441 	   16 
 117539 	   24755 	   14 	   25359 	   13 
 117528 	   32255 	   24 	   31717 	   23 
 115830 	   23989 	   19 	   24820 	   15 
 116634 	   20780 	   14 	   21366 	   18 
 117216 	   23304 	   29 	   25050 	   29 
 124753 	   42122 	   43 	   47999 	   42 
 116320 	   30246 	   37 	   23996 	   34 
 119114 	   25428 	   17 	   22775 	   18 
 118690 	   23174 	   27 	   25694 	   28 
 120739 	   19329 	   13 	   25484 	   13 
 119871 	   16783 	   15 	   20942 	   14 
 116271 	   26858 	   25 	   26930 	   27 
 118014 	   24920 	   17 	   23644 	   15 
 118576 	   25685 	   28 	   25808 	   25 
 115962 	   19754 	   12 	   23714 	   23 
 116301 	   22779 	   16 	   23244 	   15 
 113358 	   25278 	   34 	   25533 	   31 
 114840 	   19232 	   15 	   19775 	   15 
 113782 	   20154 	   10 	   17994 	   12 
 114615 	   21126 	   21 	   21458 	   18 
 114358 	   19767 	   14 	   19892 	   17 
 113668 	   28915 	   23 	   22819 	   22 
 115108 	   26116 	   23 	   18101 	   22 
 117948 	   21854 	   19 	   18173 	   17 
 127005 	   31562 	   38 	   38945 	   33 
 120413 	   19092 	   26 	   25994 	   27 
 115901 	   44202 	  115 	   46306 	  109 
 109869 	   24588 	   12 	   23368 	   13 
 110857 	   24663 	   18 	   25102 	   15 
 110271 	   26213 	   16 	   26414 	   14 
 110006 	   28017 	   16 	   26666 	   14 
 110153 	   29150 	   24 	   28233 	   25 
 110332 	   27077 	   16 	   29140 	   14 
 112808 	   25185 	   16 	   27628 	   17 
 112581 	   29456 	   24 	   29677 	   22 
 112991 	   28963 	   16 	   29997 	   15 
 116684 	   37264 	   49 	   38113 	   48 
 112069 	   29554 	   18 	   25424 	   14 
 112408 	   27991 	   17 	   26278 	   21 
 109781 	   33886 	   26 	   30155 	   27 
 110283 	   29253 	   12 	   29699 	   13 
 110137 	   25553 	   14 	   25729 	   11 
 110998 	   32183 	   24 	   29765 	   25 
 109578 	   32309 	   14 	   30470 	   13 
 112949 	   35841 	   31 	   36439 	   28 
 116827 	   24845 	   24 	   33481 	   19 
 117714 	   24297 	   23 	   26035 	   21 
 116216 	   22454 	   48 	   25241 	   45 
 115829 	   19394 	   19 	   18465 	   19 
 115202 	   20544 	   23 	   20988 	   23 
 115458 	   18420 	   18 	   17019 	   18 
 116332 	   15432 	   12 	   16210 	   12 
 115512 	   19972 	   23 	   18546 	   23 
 115883 	   21200 	   13 	   18768 	   16 
 115871 	   23460 	   15 	   18984 	   20 
 118148 	   21332 	   12 	   18022 	   14 
 124110 	   26928 	   47 	   39312 	   45 
 113523 	   18412 	   14 	   19614 	   36 
 114486 	   19726 	   13 	   20179 	   13 
 114547 	   22557 	   15 	   21271 	   17 
 112164 	   29120 	   15 	   25225 	   18 
 112341 	   29615 	   21 	   23820 	   21 
 110185 	   48478 	   41 	   33536 	   36 
 123066 	   35791 	   34 	   51455 	   32 
 119973 	   24605 	   25 	   32759 	   17 
 117077 	   19799 	   13 	   21779 	   14 
 117538 	   17555 	   15 	   17642 	   14 
 119922 	   26187 	  103 	   28479 	  107 
 118219 	   32015 	   19 	   30314 	   20 
 118433 	   23213 	   16 	   24011 	   17 
 118835 	   31867 	   26 	   30524 	   25 
 119144 	   26475 	   22 	   29485 	   20 
 117772 	   23913 	   16 	   25443 	   16 
 118866 	   31599 	   33 	   31250 	   32 
 118285 	   30002 	   25 	   28181 	   21 
 116845 	   24452 	   24 	   21824 	   13 
 118606 	   19375 	   15 	   23933 	   26 
 116027 	   21556 	   19 	   21350 	   16 
 116596 	   29807 	   39 	   28282 	   36 
 118030 	   20809 	   15 	   23332 	   15 
 117508 	   25953 	   27 	   25608 	   25 
 116789 	   29167 	   25 	   29000 	   21 
 116783 	   25897 	   25 	   25879 	   21 
 116441 	   19253 	   14 	   19663 	   12 
 117756 	   31214 	   26 	   34314 	   25 
 117602 	   24414 	   16 	   26900 	   16 
 117425 	   20236 	   16 	   22174 	   16 
 117111 	   20082 	   23 	   19356 	   21 
 116336 	   31452 	   23 	   25969 	   18 
 120957 	   47933 	   89 	   54129 	   83 
 115572 	   27976 	   23 	   27418 	   18 
 115403 	   24028 	   13 	   25031 	   13 
 116489 	   24636 	   25 	   22317 	   22 
 114325 	   27133 	   18 	   24182 	   24 
 115323 	   29457 	   31 	   27518 	   34 
 117061 	   22125 	   24 	   22038 	   18 
 117823 	   19336 	   16 	   23137 	   14 
 116029 	   29932 	   28 	   26738 	   24 
 117467 	   22090 	   19 	   21829 	   23 
 117677 	   21209 	   16 	   21600 	   15 
 116194 	   21663 	   29 	   21298 	   32 
 117189 	   18303 	   10 	   21759 	   10 
 116880 	   20072 	   16 	   20938 	   16 
 116396 	   19639 	   16 	   17526 	   15 
 119018 	   29115 	   33 	   26796 	   37 
 120899 	   20452 	   20 	   28498 	   21 
 116666 	   19007 	   14 	   19328 	   15 
 116662 	   34270 	   26 	   33778 	   24 
 115652 	   19780 	   16 	   19089 	   21 
 115416 	   27425 	   33 	   19681 	   32 
 123040 	   31351 	   86 	   36454 	   90 
 119004 	   19353 	   23 	   19621 	   20 
 116799 	   27415 	   22 	   24663 	   26 
 118278 	   19068 	   13 	   19657 	   12 
 117972 	   22332 	   21 	   18837 	   23 
 118045 	   19729 	   19 	   19991 	   27 
 118674 	   17783 	   19 	   18732 	   19 
 118685 	   17839 	   14 	   17582 	   18 
 119538 	   15840 	   14 	   19059 	   15 
 118810 	   13108 	   14 	   14151 	   12 
 121051 	   29675 	   47 	   25040 	   48 
 119699 	   21435 	   22 	   20812 	   24 
 120247 	   19645 	   20 	   18683 	   23 
 121499 	   16481 	   15 	   19365 	   12 
 119218 	   26521 	   23 	   23256 	   24 
 122239 	   20867 	   21 	   22859 	   22 
 122381 	   17004 	   19 	   22541 	   16 
 121948 	   17388 	   18 	   23137 	   18 
 118756 	   33049 	   32 	   28528 	   28 
 119333 	   17070 	   15 	   15459 	   14 
 118195 	   28216 	   75 	   21198 	   71 
 119829 	   11261 	   17 	   10457 	   15 
 120162 	   10480 	   13 	   10942 	   14 
 120040 	   14536 	   18 	   13883 	   18 
 120513 	   13485 	   13 	   13146 	   17 
 121317 	   15897 	   33 	   15965 	   32 
 120795 	   14095 	   13 	   14085 	   14 
 124417 	   18010 	   18 	   25233 	   19 
 120791 	   13908 	   14 	   14004 	   14 
 120732 	   28283 	   33 	   25507 	   37 
 119236 	   23445 	   31 	   17672 	   34 
 120614 	   16381 	   16 	   16324 	   14 
 121902 	   16034 	   17 	   15709 	   17 
 125075 	   13865 	   16 	   21015 	   15 
 120307 	   27488 	   31 	   21795 	   35 
 120779 	   18736 	   23 	   16560 	   28 
 126534 	   17945 	   20 	   28564 	   20 
 122114 	   29975 	   29 	   25091 	   32 
 119464 	   22389 	   25 	   16353 	   25 
 123409 	   14547 	   20 	   14559 	   21 
 119646 	   31024 	  133 	   36885 	  155 
 112945 	   29078 	   19 	   28440 	   17 
 111834 	   36100 	   52 	   43295 	   64 
 101392 	   41407 	   28 	   42898 	   15 
 100475 	   42641 	   20 	   51008 	   49 
  90635 	   61526 	   46 	   58752 	   25 
  82395 	   62485 	   20 	   62716 	   20 
  81224 	   63615 	   19 	   62476 	   16 
  84282 	   59658 	   13 	   60982 	   14 
  79413 	   69010 	   29 	   71305 	   28 
  74023 	   68344 	   16 	   62964 	   15 
  78634 	   67150 	   16 	   69682 	   14 
  75058 	   71114 	   22 	   66847 	   21 
  78906 	   61269 	   12 	   63858 	   28 
  81965 	   72431 	   31 	   66947 	   30 
  85283 	   55588 	   14 	   60104 	   16 
  78816 	   66904 	   21 	   65172 	   14 
  78245 	   63194 	   12 	   63918 	   14 
  78973 	   68227 	   21 	   65651 	   16 
  77299 	   62483 	   14 	   65491 	   13 
  75408 	   69214 	   22 	   70762 	   25 
  77796 	   65985 	   16 	   64529 	   17 
  81427 	   63600 	   14 	   64042 	   13 
  78402 	   66952 	   23 	   70513 	   27 
  91101 	   55956 	   29 	   51475 	   20 
  88318 	   65083 	   27 	   62525 	   29 
  91398 	   53370 	   11 	   53339 	   13 
  88213 	   60398 	   17 	   57730 	   18 
  81211 	   60526 	   13 	   61169 	   12 
  82045 	   63033 	   21 	   63237 	   19 
  80842 	   60699 	   13 	   64683 	   12 
  82403 	   63971 	   37 	   65910 	   36 
  86506 	   55767 	   10 	   56054 	   11 
  84857 	   60781 	   27 	   64523 	   50 
  85393 	   69641 	   50 	   67239 	   47 
  82960 	   58606 	   14 	   59097 	   10 
  77685 	   67629 	   18 	   69120 	   16 
  76941 	   64686 	   15 	   65459 	   17 
  77383 	   66193 	   19 	   62815 	   18 
  77227 	   61394 	   11 	   76407 	   76 
  74196 	   77753 	   61 	   72785 	   20 
  68222 	   71653 	   18 	   75252 	   20 
  65661 	   77723 	   22 	   75222 	   19 
  66708 	   75860 	   18 	   74712 	   13 
  64701 	   77490 	   18 	   73850 	   18 
  75631 	   65898 	   17 	   72587 	   23 
  71152 	   79548 	   27 	   72551 	   23 
  66875 	   72562 	   11 	   80554 	   22 
  65594 	   78891 	   30 	   75118 	   15 
  63364 	   78343 	   15 	   79317 	   11 
  62064 	   81656 	   13 	   82398 	   15 
  59263 	   77653 	   11 	   79052 	   13 
  59079 	   81053 	   12 	   79494 	   23 
  60959 	   89230 	   32 	   88977 	   30 
  61541 	   77685 	   18 	   73173 	   12 
  61019 	   78490 	   16 	   83009 	   14 
  59774 	   83489 	   17 	   81571 	   12 
  60438 	   80905 	   15 	   81773 	   16 
  60390 	   84816 	   65 	   81357 	   76 
  58576 	   78034 	   14 	   80271 	   12 
  57505 	   79311 	   11 	   82108 	   14 
  59711 	   78956 	   11 	   77019 	   13 
  60719 	   79008 	   16 	   80372 	   15 
  59472 	   80471 	   28 	   89837 	   32 
  54606 	   89834 	   19 	   80217 	   11 
  55862 	   84020 	   14 	   86133 	   19 
  53263 	   88458 	   15 	   85572 	   13 
  55552 	   80544 	    9 	   82798 	   16 
  52988 	   84845 	   15 	   86396 	   14 
  54792 	   86046 	   24 	   89668 	   14 
  54406 	   87850 	   14 	   83621 	   10 
  52966 	   87608 	   15 	   87151 	   17 
  53337 	   82930 	   14 	   83584 	   12 
  54925 	   83847 	   12 	   90949 	   28 
  54287 	   94090 	   29 	   85763 	   24 
  53578 	   82881 	    9 	   84425 	   15 
  52095 	   87490 	   14 	   90187 	   14 
  52881 	   90722 	   16 	   88207 	   14 
  51434 	   87849 	   14 	   96551 	   76 
  52663 	   96902 	   65 	   92235 	   19 
  52153 	   92294 	   17 	   92110 	   14 
  51041 	   94822 	   20 	   90323 	   15 
  52538 	   87410 	   12 	   89983 	   12 
  56859 	   88383 	   20 	   96847 	   45 
  72154 	   78865 	   43 	   68408 	   13 
  76545 	   66578 	   21 	   77395 	   76 
  69756 	   82152 	   66 	   76771 	   21 
  67877 	   75493 	   19 	   75029 	   17 
  68221 	   71178 	   11 	   72959 	   10 
  62781 	   84890 	   27 	   84585 	   30 
  55285 	   89368 	   17 	   87403 	   18 
  52927 	   84529 	   13 	   82120 	   22 
  55736 	   84720 	   22 	   85900 	   15 
  55039 	   86277 	   16 	   87370 	   20 
  55310 	   82567 	   17 	   87303 	   12 
  56236 	   87403 	   35 	   82112 	   39 
  56613 	   84291 	   17 	   88609 	   22 
  56924 	   84920 	   18 	   80380 	   13 
  57075 	   82409 	   12 	   84927 	   22 
  57977 	   82990 	   17 	   81204 	   13 
  57716 	   84057 	   18 	   87457 	   34 
  57532 	   85506 	   30 	   88011 	   26 
  59907 	   83057 	   28 	   76485 	   13 
  59555 	   81685 	   20 	   82478 	   24 
  61257 	   85120 	   38 	   84702 	   35 
  58940 	   81224 	   18 	   79315 	   16 
  61077 	   76190 	   12 	   79786 	   17 
  61313 	   78271 	   21 	   76656 	   14 
  62026 	   79021 	   48 	   85039 	   45 
  73439 	   71957 	   46 	   68644 	   51 
  76954 	   63446 	   23 	   66271 	   22 
  76501 	   68071 	   53 	   65257 	   63 
  74423 	   62419 	   14 	   66252 	   19 
  71027 	   69614 	   22 	   65575 	   13 
  69786 	   72406 	   19 	   71642 	   23 
  68735 	   69221 	   17 	   70549 	   12 
  70716 	   72405 	   22 	   70737 	   15 
  69961 	   66844 	   12 	   71663 	   31 
  66636 	   76364 	   29 	   70892 	   22 
  65415 	   73398 	   20 	   74811 	   20 
  64368 	   77257 	   20 	   76026 	   15 
  62953 	   78716 	   16 	   76480 	   14 
  65565 	   72571 	   16 	   75732 	   17 
  63531 	   80059 	   34 	   84004 	   45 
  72363 	   68769 	   21 	   71187 	   31 
  68128 	   72986 	   30 	   68897 	   19 
  62642 	   77382 	   17 	   73285 	   16 
  62329 	   73195 	   14 	   76911 	   18 
  64956 	   73996 	   23 	   71345 	   12 
  63210 	   77027 	   27 	   76560 	   26 
  69536 	   71796 	   20 	   76773 	   22 
  72570 	   66699 	   14 	   74018 	   26 
  71045 	   73951 	   31 	   68708 	   30 
  67165 	   74255 	   28 	   71836 	   14 
  66138 	   73669 	   20 	   72676 	   23 
  65871 	   72430 	   15 	   85498 	   85 
  63928 	   84248 	   70 	   75826 	   16 
  63044 	   80553 	   19 	   78881 	   17 
  64904 	   74967 	   13 	   76737 	   14 
  65635 	   79408 	   20 	   77056 	   14 
  63266 	   81774 	   21 	   80058 	   19 
  62483 	   76054 	   14 	   82802 	   25 
  60166 	   84527 	   24 	   82176 	   26 
  55023 	   83313 	   13 	   88661 	   45 
  53753 	   89247 	   40 	   85581 	   12 
  54609 	   85851 	   14 	   83801 	   13 
  51471 	   87713 	   20 	   88092 	   27 
  55384 	   82137 	   23 	   85862 	   17 
  56889 	   82855 	   13 	   81102 	   12 
  55127 	   88610 	   27 	   88851 	   27 
  55783 	   83258 	   12 	   83650 	   12 
  52389 	   91391 	   24 	   87600 	   22 
  48498 	   89262 	   20 	   92006 	   15 
  49626 	   90657 	   17 	   95690 	   69 
  50897 	   94590 	   55 	   90117 	   14 
  51448 	   91807 	   17 	   90759 	   16 
  49902 	   90726 	   19 	   91470 	   19 
  55764 	   91056 	   25 	   87280 	   20 
  61184 	   76718 	   10 	   76459 	   11 
  65628 	   76974 	   54 	   82642 	   63 
  75542 	   65006 	   30 	   66517 	   29 
  77068 	   68175 	   51 	   67450 	   52 
  69133 	   75777 	   23 	   77588 	   26 
  66622 	   74316 	   18 	   74419 	   14 
  66280 	   75311 	   25 	   73421 	   30 
  66484 	   73697 	   17 	   75494 	   16 
  66642 	   75035 	   19 	   72990 	   17 
  66888 	   72485 	   12 	   78902 	   17 
  74010 	   71307 	   21 	   63935 	   16 
  74626 	   63848 	   13 	   63768 	   18 
  69937 	   74543 	   34 	   77682 	   34 
  66203 	   75727 	   32 	   73513 	   29 
  63599 	   76087 	   14 	   75501 	   17 
  63469 	   75637 	   16 	   78935 	   14 
  60169 	   82257 	   17 	   81167 	   17 
  58841 	   78108 	   12 	   81148 	   17 
  61027 	   78806 	   16 	   76445 	   13 
  57124 	   86462 	   29 	   87079 	   30 
  61491 	   76256 	   12 	   78394 	   28 
  64525 	   82064 	   34 	   80254 	   27 
  66528 	   73162 	   20 	   71362 	   12 
  62100 	   78549 	   20 	   80303 	   23 
  59428 	   80546 	   21 	   77296 	   12 
  60269 	   80222 	   52 	   80089 	   51 
  61029 	   73470 	   13 	   75536 	   13 
  62668 	   75048 	   14 	   74249 	   13 
  63485 	   75962 	   25 	   74904 	   27 
  62320 	   73259 	   14 	   73631 	   16 
  62996 	   72169 	   12 	   77555 	   26 
  61553 	   81078 	   27 	   77276 	   20 
  61844 	   77302 	   15 	   78181 	   16 
  59162 	   79229 	   20 	   76724 	   19 
  58308 	   78003 	   18 	   84551 	   14 
  57868 	   82013 	   14 	   81066 	   12 
  57086 	   84768 	   39 	   82074 	   34 
  56268 	   80828 	   15 	   80332 	   14 
  57094 	   78538 	   11 	   84990 	   22 
  58052 	   83228 	   24 	   79149 	   14 
  59184 	   80329 	   15 	   81487 	   22 
  56731 	   80910 	   22 	   83621 	   24 
  57405 	   84121 	   20 	   81244 	   11 
  56608 	   83857 	   13 	   84005 	   13 
  54908 	   87470 	   24 	   86547 	   19 
  56275 	   81993 	   15 	   88641 	   18 
  52951 	   94667 	   58 	   95243 	   78 
  64110 	   80019 	   58 	   79514 	   43 
  67702 	   74099 	   29 	   72327 	   15 
  65372 	   76430 	   45 	   73478 	   50 
  64687 	   72364 	   14 	   76696 	   18 
  64265 	   75054 	   16 	   72423 	   12 
  61000 	   79028 	   17 	   74173 	   13 
  60752 	   76494 	   11 	   79535 	   17 
  60121 	   79340 	   15 	   77595 	   15 
  58158 	   78573 	   11 	   84184 	   30 
  65415 	   76234 	   36 	   83552 	   31 
  65436 	   78111 	   32 	   75238 	   15 
  64013 	   74640 	   15 	   69492 	   15 
  60776 	   79716 	   21 	   77779 	   25 
  60403 	   78135 	   19 	   78782 	   15 
  59812 	   76263 	   14 	   76514 	   28 
  60485 	   79912 	   32 	   82165 	   20 
  59743 	   81076 	   15 	   78616 	   14 
  58078 	   78338 	   14 	   79441 	   20 
  56690 	   86478 	   26 	   86905 	   18 
  58742 	   81350 	   18 	   81377 	   17 
  54050 	   87807 	   29 	   88301 	   31 
  59101 	   82026 	   32 	   82935 	   30 
  60868 	   78320 	   14 	   86483 	   29 
  58948 	   87232 	   29 	   77110 	   26 
  57687 	   79422 	   13 	   85109 	   27 
  56890 	   85395 	   30 	   81772 	   13 
  52796 	   89443 	   93 	   83413 	  103 
  54472 	   83567 	   31 	   88974 	   10 
  56094 	   87657 	   17 	   81137 	   19 
  55103 	   81406 	   11 	   82817 	   19 
  55478 	   84452 	   22 	   86225 	   12 
  56903 	   84383 	   20 	   83142 	   22 
  55648 	   83876 	   36 	   80228 	   42 
  57347 	   79221 	   13 	   86926 	   21 
  59601 	   84288 	   21 	   79614 	   19 
  57179 	   81924 	   19 	   79944 	   20 
  58672 	   76345 	   11 	   77980 	   19 
  58993 	   79261 	   16 	   84992 	   45 
  59251 	   83666 	   40 	   75862 	   14 
  59819 	   79404 	   23 	   77132 	   18 
  59801 	   75324 	   11 	   79067 	   16 
  62516 	   79757 	   25 	   80459 	   17 
  59771 	   79249 	   19 	   77474 	   14 
  59982 	   77334 	   30 	   76564 	   35 
  61379 	   73257 	   13 	   74619 	   20 
  62490 	   73669 	   16 	   74797 	   13 
  62681 	   75706 	   20 	   72837 	   18 
  62601 	   72858 	   20 	   72028 	   15 
  63274 	   71509 	   67 	   72589 	   72 
  64404 	   70231 	   19 	   72621 	   19 
  66873 	   70777 	   20 	   69756 	   14 
  64958 	   72679 	   23 	   70242 	   21 
  65801 	   68685 	   20 	   69489 	   16 
  67960 	   67378 	   13 	   73035 	   37 
  71280 	   70627 	   37 	   69255 	   17 
  68228 	   72852 	   19 	   72271 	   16 
  70842 	   67121 	   19 	   68887 	   27 
  69345 	   71625 	   23 	   74858 	   17 
  71536 	   72066 	   20 	   68265 	   17 
  66740 	   72094 	   37 	   70194 	   43 
  67345 	   65134 	   13 	   63922 	   18 
  67983 	   66326 	   16 	   70588 	   22 
  67661 	   68261 	   19 	   77552 	   17 
  71881 	   65096 	   21 	   64559 	   11 
  75195 	   65335 	   32 	   67531 	   37 
  73383 	   65193 	   21 	   65613 	   19 
  72943 	   62757 	   13 	   64219 	   23 
  73253 	   65042 	   20 	   66209 	   13 
  76560 	   63194 	   23 	   63934 	   16 
  74326 	   69537 	   71 	   66243 	   81 
  72770 	   62085 	   13 	   60631 	   19 
  72889 	   62748 	   18 	   66776 	   18 
  75178 	   65956 	   21 	   65429 	   19 
  74591 	   64978 	   21 	   63361 	   14 
  72645 	   64227 	   31 	   61825 	   35 
  73931 	   58496 	   13 	   60461 	   19 
  74337 	   59814 	   16 	   71766 	   22 
  77419 	   60400 	   22 	   57759 	   11 
  76913 	   60091 	   20 	   63252 	   15 
  81888 	   58271 	   43 	   62138 	   42 
  82209 	   56340 	   16 	   55335 	   18 
  80217 	   57183 	   18 	   58779 	   13 
  80667 	   60828 	   16 	   59565 	   20 
  83604 	   57751 	   25 	   60539 	   21 
  81718 	   56159 	   17 	   58402 	   35 
  81874 	   60485 	   34 	   58807 	   13 
  78806 	   60252 	   20 	   58456 	   17 
  81397 	   57278 	   25 	   59213 	   21 
  81509 	   56446 	   15 	   59646 	   19 
  83147 	   57828 	   21 	   58951 	   15 
 100160 	   60098 	   58 	   73839 	   76 
 114053 	   35537 	   24 	   43664 	   23 
 101626 	   46355 	   21 	   57206 	   13 
  86929 	   50511 	   33 	   65170 	   13 
  85688 	   48486 	   21 	   52456 	   36 
  85552 	   49189 	   15 	   50085 	   18 
  84653 	   52419 	   18 	   51515 	   19 
  88565 	   49593 	   19 	   51966 	   17 
  84595 	   53086 	   41 	   54896 	   42 
  86819 	   47074 	   22 	   48054 	   14 
  85940 	   47827 	   14 	   47755 	   15 
  83757 	   53402 	   21 	   54176 	   20 
  83319 	   53777 	   17 	   54726 	   18 
  85928 	   53970 	   31 	   54679 	   30 
  89157 	   49310 	   20 	   48862 	   12 
  86824 	   49864 	   16 	   52963 	   19 
  86867 	   57242 	   22 	   54469 	   22 
  89461 	   55204 	   25 	   56416 	   20 
  86247 	   98918 	  122 	   53823 	   18 
  80201 	  105929 	   16 	  101706 	  168 
  89220 	   81790 	   80 	   58360 	   15 
  88559 	   55276 	   21 	   56520 	   18 
  88604 	   57750 	   53 	   56330 	   57 
  93352 	   44348 	   16 	   48193 	   21 
  94749 	   53019 	   37 	   58975 	   49 
 101920 	   45759 	   23 	   46045 	   17 
 101875 	   40500 	   14 	   42046 	   18 
 103861 	   41846 	   16 	   41498 	   13 
  98620 	   45533 	   21 	   41785 	   21 
 100903 	   42367 	   17 	   42868 	   14 
 101114 	   48348 	   23 	   46854 	   21 
  99898 	   43300 	   12 	   44740 	   15 
  93036 	   47646 	   14 	   43339 	   31 
  92317 	   61801 	   37 	   57580 	   37 
 100657 	   38476 	   16 	   41548 	   15 
 102501 	   43253 	   19 	   44011 	   19 
 105401 	   37899 	   12 	   37265 	   12 
 104492 	   40624 	   21 	   41561 	   20 
 105344 	   38292 	   16 	   37510 	   14 
 102378 	   41975 	   22 	   41027 	   21 
 101028 	   40583 	   14 	   40581 	   12 
 104302 	   41394 	   19 	   43750 	   16 
 102160 	   42078 	   16 	   39671 	   14 
  98083 	   49367 	   30 	   46311 	   26 
  95315 	   54422 	   36 	   55405 	   38 
  96489 	   44104 	   11 	   45563 	   13 
  96540 	   44934 	   16 	   46784 	   18 
 101377 	   41877 	   18 	   39727 	    9 
 103229 	   40056 	   18 	   41626 	   17 
 101736 	   40072 	   16 	   39704 	   10 
  99609 	   44299 	   22 	   43648 	   29 
  97914 	   41249 	   19 	   42872 	   13 
  93497 	   49718 	   15 	   49522 	   30 
  94115 	   65449 	   52 	   65937 	   56 
  98288 	   42143 	   15 	   44606 	   16 
  99001 	   46777 	   19 	   43890 	   17 
 100127 	   41308 	   13 	   40154 	   13 
 105190 	   36632 	   12 	   43807 	   20 
 101930 	   39401 	   22 	   37072 	   13 
 104260 	   45770 	   58 	   50738 	   61 
 104938 	   33832 	   19 	   42433 	   20 
 103735 	   39733 	   19 	   34058 	   10 
 104976 	   40370 	   24 	   39359 	   23 
 103962 	   36027 	   16 	   36243 	   14 
 101988 	   42031 	   12 	   36893 	   10 
 101524 	   44184 	   23 	   47461 	   24 
  97985 	   45667 	   14 	   40427 	   16 
 100456 	   36441 	   13 	   41224 	   20 
 101642 	   43110 	   20 	   45037 	   16 
 101281 	   37826 	   15 	   35736 	   12 
  96818 	   46455 	   23 	   48758 	   38 
 106453 	   45172 	   34 	   41983 	   20 
 106154 	   42480 	   32 	   47035 	   31 
 109141 	   28617 	   11 	   31687 	   12 
 102452 	   39764 	   10 	   34109 	   16 
  99652 	   37033 	   16 	   39458 	   17 
 107751 	   34053 	   21 	   35964 	   16 
 110086 	   34200 	   48 	   40222 	   49 
 107546 	   28900 	   14 	   27185 	   14 
 107116 	   27213 	   11 	   27690 	   18 
 110373 	   28665 	   19 	   28503 	   14 
 108488 	   32165 	   15 	   30213 	   13 
 107243 	   32134 	   33 	   31437 	   32 
 109978 	   27704 	   13 	   29505 	   14 
 108753 	   32566 	   18 	   30571 	   17 
 106599 	   33399 	   13 	   32747 	   14 
 109592 	   28430 	   15 	   32898 	   16 
 108593 	   35519 	   27 	   30893 	   27 
 112092 	   34685 	   30 	   46412 	   33 
 109541 	   32505 	   20 	   26421 	   11 
 105774 	   37048 	   19 	   29578 	   18 
 106694 	   36339 	   19 	   36397 	   19 
 110311 	   29677 	   16 	   34400 	   16 
 112337 	   30297 	   24 	   35963 	   25 
 113278 	   24258 	   13 	   24387 	   14 
 114351 	   28503 	   15 	   27865 	   17 
 111025 	   29878 	   16 	   30203 	   13 
 119467 	   29196 	   75 	   38061 	   82 
 117858 	   21589 	   13 	   19900 	   13 
 114792 	   34456 	   25 	   32537 	   24 
 114930 	   28255 	   14 	   28682 	   12 
 116707 	   24761 	   13 	   25877 	   13 
 112209 	   33091 	   25 	   29070 	   23 
 108375 	   42088 	   37 	   38393 	   36 
 100702 	   40681 	   21 	   33887 	   21 
  94837 	   48547 	   80 	   40919 	   86 
  90758 	   53753 	   35 	   45318 	   40 
  89557 	   52664 	   15 	   48113 	   11 
  85893 	   64111 	   62 	   64386 	   67 
  94538 	   44257 	   16 	   50449 	   14 
  94794 	   46869 	   15 	   45225 	   13 
  93761 	   45060 	   21 	   51492 	   27 
  96177 	   45748 	   23 	   46072 	   16 
 100305 	   36349 	   13 	   37356 	   11 
 100397 	   42387 	   17 	   42563 	   21 
  95658 	   49805 	   22 	   49464 	   24 
 100420 	   42880 	   18 	   43985 	   16 
  99683 	   42428 	   31 	   44254 	   34 
  99832 	   42472 	   21 	   41681 	   23 
 100575 	   40920 	   13 	   40294 	   12 
 100222 	   39319 	   12 	   39781 	   13 
 100318 	   43516 	   25 	   42442 	   21 
  98704 	   39715 	   15 	   41173 	   15 
  88831 	   61776 	   29 	   52231 	   28 
  89677 	   47445 	   11 	   47909 	   17 
  78485 	   61249 	   15 	   68413 	   45 
  86219 	   63740 	   41 	   63916 	   23 
  93403 	   52424 	   28 	   54972 	   20 
  95311 	   43190 	   18 	   45042 	   13 
  97083 	   45031 	   15 	   44808 	   17 
  90822 	   46180 	   14 	   48208 	   27 
  99293 	   39643 	   32 	   41931 	   12 
 101461 	   41689 	   15 	   41489 	   14 
  98972 	   41919 	   19 	   42034 	   25 
  98200 	   44145 	   21 	   43116 	   22 
  99895 	   39316 	   16 	   41016 	   18 
  99495 	   37447 	   10 	   39674 	   10 
 103376 	   39967 	   22 	   40001 	   17 
 111317 	   31457 	   19 	   40476 	   20 
 104384 	   41392 	   21 	   30997 	   18 
  99115 	   38282 	   12 	   39704 	   15 
 104611 	   35865 	   17 	   40919 	   17 
 108343 	   40536 	   37 	   38893 	   41 
 104202 	   36062 	   19 	   31659 	   45 
  97112 	   44251 	   43 	   36757 	   14 
  93079 	   51796 	   18 	   49004 	   15 
  85614 	   54024 	   29 	   55732 	   38 
  98108 	   46277 	   30 	   47634 	   16 
  94364 	   46759 	   15 	   46859 	   22 
  94082 	   42103 	   14 	   43229 	   13 
  95800 	   42975 	   14 	   42052 	   14 
 100629 	   43575 	   26 	   54136 	   30 
  98576 	   43421 	   22 	   37097 	   14 
 104119 	   36926 	   10 	   39995 	   15 
 103253 	   33693 	   16 	   40492 	   77 
 114239 	   30419 	   63 	   29060 	   20 
 111696 	   33525 	   20 	   30313 	   18 
 110800 	   28578 	   12 	   29134 	    8 
 111010 	   31322 	   20 	   31111 	   20 
 113427 	   32940 	   21 	   32347 	   19 
 110948 	   27302 	   13 	   28432 	   14 
 112933 	   30846 	   26 	   31623 	   28 
 116188 	   25828 	   41 	   26368 	   43 
 117643 	   18728 	   14 	   19943 	   16 
 117485 	   21947 	   21 	   21062 	   18 
 115844 	   27490 	   21 	   26023 	   19 
 115829 	   19024 	   14 	   20132 	   14 
 115776 	   24190 	   22 	   22154 	   18 
 117104 	   27578 	   28 	   26775 	   29 
 116513 	   21763 	   13 	   22341 	   12 
 118723 	   28806 	   26 	   30050 	   25 
 119053 	   18401 	   13 	   18857 	   14 
 119506 	   19316 	   18 	   20386 	   17 
 120849 	   24427 	   46 	   25359 	   52 
 119831 	   24072 	   19 	   22655 	   18 
 120517 	   23169 	   15 	   23346 	   13 
 113985 	   34943 	   26 	   30001 	   23 
 111352 	   28448 	   11 	   27790 	   12 
 108896 	   35072 	   55 	   32249 	   58 
 105465 	   34662 	   31 	   34380 	   27 
 100832 	   44022 	   53 	   44378 	   58 
 108778 	   35891 	   24 	   37125 	   24 
 109937 	   28014 	   10 	   28870 	   12 
 109707 	   34210 	   21 	   32428 	   23 
 108703 	   30782 	   20 	   31511 	   22 
 108099 	   32598 	   13 	   33430 	   16 
 109986 	   29290 	   13 	   29954 	   11 
 108503 	   35412 	   22 	   32284 	   21 
 107400 	   31548 	   11 	   34047 	   16 
 105228 	   39674 	   31 	   36905 	   35 
 104719 	   37178 	   27 	   39676 	   26 
 110329 	   29864 	   16 	   29821 	   15 
 111880 	   27595 	   16 	   28814 	   16 
 110510 	   31173 	   16 	   30384 	   17 
 111955 	   28022 	   15 	   27353 	   17 
 112502 	   26545 	   18 	   27117 	   18 
 111466 	   29582 	   22 	   29280 	   28 
 108517 	   29476 	   12 	   30032 	   30 
 105539 	   39266 	   36 	   38007 	   32 
 105206 	   34239 	   17 	   32389 	   13 
 104256 	   35985 	   17 	   38772 	   22 
 107396 	   33236 	   19 	   30937 	   11 
 108079 	   32901 	   44 	   35031 	   46 
 109995 	   24120 	   12 	   22820 	   13 
 112302 	   26081 	   21 	   26833 	   21 
 110852 	   29295 	   22 	   28640 	   19 
 110791 	   25894 	   19 	   26570 	   18 
 110763 	   24706 	   12 	   24019 	   13 
 110515 	   32809 	   26 	   30851 	   28 
 111055 	   28424 	   17 	   28938 	   19 
 111316 	   30176 	   22 	   32640 	   23 
 111894 	   25155 	   12 	   23024 	   12 
 112407 	   26263 	   16 	   27273 	   14 
 112210 	   28459 	   36 	   29220 	   33 
 112801 	   26271 	   23 	   24617 	   17 
 113883 	   22122 	   13 	   25650 	   16 
 113929 	   30600 	   26 	   26967 	   20 
 113516 	   26370 	   19 	   26652 	   22 
 113863 	   23463 	   17 	   24883 	   16 
 112469 	   27826 	   26 	   25919 	   27 
 113481 	   27175 	   17 	   27970 	   19 
 112848 	   32039 	   22 	   29041 	   21 
 113851 	   23923 	   12 	   25361 	   18 
 108409 	   39289 	   58 	   35038 	   59 
 109807 	   31639 	   55 	   32962 	   64 
 110843 	   30149 	   27 	   33661 	   27 
 110761 	   33535 	   60 	   33529 	   56 
 110638 	   26125 	   13 	   26276 	   13 
 110582 	   30305 	   17 	   30532 	   16 
 109771 	   31502 	   17 	   31001 	   14 
 111900 	   25051 	   15 	   25018 	   15 
 110482 	   28811 	   20 	   28888 	   17 
 109915 	   30450 	   24 	   28492 	   28 
 109262 	   30957 	   31 	   29811 	   28 
 108741 	   33988 	   29 	   37022 	   30 
 107596 	   30790 	   14 	   32042 	   13 
 106920 	   33758 	   19 	   32474 	   22 
 107582 	   32249 	   18 	   29876 	   13 
 109351 	   29643 	   28 	   30357 	   29 
 114032 	   22857 	   13 	   23914 	   16 
 112199 	   27182 	   16 	   25563 	   16 
 111577 	   29623 	   17 	   28351 	   17 
 111825 	   27150 	   18 	   28345 	   16 
 111343 	   31140 	   19 	   30529 	   17 
 110120 	   35771 	   30 	   33345 	   28 
 111421 	   27339 	   30 	   29159 	   30 
 111963 	   27204 	   14 	   29019 	   18 
 113240 	   32250 	   30 	   30838 	   33 
 111901 	   26632 	   15 	   24999 	   13 
 112292 	   29415 	   24 	   30778 	   25 
 110407 	   33918 	   87 	   36885 	  110 
 110278 	   29146 	   45 	   25145 	   14 
 108575 	   32268 	   18 	   31724 	   15 
 107620 	   31773 	   20 	   32036 	   19 
 110570 	   26695 	   12 	   29161 	   12 
 106982 	   33784 	   14 	   31122 	   11 
 104609 	   37201 	   26 	   38158 	   27 
 104526 	   31731 	   15 	   28500 	   19 
 108255 	   34823 	   23 	   37481 	   24 
 105597 	   33944 	   24 	   33753 	   25 
 107637 	   27471 	   13 	   30207 	   12 
 107176 	   30189 	   16 	   31062 	   14 
 102667 	   40015 	   47 	   36625 	   49 
 104555 	   35325 	   21 	   33897 	   22 
 103864 	   31157 	    9 	   32300 	   11 
 104749 	   37193 	   22 	   36768 	   22 
 104116 	   35204 	   13 	   34635 	   14 
 102393 	   36588 	   28 	   38646 	   26 
 104319 	   30203 	   14 	   31344 	   15 
 101603 	   34617 	   14 	   34910 	   15 
  99683 	   38690 	   22 	   37150 	   23 
 102073 	   33562 	   16 	   32596 	   14 
  98333 	   37364 	   55 	   36607 	   55 
  94166 	   47226 	   24 	   42201 	   27 
 103743 	   37266 	   16 	   41938 	   13 
 100508 	   38161 	   21 	   37331 	   26 
 104053 	   32102 	   13 	   33005 	   14 
 102919 	   33725 	   13 	   35265 	   14 
  95645 	   48138 	   20 	   40325 	   29 
  95305 	   43715 	   17 	   41718 	   15 
  98586 	   44563 	   18 	   56342 	   31 
  91589 	   55284 	   29 	   44468 	   22 
  97155 	   41201 	   13 	   49343 	   14 
  96965 	   45068 	   51 	   40565 	   46 
 101104 	   31303 	   14 	   33333 	   19 
 101313 	   32786 	   15 	   31804 	   12 
  94242 	   41929 	   25 	   41298 	   24 
  99418 	   36717 	   13 	   34610 	   14 
  96358 	   47029 	   32 	   46158 	   29 
  96638 	   42171 	   15 	   40682 	   12 
  97116 	   40816 	   18 	   43879 	   15 
  95245 	   47571 	   29 	   45312 	   27 
  98360 	   42999 	   16 	   44494 	   17 
  97463 	   47210 	   85 	   47085 	   98 
  97203 	   38885 	   19 	   38034 	   14 
  96281 	   40272 	   15 	   40081 	   13 
  94645 	   48152 	   25 	   44136 	   21 
  97116 	   40062 	   13 	   41768 	   15 
  95067 	   39879 	   13 	   40535 	   27 
  96864 	   39330 	   22 	   39560 	   11 
  94592 	   39510 	   11 	   39564 	   14 
  91942 	   44670 	   22 	   42605 	   22 
  94018 	   41930 	   14 	   41603 	   14 
  92245 	   45565 	   45 	   45348 	   46 
  98039 	   40948 	   20 	   42464 	   20 
  96210 	   42516 	   16 	   43173 	   15 
  95133 	   45630 	   16 	   43081 	   18 
  99407 	   39705 	   22 	   44220 	   22 
 101372 	   41023 	   18 	   39007 	   19 
  94545 	   45517 	   27 	   47230 	   31 
  97350 	   39329 	   15 	   36330 	   17 
  95777 	   40476 	   26 	   39625 	   23 
  97740 	   37937 	   14 	   39183 	   14 
  99091 	   41302 	   17 	   42791 	   17 
  91041 	   49394 	   48 	   44647 	   48 
  84319 	   59565 	   16 	   56942 	   13 
  75424 	   67036 	   26 	   64259 	   24 
  77452 	   59898 	   18 	   58661 	   12 
  76827 	   60117 	   29 	   58387 	   30 
  78063 	   59455 	   21 	   56572 	   15 
  78353 	   57263 	   17 	   59485 	   30 
  77120 	   60958 	   27 	   59082 	   13 
  79308 	   59042 	   15 	   58995 	   18 
  76381 	   61982 	   47 	   58074 	   49 
  75902 	   58654 	   18 	   57011 	   16 
  76757 	   57703 	   13 	   61121 	   25 
  77287 	   61247 	   29 	   58799 	   19 
  79809 	   61721 	   16 	   60976 	   14 
  78490 	   61611 	   31 	   64262 	   31 
  79349 	   64057 	   20 	   61392 	   19 
  80655 	   60322 	   15 	   67548 	   26 
  83451 	   65115 	   32 	   64208 	   16 
  82041 	   64772 	   18 	   63647 	   16 
 104830 	   83605 	  117 	  128432 	  121 
 108296 	   76397 	   69 	   47333 	   68 
 106226 	   36951 	   25 	   37929 	   24 
 106173 	   32060 	   12 	   33763 	   14 
 105281 	   38030 	   17 	   36762 	   14 
 106404 	   34448 	   15 	   35081 	   14 
 106020 	   32441 	   10 	   32365 	   11 
 104681 	   40860 	   22 	   35318 	   22 
 105617 	   41024 	   35 	   38816 	   35 
 106361 	   50018 	   59 	   52769 	   59 
 108263 	   32803 	   17 	   31246 	   14 
 108222 	   30833 	   13 	   31731 	   11 
 107565 	   35833 	   14 	   35075 	   14 
 108901 	   32293 	   14 	   32418 	   13 
 109161 	   36241 	   24 	   36864 	   24 
 107494 	   31981 	   12 	   37447 	   22 
 108260 	   38271 	   22 	   38120 	   17 
 105252 	   34516 	   14 	   35347 	   10 
 105549 	   37587 	   12 	   38510 	   15 
 107525 	   32149 	   13 	   30573 	   16 
 107191 	   39893 	   25 	   37610 	   25 
 103894 	   34165 	   11 	   37238 	   13 
 101674 	   43870 	   21 	   41671 	   17 
 104302 	   37915 	   20 	   38272 	   21 
 101547 	   42271 	   13 	   41674 	   16 
 101370 	   44220 	   13 	   44582 	   16 
 104937 	   34441 	   14 	   39528 	   60 
 104187 	   46847 	   57 	   42969 	   18 
 102021 	   40188 	   15 	   40246 	   11 
  97819 	   41286 	   13 	   41101 	   13 
 101522 	   41066 	   30 	   42864 	   23 
  95262 	   48350 	   34 	   48051 	   29 
  95045 	   46072 	   14 	   45576 	   12 
  94166 	   49951 	   24 	   54514 	   39 
  94273 	   50448 	   36 	   46329 	   16 
  92213 	   50203 	   17 	   48191 	   16 
  94279 	   44683 	   12 	   47697 	   13 
  91880 	   52518 	   23 	   51617 	   21 
  92341 	   52587 	   24 	   51909 	   19 
  94202 	   45316 	   11 	   46537 	   10 
  90409 	   54502 	   27 	   56621 	   26 
  92426 	   53929 	   32 	   53916 	   28 
  92945 	   50506 	   22 	   51917 	   21 
  93005 	   51344 	   18 	   47050 	   16 
  92195 	   51456 	   20 	   51550 	   19 
  91970 	   54548 	   44 	   51000 	   42 
  97621 	   43789 	   15 	   45544 	   17 
 103194 	   40745 	   16 	   44294 	   35 
 104764 	   43806 	   37 	   38842 	   15 
  97308 	   43856 	   17 	   43196 	   19 
  98788 	   39634 	   12 	   40416 	   11 
  99156 	   52144 	   24 	   51176 	   25 
  95877 	   48272 	   18 	   48320 	   16 
  92646 	   46958 	   11 	   47865 	   11 
  95022 	   50119 	   22 	   46484 	   21 
 100535 	   40103 	   18 	   39607 	   19 
 102149 	   37144 	   14 	   39313 	   14 
 101187 	   42468 	   14 	   41666 	   17 
 101689 	   51890 	   34 	   44254 	   35 
 115458 	   36259 	  106 	   36458 	  115 
 117458 	   26145 	   29 	   24944 	   32 
 119192 	   23153 	   23 	   24448 	   19 
 118076 	   26295 	   19 	   28248 	   17 
 116437 	   22462 	   20 	   24243 	   20 
 116197 	   23642 	   19 	   21731 	   11 
 113738 	   34468 	   31 	   33419 	   30 
 113248 	   27942 	   13 	   29659 	   12 
 116839 	   28884 	   14 	   30783 	   17 
 117392 	   23105 	   13 	   24851 	   16 
 116317 	   28844 	   19 	   26978 	   15 
 114119 	   30722 	   21 	   31205 	   19 
 114758 	   27450 	   14 	   29069 	   13 
 111637 	   42737 	   52 	   42396 	   50 
 115158 	   22772 	   16 	   22078 	   14 
 113652 	   27104 	   17 	   27073 	   14 
 112916 	   30140 	   26 	   29851 	   26 
 111935 	   25639 	   15 	   24435 	   16 
 115302 	   22566 	   18 	   22783 	   16 
 112514 	   45825 	   32 	   46221 	   31 
 109971 	   31907 	   12 	   30974 	   14 
 111319 	   31326 	   30 	   33780 	   29 
 111114 	   29627 	   16 	   28486 	   14 
 110088 	   30009 	   22 	   30314 	   19 
 111260 	   27340 	   21 	   29488 	   20 
 111154 	   35175 	   51 	   36893 	   50 
 102605 	   49446 	   41 	   51547 	   37 
  96005 	   44819 	   11 	   48108 	   13 
  99362 	   44669 	   15 	   43503 	   15 
  92977 	   49836 	   14 	   49878 	   12 
  95151 	   55256 	   20 	   53809 	   19 
  98316 	   44590 	   15 	   46856 	   12 
  92346 	   50818 	   18 	   48204 	   14 
  96717 	   49119 	   24 	   50792 	   24 
  96566 	   46007 	   15 	   48123 	   18 
  98726 	   52266 	   24 	   46335 	   21 
 102414 	   37151 	   15 	   39623 	   15 
 100629 	   41806 	   15 	   38506 	    7 
 101663 	   47111 	   29 	   45894 	   29 
 106188 	   47998 	   45 	   48322 	   44 
 100359 	   41825 	   13 	   41004 	   12 
 106018 	   40091 	   25 	   40320 	   25 
  99969 	   39994 	   14 	   45073 	   28 
 100596 	   46339 	   29 	   44362 	   20 
  91214 	   49427 	   14 	   46536 	   16 
  97384 	   47513 	   30 	   47351 	   28 
  94375 	   44151 	   16 	   46021 	   22 
  93900 	   45397 	   22 	   43106 	   14 
  99735 	   47395 	   25 	   49418 	   29 
 104667 	   38420 	   21 	   35128 	   20 
 101784 	   39927 	   14 	   40548 	   14 
 103355 	   49259 	   41 	   41975 	   43 
 112981 	   28735 	   17 	   26626 	   16 
 117144 	   24330 	   28 	   27074 	   29 
 119348 	   22699 	   15 	   22279 	   19 
 116131 	   31183 	   26 	   29332 	   22 
 117306 	   26556 	   22 	   27171 	   21 
 116488 	   27738 	   95 	   24879 	  101 
 118952 	   22612 	   22 	   21986 	   21 
 118587 	   21251 	   18 	   23866 	   18 
 119046 	   20974 	   22 	   20017 	   30 
 121407 	   25049 	   19 	   24733 	   20 
 120463 	   25661 	   36 	   25697 	   35 
 119665 	   20956 	   18 	   21943 	   18 
 121068 	   20549 	   29 	   19180 	   28 
 121391 	   21346 	   26 	   20402 	   24 
 120822 	   15594 	   15 	   16472 	   14 
 121351 	   21034 	   24 	   22788 	   23 
 122095 	   16607 	   21 	   16813 	   20 
 123600 	   20331 	   46 	   19355 	   52 
 123117 	   19065 	   19 	   19313 	   20 
 123501 	   22082 	   26 	   21081 	   20 
 123382 	   19511 	   22 	   20072 	   21 
 125573 	   19519 	   26 	   22444 	   21 
 124142 	   25533 	   39 	   23364 	   35 
 122235 	   17969 	   15 	   18421 	   13 
 120739 	   29133 	   24 	   26024 	   25 
 119668 	   31058 	   25 	   31498 	   25 
 119708 	   20333 	   15 	   21906 	   24 
 120032 	   20058 	   22 	   20191 	   13 
 122401 	   22174 	   22 	   24087 	   20 
 120890 	   25320 	   68 	   29257 	   64 
 116042 	   27697 	   24 	   29460 	   28 
 114886 	   27635 	   12 	   26188 	   12 
 108828 	   35319 	   34 	   36670 	   34 
 105160 	   34063 	   22 	   35983 	   18 
 105077 	   46622 	   29 	   46042 	   29 
 107391 	   35309 	   19 	   35309 	   20 
 107080 	   33717 	   15 	   37463 	   17 
 107680 	   43146 	   27 	   38432 	   21 
 108875 	   29815 	   11 	   31111 	   17 
 111877 	   32608 	   22 	   28485 	   27 
 117340 	   30699 	   54 	   30500 	   53 
 118878 	   22564 	   14 	   22326 	   16 
 117733 	   33385 	   27 	   32161 	   28 
 117626 	   28113 	   20 	   29861 	   20 
 116318 	   28124 	   17 	   27266 	   15 
 117071 	   33084 	   35 	   33388 	   32 
 112017 	   30241 	   17 	   29954 	   18 
 114386 	   30562 	   28 	   30357 	   22 
 118001 	   30213 	   24 	   31394 	   24 
 116329 	   29236 	   18 	   30409 	   18 
 115070 	   35999 	   28 	   30115 	   30 
 115661 	   25225 	   15 	   26961 	   12 
 120480 	   26901 	   24 	   28607 	   23 
 118800 	   31449 	   41 	   30772 	   43 
 115975 	   27272 	   21 	   25914 	   20 
 117863 	   27656 	   21 	   29389 	   20 
 119310 	   22376 	   18 	   21250 	   19 
 119513 	   23949 	   24 	   23240 	   23 
 119123 	   27928 	   37 	   24156 	   41 
 121536 	   25752 	   23 	   27121 	   22 
 119398 	   29376 	   23 	   31472 	   21 
 118251 	   24262 	   16 	   26298 	   17 
 117882 	   40596 	  147 	   49694 	  161 
 113038 	   30408 	   21 	   29666 	   24 
 111021 	   36447 	   49 	   39559 	   52 
 107835 	   31541 	   15 	   35118 	   16 
 104690 	   41994 	   41 	   42493 	   45 
  99699 	   45911 	   19 	   49117 	   20 
  98495 	   43262 	   15 	   41742 	   14 
  99375 	   42361 	   20 	   45351 	   21 
  97003 	   46569 	   21 	   45497 	   21 
  98707 	   44292 	   16 	   45752 	   14 
  98468 	   50457 	   31 	   48685 	   28 
  97251 	   46634 	   13 	   44427 	   13 
  97834 	   41615 	   13 	   40054 	   13 
 100318 	   48361 	   26 	   43699 	   32 
 106449 	   35280 	   14 	   35610 	   12 
 107254 	   37832 	   29 	   37272 	   25 
 107335 	   35763 	   15 	   35721 	   16 
 108438 	   36738 	   20 	   34582 	   19 
 110596 	   44316 	   46 	   38965 	   47 
 109073 	   30469 	   14 	   36519 	   17 
 105132 	   37433 	   13 	   39247 	   16 
 106426 	   35452 	   12 	   36071 	   12 
 104955 	   43307 	   25 	   41856 	   25 
 104182 	   36222 	   17 	   36381 	   15 
 106003 	   41507 	   26 	   35554 	   13 
 103145 	   37037 	   11 	   42886 	   23 
 102428 	   41445 	   12 	   40477 	   14 
 101456 	   37409 	   12 	   38379 	   15 
  99500 	   47742 	   24 	   48185 	   21 
 100762 	   38383 	   14 	   41819 	   21 
  97763 	   46450 	   23 	   41801 	   12 
 101458 	   40009 	   25 	   42164 	   29 
 102691 	   38622 	   18 	   39025 	   11 
 100783 	   58491 	   46 	   57941 	   54 
 100287 	   39573 	   16 	   43359 	   16 
 100516 	   45574 	   15 	   43138 	   14 
  99813 	   41270 	   14 	   44300 	   13 
  97006 	   44813 	   15 	   44058 	   16 
  98134 	   44343 	   21 	   45268 	   22 
  97707 	   51589 	   54 	   61962 	   59 
  93194 	   46284 	   16 	   45442 	   11 
  92452 	   46564 	   17 	   45767 	   19 
  96046 	   54822 	   23 	   56102 	   25 
  94282 	   45773 	   12 	   45209 	   12 
  93271 	   50745 	   16 	   45276 	   13 
  97811 	   46953 	   22 	   49316 	   22 
  96679 	   45543 	   16 	   39405 	   12 
  98597 	   37782 	   14 	   42052 	   17 
  97168 	   47726 	   23 	   45298 	   24 
  96518 	   43027 	   15 	   48047 	   15 
  95020 	   48572 	   21 	   45194 	   23 
  95622 	   56699 	   37 	   59185 	   41 
  93425 	   53279 	   29 	   45270 	   14 
  89952 	   49799 	   16 	   61553 	   29 
  89787 	   51998 	   13 	   51803 	   14 
  90399 	   46370 	   17 	   45802 	   15 
  92076 	   50171 	   22 	   54914 	   20 
  88705 	   55264 	   48 	   60158 	   46 
  86416 	   49862 	   16 	   47314 	   14 
  86325 	   47712 	   13 	   49403 	   19 
  86923 	   52075 	   25 	   49955 	   25 
  88859 	   51428 	   17 	   54534 	   18 
  87247 	   51341 	   30 	   46169 	   14 
  88702 	   48586 	   14 	   47829 	   33 
  92291 	   50922 	   20 	   52413 	   17 
  89636 	   50052 	   24 	   49856 	   25 
  88675 	   49288 	   15 	   49895 	   12 
  93226 	   50293 	   23 	   50087 	   22 
  88481 	   57092 	   30 	   52314 	   36 
  89491 	   54176 	   21 	   63701 	   23 
  84768 	   58091 	   19 	   52542 	   19 
  88131 	   54588 	   18 	   55118 	   20 
  87377 	   52589 	   16 	   57078 	   17 
  84615 	   58267 	   26 	   54831 	   12 
  83726 	   53813 	   14 	   59472 	   23 
  84391 	   57641 	   16 	   57443 	   18 
  84063 	   56878 	   19 	   53630 	   13 
  83446 	   62893 	   64 	   60758 	   16 
  77567 	   61784 	   35 	   73951 	   63 
  81109 	   66887 	   25 	   63333 	   27 
  83059 	   60335 	   15 	   57926 	   15 
  79572 	   61725 	   12 	   64958 	   14 
  79651 	   64837 	   19 	   64071 	   20 
  83664 	   67413 	   37 	   60875 	   40 
  89237 	   50915 	   19 	   50542 	   22 
  91372 	   53104 	   84 	   41181 	   89 
  99184 	   45525 	   39 	   36278 	   40 
 104466 	   37963 	   18 	   31581 	   17 
 108858 	   39891 	   70 	   40462 	   73 
 105586 	   33149 	   19 	   38804 	   18 
 102071 	   40518 	   17 	   38141 	   17 
 103872 	   33854 	   18 	   37959 	   13 
  98846 	   42692 	   22 	   46555 	   28 
  94967 	   41458 	   13 	   45089 	   15 
  93671 	   49594 	   20 	   51235 	   18 
  93975 	   51185 	   23 	   44320 	   21 
 100286 	   43091 	   18 	   49817 	   24 
  95190 	   46115 	   25 	   45913 	   14 
  95307 	   47134 	   29 	   42947 	   21 
  99674 	   41670 	   13 	   45633 	   30 
  95003 	   44532 	   11 	   44819 	   12 
  93950 	   50842 	   13 	   48577 	   14 
  96983 	   40825 	    9 	   46701 	   14 
  93608 	   57036 	   29 	   43782 	   32 
 103429 	   33606 	   10 	   36887 	   11 
 103431 	   36176 	   15 	   31912 	   15 
 107014 	   44029 	   40 	   44198 	   43 
 105468 	   40912 	   28 	   52912 	   26 
  95902 	   42954 	   16 	   41960 	   15 
  95904 	   46141 	   17 	   48881 	   13 
  94545 	   42290 	   15 	   44526 	   16 
  95294 	   43837 	   31 	   42946 	   30 
  95313 	   47877 	   19 	   51466 	   15 
  91225 	   49361 	   21 	   48106 	   13 
  92305 	   50468 	   24 	   50034 	   27 
  94555 	   44467 	   15 	   43503 	   15 
  92280 	   44216 	   12 	   47150 	   12 
  93376 	   50333 	   20 	   53609 	   18 
  89854 	   52907 	   17 	   56069 	   16 
  86335 	   59805 	   21 	   54679 	   18 
  90681 	   47270 	   13 	   46828 	   19 
  88705 	   52512 	   19 	   52424 	   17 
  90312 	   58212 	   36 	   60554 	   17 
  81998 	   58480 	   18 	   56246 	   38 
  88985 	   52449 	   37 	   48391 	   43 
  93875 	   52702 	   17 	   41366 	   16 
 102797 	   36461 	   20 	   36804 	   12 
 101506 	   43208 	   40 	   45286 	   48 
  96848 	   44555 	   14 	   49018 	   22 
  94946 	   41580 	   13 	   46056 	   15 
  93065 	   45548 	   13 	   42220 	   13 
  94454 	   49445 	   26 	   53276 	   27 
  90435 	   51447 	   20 	   52158 	   15 
  87627 	   52436 	   12 	   55359 	   17 
  83844 	   54194 	   15 	   55007 	   13 
  84946 	   57016 	   43 	   61445 	   47 
  84185 	   61210 	   19 	   56318 	   18 
  85947 	   51822 	   14 	   54895 	   13 
  84400 	   56951 	   18 	   56383 	   22 
  85491 	   60754 	   16 	   56440 	   17 
  85582 	   52724 	   12 	   57232 	   14 
  85426 	   55395 	   32 	   55547 	   32 
  86757 	   53489 	   18 	   51297 	   17 
  87543 	   50649 	   25 	   49857 	   12 
  85668 	   52440 	   16 	   52447 	   23 
  87056 	   55588 	   20 	   55217 	   16 
  86634 	   56303 	   32 	   49515 	   11 
  84955 	   54677 	   20 	   61845 	   33 
  84197 	   59198 	   32 	   60700 	   38 
  80802 	   57857 	   12 	   59958 	   11 
  79892 	   60037 	   21 	   59330 	   18 
  79273 	   62196 	   18 	   56993 	   14 
  78637 	   59107 	   22 	   64250 	   23 
  76859 	   72078 	   59 	   71590 	   63 
  79486 	   65576 	   25 	   63620 	   24 
  82132 	   57841 	   14 	   58652 	   16 
  80163 	   63005 	   17 	   58757 	   16 
  83820 	   55430 	   12 	   59276 	   14 
  86402 	   61082 	   42 	   56666 	   47 
  88954 	   51030 	   23 	   48620 	   15 
  93051 	   50196 	   54 	   51613 	   57 
  93242 	   43101 	   18 	   41331 	   12 
  93238 	   40676 	   13 	   42858 	   20 
  93179 	   44819 	   26 	   44158 	   19 
  95372 	   45910 	   23 	   44313 	   17 
  94908 	   43592 	   32 	   42757 	   13 
  94112 	   40904 	   13 	   42476 	   32 
  95316 	   43298 	   21 	   43691 	   22 
  94398 	   45188 	   21 	   43869 	   23 
  95253 	   40264 	   10 	   41272 	   12 
  96577 	   46925 	   19 	   43119 	   16 
  96407 	   47242 	   35 	   47446 	   34 
  93961 	   41523 	   15 	   44474 	   17 
  95560 	   43622 	   21 	   43639 	   20 
  94632 	   45244 	   19 	   45698 	   21 
  95142 	   43366 	   17 	   42573 	   19 
  94226 	   47436 	   24 	   44815 	   12 
  92982 	   43866 	   12 	   46979 	   26 
  93988 	   47199 	   19 	   44749 	   18 
  92816 	   46359 	   17 	   46496 	   14 
  91121 	   47398 	   20 	   45167 	   17 
  93150 	   55382 	   63 	   52490 	   70 
  98385 	   45650 	   44 	   45413 	   41 
  98033 	   40471 	   16 	   45912 	   19 
  94578 	   52150 	   61 	   50239 	   66 
  90081 	   56266 	   23 	   56967 	   18 
  85382 	   54121 	   14 	   59246 	   16 
  86568 	   57524 	   27 	   52058 	   19 
  86432 	   56605 	   25 	   57730 	   22 
  88786 	   52236 	   13 	   55904 	   28 
  86600 	   52757 	   13 	   51198 	   14 
  82817 	   60860 	   15 	   57896 	   12 
  88667 	   50957 	   14 	   52791 	   13 
  84606 	   62282 	   28 	   56872 	   23 
  93175 	   48546 	   16 	   50986 	   16 
  93529 	   51290 	   14 	   49006 	   17 
  94518 	   45370 	   15 	   45494 	   14 
  92362 	   50937 	   18 	   52786 	   24 
  93270 	   46490 	   20 	   44476 	   19 
  89674 	   58532 	   27 	   59441 	   32 
  93310 	   48897 	   21 	   44759 	   10 
  93588 	   54198 	   37 	   53835 	   43 
  91598 	   53222 	   30 	   54444 	   22 
  86762 	   51889 	   14 	   60136 	   33 
  83906 	   61714 	   20 	   58381 	   16 
  83495 	   56812 	   15 	   59128 	   16 
  86309 	   56768 	   53 	   55615 	   16 
  83891 	   52747 	   14 	   58874 	   59 
  83603 	   59683 	   17 	   56700 	   18 
  87243 	   51281 	   18 	   52585 	   13 
  84449 	   58496 	   18 	   55677 	   22 
  87266 	   53418 	   19 	   55390 	   21 
  84909 	   55545 	   25 	   55337 	   10 
  81606 	   58117 	   22 	   55481 	   36 
  85622 	   57214 	   29 	   55645 	   24 
  86383 	   52520 	   15 	   54348 	   15 
  85727 	   57488 	   20 	   53520 	   19 
  86043 	   51982 	   14 	   55228 	   18 
  84518 	   58265 	   18 	   55626 	   19 
  88505 	   57669 	   32 	   55177 	   20 
  85993 	   54310 	   17 	   56966 	   32 
  86210 	   53945 	   11 	   57473 	   23 
  83488 	   61025 	   36 	   57948 	   15 
  80857 	   57340 	   17 	   63452 	   31 
  79709 	   60414 	   16 	   57143 	   15 
  77562 	   59116 	   15 	   60854 	   15 
  78906 	   58466 	   15 	   57849 	   14 
  80183 	   64745 	   36 	   62362 	   36 
  81016 	   57254 	   13 	   60781 	   13 
  80972 	   62577 	   19 	   58178 	   17 
  84005 	   61927 	   98 	   57606 	   14 
  82282 	   57105 	   46 	   63983 	  133 
  77182 	   65558 	   16 	   62925 	   13 
  83077 	   56752 	   15 	   57039 	   14 
  81119 	   56355 	   12 	   57458 	   15 
  81215 	   59436 	   15 	   60145 	   16 
  85629 	   56596 	   29 	   55210 	   25 
  81483 	   54848 	   11 	   55369 	   22 
  83108 	   63999 	   29 	   58792 	   29 
  84665 	   54793 	   13 	   57296 	   15 
  80926 	   54310 	   11 	   60450 	   20 
  79944 	   57521 	   16 	   54554 	   15 
  84007 	   59041 	   25 	   61154 	   28 
  86927 	   57503 	   24 	   49039 	   25 
  88044 	   59174 	   25 	   62241 	   22 
  88265 	   52884 	   16 	   47258 	   10 
  88250 	   50870 	   13 	   62117 	   18 
  87725 	   50865 	   28 	   50817 	   13 
  83628 	   50940 	   15 	   51041 	   29 
  83700 	   52749 	   12 	   53923 	   16 
  86151 	   53107 	   16 	   52649 	   20 
  88284 	   48078 	   13 	   47000 	   11 
  84367 	   51003 	   49 	   50660 	   13 
  85197 	   56362 	   29 	   51010 	   65 
  92167 	   48451 	   18 	   47489 	   13 
  86349 	   51508 	   17 	   56552 	   15 
  84124 	   52169 	   15 	   53539 	   15 
  84859 	   52518 	   14 	   47414 	   13 
  88224 	   55359 	   20 	   55204 	   24 
  91439 	   47626 	   16 	   44243 	   22 
  92517 	   54318 	   25 	   49516 	   27 
  98923 	   42295 	   17 	   49357 	   18 
  91336 	   47911 	   14 	   47258 	   13 
  89632 	   52212 	   38 	   54010 	    8 
  85129 	   47560 	   11 	   51470 	   34 
  84673 	   49309 	   13 	   49781 	   14 
  83206 	   52541 	   16 	   49001 	   17 
  87499 	   48787 	   15 	   49976 	   14 
  88935 	   55861 	   35 	   47153 	   35 
  93009 	   46459 	   14 	   49231 	   12 
  89856 	   48097 	   15 	   46287 	   14 
  93828 	   51340 	   23 	   53296 	   20 
  91151 	   55570 	   21 	   48400 	   18 
  99202 	   46201 	   63 	   47109 	   14 
  94543 	   51395 	   28 	   55483 	   69 
  95203 	   44799 	   15 	   42888 	   13 
  95150 	   48273 	   16 	   46922 	   16 
  95542 	   41982 	   13 	   46026 	   11 
  94524 	   41019 	   14 	   42271 	   15 
  91127 	   44499 	   26 	   44345 	   30 
  88953 	   45526 	   16 	   44835 	   16 
  92506 	   44874 	   16 	   45552 	   16 
  92878 	   43131 	   15 	   44562 	   16 
  92857 	   43984 	   26 	   40085 	   13 
  96070 	   47166 	   24 	   47971 	   32 
  93145 	   47336 	   17 	   45507 	   12 
  89507 	   54750 	   18 	   55009 	   23 
  92946 	   43847 	   13 	   47515 	   14 
  92380 	   54177 	   20 	   49268 	   21 
  94119 	   54822 	   33 	   55457 	   31 
  97338 	   43271 	   17 	   47470 	   17 
  93144 	   42950 	   18 	   41864 	   14 
  92177 	   45774 	   14 	   45356 	   19 
  88464 	   61467 	   18 	   57593 	   19 
  95519 	   50764 	   57 	   53335 	   62 
  89169 	   54844 	   18 	   49346 	   18 
  96814 	   45548 	   18 	   42789 	   21 
 104142 	   33341 	   17 	   35156 	   16 
 108707 	   28731 	   34 	   26864 	   34 
 109900 	   28226 	   22 	   22552 	   12 
 111318 	   22320 	   18 	   23742 	   20 
 110639 	   27897 	   20 	   26299 	   18 
 113317 	   32917 	   18 	   29896 	   18 
 115934 	   25870 	   42 	   27902 	   40 
 112738 	   22254 	   18 	   21443 	   17 
 113965 	   21638 	   13 	   20761 	   12 
 115099 	   23800 	   22 	   25359 	   21 
 111855 	   31889 	   20 	   27532 	   21 
 114766 	   30597 	   38 	   32767 	   39 
 116408 	   31250 	   20 	   26889 	   20 
 116959 	   23950 	   16 	   26621 	   16 
 115562 	   36057 	   22 	   34800 	   22 
 117427 	   31745 	   18 	   34771 	   19 
 129577 	   55775 	  107 	   61556 	  119 
 114947 	   73684 	   65 	   89721 	   62 
  95539 	   46000 	   21 	   45593 	   24 
  94292 	   43323 	   14 	   44214 	   19 
  94486 	   48280 	   21 	   49790 	   19 
  93366 	   47108 	   17 	   43851 	   14 
  92772 	   45761 	   10 	   46314 	   11 
  91791 	   53680 	   22 	   49251 	   22 
  91865 	   54942 	   42 	   52298 	   38 
  92283 	   63579 	   61 	   58161 	   62 
  91348 	   50257 	   19 	   57686 	   26 
  92489 	   46960 	   17 	   45861 	   15 
  90764 	   53944 	   22 	   56463 	   22 
  92274 	   47628 	   13 	   49192 	   13 
  88638 	   54681 	   22 	   49593 	   13 
  94068 	   45162 	   14 	   49411 	   21 
  92099 	   55594 	   51 	   56857 	   56 
  93221 	   46791 	   13 	   48553 	   15 
  91668 	   51546 	   21 	   52316 	   20 
  90795 	   49029 	   15 	   50189 	   12 
  88247 	   56950 	   21 	   49686 	   16 
  90408 	   48302 	   14 	   55303 	   23 
  93759 	   51418 	   20 	   49840 	   18 
  96531 	   45527 	   19 	   46075 	   20 
  92934 	   51247 	   14 	   49393 	   13 
  96571 	   49657 	   21 	   48486 	   24 
  92192 	   47427 	   16 	   47034 	   13 
  90518 	   59983 	   48 	   58757 	   39 
  91422 	   50356 	   16 	   52011 	   23 
  96033 	   42597 	   11 	   45805 	   13 
  96132 	   47494 	   22 	   47357 	   20 
  96629 	   47331 	   31 	   47284 	   26 
 102951 	   38009 	   16 	   37247 	   14 
 105791 	   38333 	   31 	   37072 	   25 
 102923 	   44021 	   30 	   46390 	   32 
 104857 	   36744 	   21 	   35688 	   14 
 104666 	   39104 	   22 	   37470 	   20 
 100501 	   39675 	   13 	   44207 	   14 
  98422 	   44868 	   20 	   42277 	   13 
 101204 	   37262 	   10 	   38696 	   17 
 102073 	   42781 	   31 	   43347 	   20 
 104873 	   42419 	   47 	   42501 	   42 
 104791 	   40015 	   17 	   39796 	   15 
 105604 	   37007 	   16 	   35263 	   14 
  98820 	   46865 	   25 	   47756 	   23 
  98469 	   49447 	   55 	   47070 	   52 
  94767 	   46654 	   15 	   46195 	   14 
  89837 	   54309 	   15 	   53877 	   17 
  93723 	   56764 	   37 	   56760 	   34 
  98421 	   41523 	   21 	   41101 	   13 
  94348 	   46606 	   18 	   49242 	   26 
  90756 	   56049 	   19 	   48199 	   16 
  93508 	   50839 	   14 	   53729 	   20 
  98432 	   41708 	   11 	   43913 	   14 
  96693 	   48797 	   20 	   46890 	   17 
  90599 	   50389 	   19 	   47692 	   11 
  93290 	   47850 	   14 	   49866 	   20 
  91354 	   52191 	   13 	   52166 	   17 
  84431 	   69430 	   39 	   59774 	   19 
  77346 	   75328 	  105 	   78864 	  117 
  71102 	   72667 	   25 	   71521 	   29 
  77086 	   64181 	   18 	   62843 	   11 
  77909 	   61391 	   18 	   62745 	   19 
  71978 	   71983 	   24 	   72142 	   21 
  77472 	   61355 	   19 	   63004 	   19 
  79768 	   69937 	   36 	   66030 	   36 
  79047 	   61456 	   22 	   64973 	   18 
  76311 	   59861 	   15 	   61303 	   21 
  76650 	   63267 	   16 	   67575 	   21 
  80611 	   62331 	   17 	   56099 	   11 
  78091 	   62675 	   22 	   61633 	   19 
  73732 	   74891 	   34 	   78321 	   31 
  81589 	   58960 	   15 	   58620 	   16 
  79647 	   59874 	   14 	   61656 	   12 
  80923 	   64365 	   17 	   59084 	   18 
  85266 	   57298 	   15 	   62736 	   15 
  77529 	   67969 	   19 	   68376 	   18 
  84678 	   56956 	   25 	   53296 	   11 
  75558 	   80668 	   39 	   73491 	   30 
  88914 	   51365 	    9 	   57616 	   27 
  83797 	   60090 	   19 	   62784 	   17 
  85408 	   54677 	   15 	   57044 	   13 
  82132 	   58849 	   21 	   54208 	   19 
  85664 	   57703 	   17 	   61563 	   15 
  88118 	   59938 	   74 	   53093 	   14 
  85118 	   52218 	   16 	   60022 	   93 
  83711 	   53775 	   17 	   53671 	   24 
  86216 	   57803 	   21 	   57772 	   26 
  80797 	   65161 	   19 	   60320 	   19 
  85368 	   53397 	   15 	   59865 	   20 
  83648 	   64312 	   39 	   64034 	   50 
  85026 	   61044 	   23 	   56070 	   22 
  86653 	   53949 	   19 	   55448 	   16 
  85108 	   61969 	   27 	   64255 	   27 
  84838 	   64567 	   23 	   64525 	   17 
  88151 	   51283 	   16 	   56410 	   15 
  83451 	   61642 	   46 	   60184 	   44 
  83417 	   59972 	   21 	   58028 	   20 
  88340 	   55569 	   23 	   50844 	   13 
  92590 	   47275 	   13 	   49893 	   23 
  88442 	   52303 	   18 	   54373 	   20 
  88590 	   53361 	   24 	   48603 	   13 
  87214 	   64077 	   38 	   69013 	   38 
  89270 	   55555 	   26 	   49328 	   23 
  93034 	   60374 	   24 	   57546 	   23 
  96205 	   49251 	   16 	   52865 	   16 
  93645 	   54087 	   24 	   55715 	   25 
  93441 	   52119 	   17 	   50517 	   13 
  92088 	   59826 	   57 	   53860 	   18 
  89123 	   62910 	   33 	   73318 	   63 
 102226 	   40794 	   14 	   47566 	   16 
 103989 	   37590 	   16 	   39280 	   17 
 105820 	   39195 	   16 	   40556 	   19 
 104879 	   40759 	   16 	   37257 	   19 
 102271 	   44030 	   17 	   43438 	   18 
 104139 	   39013 	   13 	   41121 	   16 
 103383 	   49805 	   40 	   48515 	   42 
 110024 	   29220 	   10 	   30611 	   13 
 107650 	   41250 	   23 	   38148 	   20 
 111171 	   30824 	   11 	   32966 	   14 
 112259 	   30876 	   20 	   31561 	   21 
 107159 	   35363 	   11 	   32583 	   17 
 101645 	   44203 	   17 	   43412 	   19 
 102870 	   39916 	   12 	   40852 	   13 
 111180 	   28313 	   13 	   28180 	    6 
  98196 	   58482 	   34 	   50118 	   32 
  99231 	   45807 	   19 	   51658 	   29 
 105926 	   36137 	   25 	   34084 	   25 
 108355 	   30968 	   22 	   31077 	   21 
 105647 	   36538 	   18 	   31743 	   13 
 101420 	   37180 	   13 	   42447 	   24 
  98958 	   49759 	   26 	   48181 	   27 
  91977 	   48576 	   16 	   50812 	   18 
  94542 	   47834 	   17 	   46010 	   11 
  79200 	   72475 	   35 	   69129 	   40 
  82621 	   59733 	   16 	   55143 	   11 
  77334 	   65668 	   29 	   65321 	   29 
  83022 	   66934 	   19 	   65358 	   10 
  78936 	   62620 	   18 	   68063 	   18 
  79629 	   71427 	   25 	   64925 	   16 
  70436 	   80995 	   57 	   83720 	   55 
  77236 	   69386 	   23 	   69925 	   15 
  81483 	   59384 	   11 	   64388 	   19 
  82190 	   76653 	   46 	   70341 	   49 
  88363 	   52713 	    9 	   56058 	   14 
  89186 	   64599 	   21 	   58990 	   19 
  91843 	   51560 	   13 	   55230 	   15 
  89827 	   62345 	   39 	   61205 	   39 
  93276 	   50744 	   25 	   50558 	   25 
  99532 	   41694 	   20 	   46993 	   23 
  95200 	   48909 	   21 	   51252 	   20 
  91530 	   48666 	   19 	   49280 	   22 
  89272 	   64004 	   29 	   55480 	   19 
  90595 	   49943 	   12 	   52197 	   22 
  81456 	   67942 	   21 	   70505 	   22 
  83243 	   55435 	   18 	   53317 	   12 
  81118 	   71606 	   35 	   74164 	   38 
  83842 	   67840 	   24 	   62514 	   25 
  88397 	   61291 	   17 	   66490 	   21 
  87103 	   59512 	   22 	   59341 	   12 
  82260 	   53873 	   15 	   59171 	   21 
  80343 	   72611 	   33 	   61242 	   22 
  77544 	   61349 	   11 	   67210 	   30 
  78901 	   72138 	   22 	   71872 	   19 
  75619 	   77736 	   41 	   76762 	   39 
  74263 	   68066 	   18 	   68669 	   14 
  70802 	   70221 	   17 	   67880 	   20 
  76963 	   70552 	   20 	   67590 	   16 
  72161 	   70853 	   17 	   74962 	   26 
  68599 	   82190 	   28 	   76778 	   30 
  71110 	   79955 	   22 	   76891 	   11 
  66432 	   75436 	   16 	   83199 	   21 
  69179 	   79561 	   25 	   75578 	   14 
  62604 	   83703 	  135 	   94280 	  141 
  66845 	   74451 	   23 	   73419 	   22 
  64863 	   73516 	   14 	   74455 	   17 
  63645 	   77140 	   18 	   78051 	   16 
  65066 	   76889 	   20 	   72618 	   14 
  65410 	   72702 	   11 	   75676 	   11 
  65099 	   79108 	   25 	   77286 	   25 
  68189 	   79037 	   40 	   81026 	   41 
  71536 	   84555 	   58 	   73409 	   18 
  66117 	   75708 	   17 	   87309 	   68 
  68578 	   70912 	   13 	   71740 	   17 
  64993 	   79658 	   20 	   79217 	   19 
  67658 	   72107 	   12 	   71476 	   11 
  63690 	   79067 	   20 	   75926 	   14 
  70350 	   68483 	   14 	   72308 	   18 
  60286 	   86273 	   47 	   85073 	   45 
  61790 	   78514 	   15 	   79217 	   18 
  59247 	   84298 	   19 	   85779 	   17 
  60260 	   78705 	   17 	   79635 	   13 
  59460 	   86740 	   22 	   83514 	   17 
  60725 	   78283 	   13 	   79772 	   17 
  57101 	   87116 	   38 	   87653 	   35 
  61335 	   78976 	   14 	   78847 	   14 
  57231 	   87981 	   18 	   87737 	   22 
  60702 	   85250 	   22 	   77982 	   10 
  62792 	   76672 	   15 	   78331 	   20 
  66001 	   83417 	   32 	   80804 	   28 
  59022 	   85469 	   20 	   91158 	   25 
  56670 	   84024 	   12 	   86211 	   20 
  60575 	   80683 	   21 	   80774 	   14 
  53170 	   93257 	   38 	   97985 	   42 
  56843 	   82694 	   14 	   82580 	   13 
  57426 	   89863 	   29 	   84579 	   26 
  53583 	   89159 	   20 	   90899 	   29 
  62364 	   79186 	   15 	   75641 	   14 
  58422 	   87064 	   21 	   84757 	   18 
  53959 	   86557 	   13 	   93792 	   16 
  48673 	   97749 	   22 	   99169 	   17 
  55271 	   86296 	   14 	   85445 	   14 
  53052 	   91315 	   33 	   90504 	   14 
  54241 	   90808 	   42 	   86485 	   49 
  65125 	   78719 	   18 	   72801 	   15 
  64686 	   79211 	   19 	   81300 	   14 
  63001 	   82461 	   27 	   81808 	   26 
  71560 	   77478 	   58 	   74424 	   53 
  75205 	   66001 	   13 	   67097 	   13 
  74463 	   69478 	   18 	   66193 	   20 
  80975 	   70787 	   34 	   70458 	   31 
  77537 	   65904 	   23 	   64718 	   13 
  69613 	   68982 	    9 	   73622 	   21 
  70135 	   71782 	   18 	   69813 	   16 
  71611 	   75817 	   14 	   75644 	   17 
  74417 	   66944 	   13 	   63742 	   12 
  73634 	   71596 	   30 	   71413 	   13 
  77833 	   63711 	   16 	   59368 	   32 
  83179 	   58101 	   14 	   64545 	   17 
  75519 	   69228 	   15 	   66317 	   18 
  84093 	   64981 	   21 	   61530 	   24 
  89399 	   66842 	  133 	   63529 	  136 
  91203 	   55538 	   39 	   62704 	   40 
  90196 	   48695 	   12 	   50262 	   14 
  86208 	   52463 	   17 	   54883 	   16 
  83092 	   65087 	   23 	   60616 	   25 
  91317 	   51826 	   17 	   50261 	   18 
  91171 	   52444 	   28 	   46419 	   13 
  92064 	   49272 	   25 	   57321 	   32 
  91807 	   46461 	   15 	   45886 	   18 
  92692 	   48297 	   18 	   46646 	   21 
  94921 	   42481 	   13 	   44710 	   13 
  90893 	   51021 	   18 	   49633 	   17 
  84627 	   71376 	   39 	   70334 	   40 
  91330 	   52193 	   14 	   48310 	   14 
  90201 	   53656 	   16 	   58876 	   16 
  82649 	   60589 	   16 	   59782 	   18 
  82214 	   58352 	   14 	   60489 	   15 
  78684 	   70312 	   20 	   69768 	   17 
  78707 	   60360 	   13 	   61297 	   19 
  82702 	   70342 	   34 	   74931 	   33 
  76583 	   66495 	   11 	   68119 	   22 
  74612 	   74947 	   14 	   72625 	   13 
  68722 	   77008 	   26 	   79377 	   17 
  71211 	   69208 	   26 	   67119 	   31 
  79887 	   65698 	   16 	   58987 	   13 
  87725 	   53850 	   23 	   53033 	   16 
  85718 	   56916 	   65 	   56173 	   67 
  89787 	   52439 	   16 	   56760 	   17 
  87283 	   63690 	   27 	   51702 	   15 
  86998 	   54772 	   21 	   67613 	   22 
  78074 	   64071 	   20 	   64466 	   19 
  85987 	   67748 	   35 	   66690 	   37 
  85111 	   53759 	   24 	   58606 	   21 
  87349 	   54406 	   18 	   52560 	   16 
  85387 	   65645 	   29 	   59620 	   27 
  89187 	   57753 	   18 	   60201 	   20 
  88307 	   53580 	   18 	   62205 	   18 
  80392 	   79784 	   51 	   68114 	   48 
  82954 	   64462 	   17 	   72045 	   20 
  73269 	   77101 	   33 	   70724 	   16 
  71376 	   80198 	   31 	   92104 	   29 
  63955 	   82423 	   15 	   93132 	   30 
  61349 	   87830 	   16 	   94336 	   22 
  61743 	   84089 	   23 	   77466 	   14 
  62329 	   77248 	   14 	   77991 	   26 
  66697 	   77969 	   14 	   77244 	   14 
  67251 	   76927 	   20 	   75845 	   15 
  67427 	   82270 	   23 	   74510 	   28 
  76593 	   71068 	   14 	   64798 	   14 
  82251 	   69447 	   63 	   57128 	   17 
  82765 	   69914 	   41 	   68799 	   55 
  76907 	   66465 	   13 	   82406 	   42 
  69166 	   76385 	   21 	   75754 	   16 
  59264 	   81298 	   13 	   88949 	   19 
  60157 	   84887 	   15 	   77128 	   13 
  63618 	   78950 	   14 	   85076 	   17 
  58992 	   82474 	   14 	   78950 	   19 
  69365 	   91013 	   32 	   80729 	   29 
  65682 	   78471 	   14 	   96966 	   22 
  64098 	   85390 	   15 	   78049 	   14 
  61826 	   83342 	   22 	   91560 	   11 
  52421 	   88492 	   16 	   88206 	   21 
  52889 	   90786 	   17 	   87475 	   15 
  55274 	   87951 	   15 	   91839 	   15 
  52825 	   91675 	   13 	   87496 	   13 
  61828 	   83114 	   12 	   86292 	   13 
  60949 	  102809 	   35 	   90625 	   26 
  64303 	   77473 	   10 	   95843 	   28 
  55153 	   89118 	   21 	   87083 	   15 
  48896 	   93428 	   18 	   96332 	   18 
  53113 	   87066 	   15 	   84970 	   12 
  59009 	   91213 	   33 	   78844 	   14 
  57527 	   85304 	   19 	   81122 	   38 
  72655 	   75908 	   16 	   66254 	   12 
  76545 	   64303 	   13 	   73039 	   16 
  69992 	   90985 	   65 	   87454 	   63 
  70250 	   79385 	   18 	   71355 	   11 
  70929 	   74318 	   34 	   84774 	   17 
  63893 	   88975 	   31 	  100656 	   40 
  52861 	   92413 	   11 	  102159 	   20 
  54071 	  103172 	   17 	   94610 	   12 
  57934 	   88381 	   12 	   99208 	   14 
  54947 	   99369 	   43 	   92202 	   47 
  50651 	   91588 	   23 	   99808 	   18 
  51239 	   91032 	   19 	   96734 	   22 
  45450 	   94794 	   14 	   94029 	   18 
  48543 	  104242 	   26 	  100060 	   19 
  50967 	  105443 	   36 	   85762 	   18 
  57490 	   87812 	   20 	  115188 	   36 
  52189 	   97515 	   18 	   91514 	   20 
  56814 	   93262 	   21 	   98847 	   17 
  52176 	   87388 	   12 	   90538 	   21 
  53596 	   93264 	   24 	   85830 	   16 
  48487 	   97475 	   30 	   93355 	   35 
  50892 	   99661 	   19 	   84046 	   12 
  60254 	   84062 	   15 	   96235 	   17 
  53250 	  107779 	   25 	   85295 	   20 
  67691 	   73739 	   13 	   85301 	   27 
  68531 	   76375 	   17 	   70479 	   16 
  72094 	   81470 	   41 	   65716 	   35 
  86457 	   56498 	   14 	   54070 	   16 
  89603 	   57415 	   24 	   55411 	   25 
  90633 	   53274 	   17 	   52840 	    9 
  86947 	   52250 	   18 	   65178 	   18 
  77598 	   73487 	   23 	   56473 	   19 
  93739 	   61955 	   35 	   53522 	   34 
  98445 	   54527 	   21 	   53673 	   20 
  90863 	   51454 	   15 	   62134 	   12 
  96925 	   44805 	   19 	   36615 	   16 
 101870 	   44603 	   25 	   37526 	   22 
 109836 	   39051 	   24 	   33639 	   25 
 108476 	   33731 	   13 	   40206 	   13 
 108939 	   34741 	   16 	   36871 	   16 
 105912 	   37283 	   19 	   29885 	   21 
 114664 	   49593 	  140 	   37366 	  148 
 119533 	   47556 	   63 	   42616 	   66 
 122332 	   26294 	   17 	   26240 	   17 
 121939 	   33645 	   24 	   33288 	   24 
 122428 	   21161 	   17 	   21166 	   14 
 120128 	   34851 	   20 	   28845 	   19 
 123354 	   26222 	   15 	   27746 	   14 
 123264 	   38455 	   49 	   39337 	   52 
 121888 	   23483 	   13 	   23059 	   14 
 122313 	   23268 	   25 	   24739 	   27 
 121273 	   25734 	   25 	   25486 	   21 
 121694 	   21701 	   14 	   21125 	   14 
 122307 	   21204 	   23 	   20583 	   22 
 123000 	   26038 	   38 	   27518 	   38 
 122904 	   17730 	   16 	   18101 	   15 
 120106 	   27865 	   21 	   25816 	   22 
 120862 	   21102 	   17 	   22224 	   16 
 122086 	   31067 	   21 	   29209 	   23 
 122491 	   23033 	   17 	   25924 	   17 
 122207 	   23554 	   18 	   23006 	   14 
 123854 	   24557 	   25 	   23711 	   25 
 124477 	   21725 	   41 	   22778 	   44 
 122744 	   27683 	   21 	   25956 	   21 
 123968 	   17723 	   14 	   18854 	   15 
 122348 	   30722 	   25 	   27553 	   23 
 121507 	   21267 	   13 	   23253 	   14 
 122452 	   30968 	   20 	   28254 	   21 
 124229 	   20132 	   15 	   22685 	   15 
 125448 	   28303 	   36 	   27654 	   41 
 124710 	   18404 	   15 	   17466 	   15 
 122722 	   25749 	   28 	   28925 	   26 
 118764 	   41704 	   63 	   33700 	   67 
 119790 	   27713 	   25 	   27851 	   26 
 118526 	   31311 	   21 	   25104 	   24 
 120411 	   25002 	   15 	   26612 	   17 
 121888 	   25125 	   16 	   27571 	   16 
 119477 	   32135 	   19 	   32405 	   23 
 118431 	   26570 	   15 	   24654 	   14 
 118153 	   30348 	   18 	   29125 	   17 
 120568 	   33240 	   30 	   33149 	   31 
 119172 	   25812 	   18 	   26745 	   18 
 119294 	   26208 	   18 	   26075 	   20 
 119709 	   32608 	   25 	   32874 	   27 
 118716 	   27016 	   18 	   31111 	   17 
 120817 	   37571 	   45 	   42291 	   46 
 112902 	   33561 	   20 	   28797 	   17 
 114140 	   36340 	   18 	   33803 	   15 
 117996 	   34159 	   20 	   34559 	   11 
 113688 	   31389 	   20 	   28669 	   22 
 113806 	   28450 	   12 	   33860 	   13 
 112796 	   35878 	   19 	   35856 	   18 
 119736 	   40129 	   25 	   43936 	   24 
 118569 	   29402 	   13 	   30441 	   15 
 119910 	   31438 	   24 	   35242 	   22 
 122549 	   33135 	   47 	   38128 	   43 
 123981 	   33856 	   65 	   33581 	   76 
 117208 	   37405 	   30 	   33129 	   30 
 119049 	   34360 	   28 	   33627 	   28 
 119153 	   30828 	   17 	   29659 	   18 
 119838 	   22002 	   16 	   22901 	   16 
 119225 	   31492 	   17 	   26637 	   17 
 118480 	   27861 	   15 	   26770 	   14 
 121092 	   27561 	   16 	   29485 	   18 
 119527 	   31584 	   19 	   33970 	   18 
 117166 	   40582 	   28 	   41288 	   29 
 111320 	   31264 	   20 	   30045 	   22 
 110621 	   35256 	   14 	   30157 	   14 
 111714 	   40862 	   17 	   41596 	   20 
 107926 	   38486 	   15 	   36496 	   12 
 111536 	   41756 	   18 	   40488 	   17 
 112330 	   42774 	   17 	   45000 	   17 
 117488 	   44700 	   27 	   46820 	   29 
 117946 	   26560 	   16 	   32108 	   16 
 117173 	   34357 	   23 	   35521 	   22 
 118592 	   41826 	   44 	   43005 	   45 
 119182 	   18736 	   14 	   21902 	   15 
 118870 	   24104 	   16 	   22499 	   14 
 120153 	   33425 	   21 	   34882 	   20 
 120649 	   29169 	   18 	   31380 	   20 
 125957 	   36726 	   53 	   45152 	   53 
 117946 	   34888 	   39 	   34641 	   49 
 122606 	   27522 	   58 	   34339 	   80 
