% num_local_points | num_send_points | num_send_procs | num_recv_points | num_recv_procs 
  18730 	  355886 	  228 	  283805 	  367 
  18730 	  355886 	  300 	  557831 	  106 
  18730 	  355886 	  377 	  288519 	  117 
  18730 	  355887 	  194 	  388861 	  299 
  18730 	  355886 	  257 	  356346 	  231 
  18730 	  355886 	  250 	  355280 	  274 
  18730 	  355886 	  198 	  417210 	  634 
  18730 	  355887 	  187 	  345857 	  460 
  18730 	  355886 	  364 	  254569 	  148 
  18730 	  355886 	  305 	  372030 	  257 
  18730 	  355887 	  347 	  348198 	  396 
  18730 	  355886 	  335 	  361257 	  275 
  18730 	  355886 	  378 	  446384 	   80 
  18730 	  355886 	  389 	  426430 	   69 
  18730 	  355887 	  257 	  318192 	  213 
  18730 	  355886 	  233 	  273375 	  232 
  18730 	  355886 	  259 	  399053 	  411 
  18730 	  355887 	  224 	  413915 	  475 
  18730 	  355886 	  305 	  247284 	  203 
  18730 	  355886 	  261 	  338560 	  379 
  18730 	  355886 	  208 	  326263 	  456 
  18730 	  355887 	  298 	  207998 	  226 
  18730 	  355886 	  210 	  359142 	  522 
  18730 	  355886 	  278 	  504050 	  113 
  18730 	  355886 	  408 	  369402 	   87 
  18730 	  355887 	  306 	  296497 	  127 
  18730 	  355886 	  291 	  485334 	  219 
  18730 	  355886 	  285 	  315945 	  115 
  18730 	  355887 	  204 	  381616 	  249 
  18730 	  355886 	  300 	  353131 	   86 
  18730 	  355886 	  267 	  332057 	  519 
  18730 	  355886 	  493 	  165077 	   95 
  18730 	  355887 	  226 	  629319 	  360 
  18730 	  355886 	  353 	  297751 	  154 
  18730 	  355886 	  283 	  429902 	  313 
  18730 	  355887 	  285 	  262942 	  334 
  18730 	  355886 	  237 	  388743 	  383 
  18730 	  355886 	  331 	  446461 	   96 
  18730 	  355886 	  274 	  433366 	   78 
  18730 	  355887 	  265 	  349252 	  101 
  18730 	  355886 	  266 	  444943 	  226 
  18730 	  355886 	  270 	  344539 	  328 
  18730 	  355886 	  263 	  379028 	  224 
  18730 	  355887 	  317 	  400544 	  144 
  18730 	  355886 	  448 	  314082 	  143 
  18730 	  355886 	  358 	  350103 	  131 
  18730 	  355887 	  171 	  321804 	  625 
  18730 	  355886 	  227 	  273555 	  328 
  18730 	  355886 	  247 	  452787 	  144 
  18730 	  355886 	  269 	  391441 	   70 
  18730 	  355887 	  298 	  329581 	   88 
  18730 	  355886 	  352 	  492338 	   55 
  18730 	  355886 	  259 	  506421 	   49 
  18730 	  355887 	  306 	  305651 	  104 
  18730 	  355886 	  293 	  419267 	  155 
  18730 	  355886 	  313 	  235245 	  211 
  18730 	  355886 	  179 	  465064 	  494 
  18730 	  355887 	  339 	  345057 	  167 
  18730 	  355886 	  251 	  176180 	  429 
  18730 	  355886 	  203 	  319608 	  744 
  18730 	  355886 	  251 	  343672 	  520 
  18730 	  355887 	  434 	  354362 	  116 
  18730 	  355886 	  224 	  414181 	  431 
  18730 	  355886 	  292 	  338220 	  246 
  18730 	  355887 	  234 	  341437 	  404 
  18730 	  355886 	  309 	  413409 	  307 
  18730 	  355886 	  309 	  300016 	  209 
  18730 	  355886 	  275 	  428936 	  269 
  18730 	  355887 	  264 	  378827 	  149 
  18730 	  355886 	  271 	  462692 	  175 
  18730 	  355886 	  377 	  317381 	  158 
  18730 	  355887 	  292 	  349261 	  588 
  18730 	  355886 	  229 	  256685 	  305 
  18730 	  355886 	  255 	  343679 	  498 
  18730 	  355886 	  323 	  234791 	  299 
  18730 	  355887 	  313 	  372862 	  294 
  18730 	  355886 	  232 	  412078 	  303 
  18730 	  355886 	  337 	  298211 	  222 
  18730 	  355886 	  354 	  241156 	  296 
  18730 	  355887 	  350 	  410077 	  259 
  18730 	  355886 	  409 	  278960 	  144 
  18730 	  355886 	  342 	  261991 	 1255 
  18730 	  355887 	  420 	  237903 	  451 
  18730 	  355886 	  419 	  434442 	 1021 
  18730 	  355886 	  383 	  247974 	  245 
  18730 	  355886 	  298 	  376748 	  724 
  18730 	  355887 	  518 	  295048 	  261 
  18730 	  355886 	  388 	  421009 	  558 
  18730 	  355886 	  315 	  326131 	  165 
  18730 	  355887 	  211 	  559843 	  447 
  18730 	  355886 	  372 	  288098 	  145 
  18730 	  355886 	  269 	  320615 	  367 
  18730 	  355886 	  394 	  247655 	  241 
  18730 	  355887 	  209 	  390820 	  725 
  18730 	  355886 	  413 	  231180 	  293 
  18730 	  355886 	  367 	  422513 	  429 
  18730 	  355886 	  561 	  363676 	  237 
  18730 	  355888 	  235 	  618696 	  656 
  18730 	  355886 	  369 	  293868 	   62 
  18730 	  355886 	  376 	  286759 	  235 
  18730 	  355887 	  387 	  311420 	  934 
  18730 	  355886 	  452 	  234773 	 1225 
  18730 	  355886 	  199 	  321591 	  877 
  18730 	  355886 	  328 	  281268 	   81 
  18730 	  355887 	  276 	  482284 	  139 
  18730 	  355886 	  289 	  390693 	   78 
  18730 	  355886 	  252 	  314170 	  243 
  18730 	  355887 	  352 	  274682 	  170 
  18730 	  355886 	  199 	  263874 	  536 
  18730 	  355886 	  236 	  337134 	  386 
  18730 	  355886 	  297 	  271080 	  263 
  18730 	  355887 	  281 	  365703 	  165 
  18730 	  355886 	  327 	  334288 	  113 
  18730 	  355886 	  248 	  399845 	  219 
  18730 	  355886 	  267 	  377618 	  212 
  18730 	  355887 	  397 	  380938 	   55 
  18730 	  355886 	  224 	  446104 	  368 
  18730 	  355886 	  315 	  372209 	  188 
  18730 	  355887 	  352 	  323538 	  127 
  18730 	  355886 	  251 	  463085 	  218 
  18730 	  355886 	  276 	  315731 	  149 
  18730 	  355886 	  195 	  320924 	  645 
  18730 	  355887 	  363 	  237619 	  199 
  18730 	  355886 	  380 	  280997 	   62 
  18730 	  355886 	  281 	  593745 	  185 
  18730 	  355887 	  364 	  446241 	  120 
  18730 	  355886 	  421 	  548151 	   71 
  18730 	  355886 	  295 	  517111 	   76 
  18730 	  355886 	  246 	  389601 	  156 
  18730 	  355887 	  256 	  319288 	  235 
  18730 	  355886 	  205 	  405913 	  452 
  18730 	  355886 	  342 	  347021 	  198 
  18730 	  355886 	  263 	  335417 	  235 
  18730 	  355887 	  289 	  277217 	  316 
  18730 	  355886 	  424 	  412808 	  221 
  18730 	  355886 	  332 	  267933 	  256 
  18730 	  355887 	  274 	  385346 	  476 
  18730 	  355886 	  331 	  296825 	  264 
  18730 	  355886 	  308 	  288359 	  462 
  18730 	  355886 	  251 	  298085 	  404 
  18730 	  355887 	  316 	  338926 	  593 
  18730 	  355886 	  249 	  259577 	  135 
  18730 	  355886 	  276 	  405656 	   93 
  18730 	  355887 	  327 	  378586 	   67 
  18730 	  355886 	  319 	  410587 	   65 
  18730 	  355886 	  226 	  393929 	   85 
  18730 	  355886 	  269 	  422520 	  122 
  18730 	  355887 	  361 	  391264 	   72 
  18730 	  355886 	  268 	  299376 	  167 
  18730 	  355886 	  238 	  387529 	  293 
  18730 	  355886 	  239 	  270538 	  311 
  18730 	  355887 	  295 	  304330 	  170 
  18730 	  355886 	  302 	  414913 	  198 
  18730 	  355886 	  327 	  301085 	  144 
  18730 	  355887 	  277 	  387111 	  166 
  18730 	  355886 	  225 	  419671 	  173 
  18730 	  355886 	  272 	  442998 	  216 
  18730 	  355886 	  320 	  378229 	  183 
  18730 	  355887 	  277 	  366211 	  256 
  18730 	  355886 	  393 	  220348 	  161 
  18730 	  355886 	  429 	  315504 	  179 
  18730 	  355887 	  275 	  481817 	  207 
  18730 	  355886 	  322 	  444302 	  109 
  18730 	  355886 	  351 	  350569 	  149 
  18730 	  355886 	  338 	  388531 	  167 
  18730 	  355887 	  230 	  471940 	  434 
  18730 	  355886 	  318 	  233686 	  237 
  18730 	  355886 	  388 	  304942 	  323 
  18730 	  355886 	  217 	  360273 	  514 
  18730 	  355887 	  300 	  249583 	  235 
  18730 	  355886 	  238 	  449487 	  542 
  18730 	  355886 	  318 	  313857 	  247 
  18730 	  355887 	  326 	  384218 	  156 
  18730 	  355886 	  234 	  284452 	  178 
  18730 	  355886 	  279 	  490951 	  180 
  18730 	  355886 	  484 	  334942 	   98 
  18730 	  355887 	  545 	  360615 	  134 
  18730 	  355886 	  317 	  507356 	  262 
  18730 	  355886 	  319 	  272580 	  342 
  18730 	  355887 	  199 	  420566 	  273 
  18730 	  355886 	  553 	  377083 	   71 
  18730 	  355886 	  453 	  429847 	  114 
  18730 	  355886 	  359 	  337636 	  220 
  18730 	  355887 	  273 	  182826 	  658 
  18730 	  355886 	  246 	  301755 	  650 
  18730 	  355886 	  352 	  199087 	  545 
  18730 	  355886 	  227 	  420838 	  483 
  18730 	  355887 	  341 	  397327 	  158 
  18730 	  355886 	  441 	  302283 	  195 
  18730 	  355886 	  263 	  330889 	  377 
  18730 	  355887 	  403 	  395864 	  410 
  18730 	  355886 	  379 	  280168 	  171 
  18730 	  355886 	  333 	  446648 	  500 
  18730 	  355886 	  424 	  216624 	  305 
  18730 	  355887 	  392 	  399145 	 1587 
  18730 	  355886 	  498 	  285131 	  453 
  18730 	  355886 	  456 	  288449 	  318 
  18730 	  355887 	  535 	  332746 	  411 
  18730 	  355886 	  378 	  498900 	 1082 
  18730 	  355886 	  391 	  181335 	  161 
  18730 	  355886 	  300 	  457336 	  455 
  18730 	  355887 	  301 	  360219 	  228 
  18730 	  355886 	  372 	  316188 	  384 
  18730 	  355886 	  371 	  343644 	  386 
  18730 	  355886 	  644 	  203829 	  148 
  18730 	  355887 	  400 	  460353 	  265 
  18730 	  355886 	  304 	  329890 	  165 
  18730 	  355886 	  413 	  354688 	  400 
  18730 	  355887 	  272 	  332789 	  601 
  18730 	  355886 	  433 	  259741 	  169 
  18730 	  355886 	  311 	  402031 	  288 
  18730 	  355886 	  378 	  388529 	  170 
  18730 	  355887 	  369 	  406755 	  220 
  18730 	  355886 	  304 	  321862 	  236 
  18730 	  355886 	  331 	  294328 	  292 
  18730 	  355887 	  458 	  366152 	  200 
  18730 	  355886 	  494 	  343275 	   87 
  18730 	  355886 	  406 	  463973 	  316 
  18730 	  355886 	  257 	  420066 	  654 
  18730 	  355887 	  373 	  331941 	  121 
  18730 	  355886 	  556 	  360454 	   94 
  18730 	  355886 	  338 	  407755 	   96 
  18730 	  355886 	  451 	  293760 	  112 
  18730 	  355887 	  309 	  451757 	  422 
  18730 	  355886 	  426 	  318632 	  101 
  18730 	  355886 	  455 	  358032 	  190 
  18730 	  355887 	  429 	  361598 	  163 
  18730 	  355886 	  320 	  392338 	  169 
  18730 	  355886 	  387 	  444797 	  252 
  18730 	  355886 	  464 	  303628 	  526 
  18730 	  355887 	  295 	  248761 	  631 
  18730 	  355886 	  234 	  183602 	  658 
  18730 	  355886 	  307 	  415991 	 1565 
  18730 	  355887 	  267 	  263079 	  487 
  18730 	  355886 	  245 	  360278 	  609 
  18730 	  355886 	  430 	  196002 	  397 
  18730 	  355886 	  257 	  445493 	 1610 
  18730 	  355887 	  133 	  307673 	  676 
  18730 	  355886 	  245 	  286721 	  184 
  18730 	  355886 	  251 	  299081 	   71 
  18730 	  355886 	  285 	  459791 	   95 
  18730 	  355887 	  194 	  577424 	  104 
  18730 	  355886 	  334 	  410509 	   67 
  18730 	  355886 	  245 	  354252 	  159 
  18730 	  355887 	  255 	  389636 	  193 
  18730 	  355886 	  382 	  336065 	  251 
  18730 	  355886 	  436 	  313092 	  185 
  18730 	  355886 	  375 	  451210 	  199 
  18730 	  355887 	  268 	  378002 	  303 
  18730 	  355886 	  426 	  414034 	  219 
  18730 	  355886 	  389 	  361044 	  275 
  18730 	  355887 	  238 	  361689 	  181 
  18730 	  355886 	  299 	  343897 	  175 
  18730 	  355886 	  350 	  442768 	  168 
  18730 	  355886 	  446 	  446963 	  128 
  18730 	  355887 	  330 	  373248 	  153 
  18730 	  355886 	  298 	  404466 	  772 
  18730 	  355886 	  377 	  220999 	  917 
  18730 	  355887 	  502 	  237480 	  646 
  18730 	  355887 	  379 	  313149 	  797 
  18730 	  355886 	  304 	  321772 	  151 
  18730 	  355886 	  279 	  402065 	  293 
  18730 	  355887 	  185 	  420256 	  557 
  18730 	  355886 	  432 	  238807 	  282 
  18730 	  355886 	  389 	  407748 	  256 
  18730 	  355886 	  266 	  369925 	  429 
  18730 	  355887 	  299 	  385874 	  813 
  18730 	  355886 	  404 	  363613 	  337 
  18730 	  355886 	  425 	  285188 	  440 
  18730 	  355887 	  427 	  309144 	  430 
  18730 	  355886 	  389 	  305769 	  334 
  18730 	  355886 	  305 	  390971 	  575 
  18730 	  355886 	  293 	  251304 	  635 
  18730 	  355887 	  368 	  335468 	 1158 
  18730 	  355886 	  201 	  312382 	  669 
  18730 	  355886 	  370 	  191758 	  178 
  18730 	  355886 	  274 	  365582 	  146 
  18730 	  355887 	  324 	  457837 	  486 
  18730 	  355886 	  454 	  279913 	  208 
  18730 	  355886 	  328 	  521863 	  304 
  18730 	  355887 	  455 	  322856 	  127 
  18730 	  355886 	  262 	  507583 	  508 
  18730 	  355886 	  374 	  256575 	   95 
  18730 	  355886 	  287 	  324039 	  192 
  18730 	  355887 	  269 	  356409 	  220 
  18730 	  355886 	  235 	  357482 	  223 
  18730 	  355886 	  376 	  375540 	  167 
  18730 	  355887 	  320 	  324480 	  154 
  18730 	  355886 	  219 	  413931 	  543 
  18730 	  355886 	  348 	  201781 	  181 
  18730 	  355886 	  330 	  398769 	  209 
  18730 	  355887 	  291 	  507228 	   77 
  18730 	  355886 	  264 	  403006 	   91 
  18730 	  355886 	  284 	  317794 	  104 
  18730 	  355886 	  274 	  369182 	  164 
  18730 	  355887 	  280 	  467702 	  172 
  18730 	  355886 	  315 	  286315 	  230 
  18730 	  355886 	  433 	  297643 	  170 
  18730 	  355887 	  450 	  424094 	   71 
  18730 	  355886 	  202 	  450711 	  189 
  18730 	  355886 	  258 	  356164 	  163 
  18730 	  355886 	  470 	  315811 	  139 
  18730 	  355887 	  273 	  363738 	  168 
  18730 	  355886 	  268 	  480153 	  165 
  18730 	  355886 	  324 	  364072 	   77 
  18730 	  355887 	  382 	  382154 	   59 
  18730 	  355886 	  246 	  544937 	   76 
  18730 	  355886 	  293 	  444609 	  104 
  18730 	  355886 	  457 	  256451 	  128 
  18730 	  355887 	  248 	  331105 	  127 
  18730 	  355886 	  156 	  359466 	  253 
  18730 	  355886 	  272 	  290233 	  197 
  18730 	  355886 	  317 	  463514 	  102 
  18730 	  355887 	  264 	  423408 	   60 
  18730 	  355886 	  317 	  438461 	  265 
  18730 	  355886 	  339 	  227239 	  158 
  18730 	  355887 	  313 	  348348 	  244 
  18730 	  355886 	  431 	  173410 	  250 
  18730 	  355886 	  261 	  349974 	  443 
  18730 	  355886 	  257 	  277566 	  330 
  18730 	  355887 	  204 	  417892 	  180 
  18730 	  355886 	  537 	  418835 	   73 
  18730 	  355886 	  368 	  600610 	   96 
  18730 	  355887 	  392 	  325963 	  126 
  18730 	  355886 	  392 	  233173 	  262 
  18730 	  355886 	  338 	  359355 	  578 
  18730 	  355886 	  382 	  124900 	  275 
  18730 	  355887 	  339 	  392256 	  782 
  18730 	  355886 	  418 	  247464 	  309 
  18730 	  355886 	  466 	  323893 	  253 
  18730 	  355886 	  349 	  329893 	  323 
  18730 	  355887 	  257 	  374439 	  181 
  18730 	  355886 	  241 	  437417 	  162 
  18730 	  355886 	  290 	  330016 	  165 
  18730 	  355887 	  280 	  248179 	  303 
  18730 	  355886 	  234 	  240794 	  316 
  18730 	  355886 	  232 	  339729 	  291 
  18730 	  355886 	  317 	  341876 	  291 
  18730 	  355887 	  268 	  439396 	  299 
  18730 	  355886 	  308 	  427362 	   72 
  18730 	  355886 	  277 	  381005 	  119 
  18730 	  355887 	  179 	  351721 	  204 
  18730 	  355886 	  331 	  265045 	  125 
  18730 	  355886 	  230 	  498950 	   58 
  18730 	  355886 	  312 	  399454 	   53 
  18730 	  355887 	  239 	  402139 	  186 
  18730 	  355886 	  261 	  184413 	  444 
  18730 	  355886 	  268 	  300283 	 1144 
  18730 	  355886 	  282 	  350925 	  122 
  18730 	  355887 	  317 	  418565 	  110 
  18730 	  355886 	  285 	  437546 	  101 
  18730 	  355886 	  329 	  353832 	  119 
  18730 	  355887 	  312 	  411106 	  116 
  18730 	  355886 	  220 	  463675 	   98 
  18730 	  355886 	  224 	  379253 	  156 
  18730 	  355886 	  193 	  420054 	  245 
  18730 	  355887 	  281 	  343956 	  184 
  18730 	  355886 	  348 	  348549 	  160 
  18730 	  355886 	  256 	  331573 	  211 
  18730 	  355887 	  264 	  397901 	  325 
  18730 	  355886 	  391 	  208523 	  217 
  18730 	  355886 	  303 	  418327 	  282 
  18730 	  355886 	  678 	  287172 	  105 
  18730 	  355887 	  409 	  378389 	  116 
  18730 	  355886 	  301 	  473856 	  263 
  18730 	  355886 	  303 	  238092 	  109 
  18730 	  355886 	  220 	  376811 	  158 
  18730 	  355887 	  281 	  362854 	   75 
  18730 	  355886 	  225 	  372319 	   78 
  18730 	  355886 	  258 	  404697 	  103 
  18730 	  355887 	  288 	  402051 	   72 
  18730 	  355886 	  257 	  382419 	  184 
  18730 	  355886 	  330 	  383082 	   95 
  18730 	  355886 	  396 	  272661 	   73 
  18730 	  355887 	  260 	  445768 	  128 
  18730 	  355886 	  400 	  439205 	   89 
  18730 	  355886 	  333 	  305604 	   66 
  18730 	  355887 	  174 	  383267 	  218 
  18730 	  355886 	  303 	  313144 	   82 
  18730 	  355886 	  254 	  420671 	  154 
  18730 	  355886 	  321 	  374560 	  140 
  18730 	  355887 	  468 	  381989 	   82 
  18730 	  355886 	  296 	  368471 	  106 
  18730 	  355886 	  346 	  327451 	   62 
  18730 	  355886 	  261 	  384645 	  379 
  18730 	  355887 	  320 	  378761 	  111 
  18730 	  355886 	  349 	  371518 	  152 
  18730 	  355886 	  331 	  341831 	  219 
  18730 	  355887 	  379 	  214586 	  857 
  18730 	  355886 	  518 	  333278 	 1259 
  18730 	  355886 	  377 	  251541 	  677 
  18730 	  355886 	  378 	  318298 	  711 
  18730 	  355887 	  415 	  289208 	  527 
  18730 	  355886 	  363 	  275864 	  378 
  18730 	  355886 	  402 	  264326 	  736 
  18730 	  355887 	  459 	  253682 	  770 
  18730 	  355886 	  481 	  250151 	  814 
  18730 	  355886 	  243 	  396951 	  431 
  18730 	  355886 	  460 	  332563 	  120 
  18730 	  355887 	  341 	  439594 	  192 
  18730 	  355886 	  230 	  429687 	  365 
  18730 	  355886 	  268 	  448267 	  373 
  18730 	  355886 	  478 	  337597 	  219 
  18730 	  355887 	  333 	  369372 	  201 
  18730 	  355886 	  348 	  377553 	  130 
  18730 	  355886 	  283 	  513855 	  157 
  18730 	  355887 	  292 	  401495 	  164 
  18730 	  355886 	  452 	  396704 	  140 
  18730 	  355886 	  286 	  417259 	  226 
  18730 	  355886 	  373 	  300209 	  238 
  18730 	  355887 	  290 	  330718 	  265 
  18730 	  355886 	  306 	  444870 	  235 
  18730 	  355886 	  275 	  263457 	  148 
  18730 	  355887 	  177 	  323414 	  326 
  18730 	  355886 	  565 	  362349 	  164 
  18730 	  355886 	  451 	  479105 	   97 
  18730 	  355886 	  327 	  327337 	   68 
  18730 	  355887 	  371 	  413027 	  200 
  18730 	  355886 	  436 	  344136 	  351 
  18730 	  355886 	  352 	  330252 	  496 
  18730 	  355886 	  329 	  347702 	  462 
  18730 	  355887 	  246 	  433119 	  203 
  18730 	  355886 	  343 	  271072 	  175 
  18730 	  355886 	  347 	  312878 	  329 
  18730 	  355887 	  350 	  309198 	  939 
  18730 	  355886 	  541 	  184877 	  291 
  18730 	  355886 	  431 	  401426 	  648 
  18730 	  355886 	  294 	  343683 	  267 
  18730 	  355887 	  415 	  297922 	   92 
  18730 	  355886 	  456 	  481480 	  265 
  18730 	  355886 	  609 	  263742 	  150 
  18730 	  355887 	  598 	  551041 	  162 
  18730 	  355886 	  212 	  314830 	  149 
  18730 	  355886 	  195 	  467390 	  205 
  18730 	  355886 	  288 	  273828 	   98 
  18730 	  355887 	  290 	  440297 	  124 
  18730 	  355886 	  313 	  408795 	   62 
  18730 	  355886 	  321 	  544953 	   81 
  18730 	  355886 	  358 	  303225 	  371 
  18730 	  355887 	  374 	  380980 	 1381 
  18730 	  355886 	  327 	  252584 	   59 
  18730 	  355886 	  219 	  408112 	  158 
  18730 	  355887 	  252 	  196586 	  280 
  18730 	  355886 	  269 	  406638 	  360 
  18730 	  355886 	  379 	  392992 	  184 
  18730 	  355886 	  247 	  457080 	  221 
  18730 	  355887 	  335 	  358662 	  256 
  18730 	  355886 	  270 	  303528 	  510 
  18730 	  355886 	  213 	  332134 	  676 
  18730 	  355887 	  359 	  322793 	 1165 
  18730 	  355886 	  231 	  369784 	  761 
  18730 	  355886 	  393 	  349874 	  259 
  18730 	  355886 	  326 	  365567 	  391 
  18730 	  355887 	  345 	  278002 	  415 
  18730 	  355886 	  313 	  437354 	  703 
  18730 	  355886 	  372 	  183914 	  187 
  18730 	  355886 	  243 	  369953 	  695 
  18730 	  355887 	  436 	  196116 	  353 
  18730 	  355886 	  316 	  504696 	  554 
  18730 	  355886 	  468 	  189728 	  284 
  18730 	  355887 	  176 	  442614 	  528 
  18730 	  355886 	  342 	  234268 	   99 
  18730 	  355886 	  314 	  502158 	  222 
  18730 	  355886 	  347 	  289968 	  139 
  18730 	  355887 	  276 	  334917 	  190 
  18730 	  355886 	  233 	  323950 	  203 
  18730 	  355886 	  390 	  283618 	  112 
  18730 	  355887 	  337 	  498169 	  114 
  18730 	  355886 	  275 	  512318 	  114 
  18730 	  355886 	  395 	  387021 	   94 
  18730 	  355886 	  247 	  464399 	  409 
  18730 	  355887 	  298 	  320763 	  255 
  18730 	  355886 	  365 	  315720 	   77 
  18730 	  355886 	  218 	  541138 	  116 
  18730 	  355886 	  293 	  437224 	   69 
  18730 	  355887 	  215 	  373519 	  180 
  18730 	  355886 	  343 	  261551 	  170 
  18730 	  355886 	  259 	  459619 	  275 
  18730 	  355887 	  544 	  180384 	  167 
  18730 	  355886 	  241 	  407179 	  494 
  18730 	  355886 	  350 	  298741 	  155 
  18730 	  355886 	  391 	  237975 	  201 
  18730 	  355888 	  489 	  375424 	  112 
  18730 	  355886 	  624 	  446622 	  797 
  18730 	  355886 	  436 	  325553 	  493 
  18730 	  355887 	  469 	  300656 	  752 
  18730 	  355886 	  299 	  404071 	  474 
  18730 	  355886 	  365 	  224848 	  240 
  18730 	  355886 	  266 	  420564 	  259 
  18730 	  355887 	  354 	  385479 	  141 
  18730 	  355886 	  330 	  405852 	  257 
  18730 	  355886 	  308 	  311145 	  198 
  18730 	  355886 	  255 	  307599 	  530 
  18730 	  355887 	  312 	  297020 	  494 
  18730 	  355886 	  389 	  288541 	  490 
  18730 	  355886 	  572 	  201645 	  382 
  18730 	  355887 	  306 	  250100 	  502 
  18730 	  355886 	  294 	  331214 	  313 
  18730 	  355886 	  356 	  406193 	  122 
  18730 	  355886 	  217 	  433903 	  500 
  18730 	  355887 	  464 	  271581 	  122 
  18730 	  355886 	  238 	  479875 	  249 
  18730 	  355886 	  299 	  322138 	  141 
  18730 	  355887 	  357 	  373203 	   99 
  18730 	  355886 	  241 	  438021 	  217 
  18730 	  355886 	  218 	  404400 	  363 
  18730 	  355886 	  386 	  288539 	  153 
  18730 	  355887 	  362 	  280598 	  242 
  18730 	  355886 	  246 	  430987 	  252 
  18730 	  355886 	  314 	  341171 	  221 
  18730 	  355886 	  322 	  439087 	  110 
  18730 	  355887 	  335 	  310757 	  451 
  18730 	  355886 	  215 	  304799 	  924 
  18730 	  355886 	  374 	  311513 	  200 
  18730 	  355887 	  294 	  546591 	  327 
  18730 	  355886 	  361 	  294785 	  220 
  18730 	  355886 	  259 	  275692 	  685 
  18730 	  355886 	  348 	  233407 	  325 
  18730 	  355887 	  258 	  411943 	  363 
  18730 	  355886 	  221 	  424925 	  606 
  18730 	  355886 	  328 	  240014 	  397 
  18730 	  355887 	  265 	  355963 	  324 
  18730 	  355886 	  221 	  267589 	  202 
  18730 	  355886 	  281 	  518925 	  174 
  18730 	  355886 	  414 	  421880 	   91 
  18730 	  355887 	  190 	  322354 	  275 
  18730 	  355886 	  288 	  246630 	  276 
  18730 	  355886 	  238 	  291349 	  216 
  18730 	  355886 	  219 	  447611 	  243 
  18730 	  355887 	  335 	  303613 	   98 
  18730 	  355886 	  175 	  297085 	  249 
  18730 	  355886 	  170 	  306223 	  180 
  18730 	  355887 	  282 	  398632 	   50 
  18730 	  355886 	  280 	  361518 	   85 
  18730 	  355886 	  259 	  391862 	   87 
  18730 	  355886 	  281 	  372959 	   47 
  18730 	  355887 	  225 	  550628 	   65 
  18730 	  355886 	  355 	  356258 	   53 
  18730 	  355886 	  150 	  450619 	  150 
  18730 	  355887 	  191 	  434627 	  133 
  18730 	  355886 	  308 	  249074 	   92 
  18730 	  355886 	  323 	  457665 	  147 
  18730 	  355886 	  241 	  378985 	  295 
  18730 	  355887 	  350 	  299526 	  224 
  18730 	  355886 	  201 	  343669 	  418 
  18730 	  355886 	  273 	  239840 	  289 
  18730 	  355886 	  217 	  408002 	  652 
  18730 	  355887 	  287 	  254225 	  266 
  18730 	  355886 	  377 	  359821 	  189 
  18730 	  355886 	  223 	  504452 	  486 
  18730 	  355887 	  288 	  272314 	  188 
  18730 	  355886 	  273 	  346583 	  330 
  18730 	  355886 	  289 	  290370 	  597 
  18730 	  355886 	  408 	  339555 	  256 
  18730 	  355887 	  319 	  416819 	  160 
  18730 	  355886 	  309 	  308848 	  148 
  18730 	  355886 	  311 	  234913 	  304 
  18730 	  355887 	  272 	  393695 	 1137 
  18730 	  355886 	  315 	  277354 	  142 
  18730 	  355886 	  275 	  399578 	  111 
  18730 	  355886 	  338 	  414377 	   75 
  18730 	  355887 	  307 	  412098 	   83 
  18730 	  355886 	  332 	  390998 	  107 
  18730 	  355886 	  238 	  349780 	  202 
  18730 	  355886 	  223 	  295885 	  183 
  18730 	  355887 	  284 	  314957 	  124 
  18730 	  355886 	  417 	  535801 	   66 
  18730 	  355886 	  311 	  477449 	  102 
  18730 	  355887 	  217 	  497733 	  274 
  18730 	  355886 	  394 	  303374 	  120 
  18730 	  355886 	  305 	  364600 	  218 
  18730 	  355886 	  231 	  345701 	  270 
  18730 	  355887 	  331 	  237523 	  129 
  18730 	  355886 	  213 	  545217 	  418 
  18730 	  355886 	  457 	  249182 	   86 
  18730 	  355887 	  211 	  681585 	  209 
  18730 	  355886 	  417 	  386097 	   88 
  18730 	  355886 	  266 	  369463 	  152 
  18730 	  355886 	  287 	  267151 	  151 
  18730 	  355887 	  189 	  397190 	  269 
  18730 	  355886 	  300 	  336514 	  177 
  18730 	  355886 	  315 	  310128 	  139 
  18730 	  355886 	  308 	  400931 	   95 
  18730 	  355887 	  353 	  480440 	   91 
  18730 	  355886 	  266 	  401901 	  142 
  18730 	  355886 	  353 	  356830 	  207 
  18730 	  355887 	  272 	  437493 	  109 
  18730 	  355886 	  447 	  382811 	   78 
  18730 	  355886 	  374 	  515455 	   79 
  18730 	  355886 	  327 	  444829 	  137 
  18730 	  355887 	  302 	  276654 	  208 
  18730 	  355886 	  230 	  385930 	  317 
  18730 	  355886 	  494 	  245377 	  135 
  18730 	  355887 	  266 	  413792 	  248 
  18730 	  355886 	  298 	  344889 	  194 
  18730 	  355886 	  307 	  390347 	  216 
  18730 	  355886 	  337 	  343905 	  127 
  18730 	  355887 	  476 	  417376 	  176 
  18730 	  355886 	  371 	  299811 	  144 
  18730 	  355886 	  274 	  428538 	  150 
  18730 	  355886 	  378 	  368228 	  123 
  18730 	  355887 	  308 	  224281 	  217 
  18730 	  355886 	  258 	  241890 	  240 
  18730 	  355886 	  364 	  336339 	 1192 
  18730 	  355887 	  353 	  268144 	  803 
  18730 	  355886 	  333 	  313713 	  535 
  18730 	  355886 	  369 	  391509 	  380 
  18730 	  355886 	  278 	  333689 	  262 
  18730 	  355887 	  377 	  367811 	  955 
  18730 	  355886 	  410 	  205920 	 1357 
  18730 	  355886 	  378 	  466906 	 1802 
  18730 	  355887 	  377 	  170508 	  650 
  18730 	  355886 	  240 	  340295 	  898 
  18730 	  355886 	  326 	  215887 	  798 
  18730 	  355886 	  314 	  275621 	 1296 
  18730 	  355887 	  358 	  172870 	 1154 
  18730 	  355886 	  340 	  288252 	 1508 
  18730 	  355886 	  388 	  210623 	  774 
  18730 	  355886 	  395 	  233672 	 1113 
  18730 	  355887 	  370 	  379229 	  971 
  18730 	  355886 	  332 	  305910 	  419 
  18730 	  355886 	  471 	  233187 	  338 
  18730 	  355887 	  325 	  436398 	  677 
  18730 	  355886 	  263 	  300949 	  265 
  18730 	  355886 	  279 	  449907 	  360 
  18730 	  355886 	  334 	  378122 	  207 
  18730 	  355887 	  421 	  373598 	   93 
  18730 	  355886 	  350 	  425245 	  543 
  18730 	  355886 	  522 	  183225 	  243 
  18730 	  355887 	  242 	  508895 	  738 
  18730 	  355886 	  266 	  305755 	  209 
  18730 	  355886 	  297 	  347341 	  154 
  18730 	  355886 	  361 	  459764 	  124 
  18730 	  355887 	  266 	  408111 	   68 
  18730 	  355886 	  256 	  403041 	   78 
  18730 	  355886 	  240 	  388341 	  488 
  18730 	  355886 	  305 	  197892 	  378 
  18730 	  355887 	  493 	  428824 	  346 
  18730 	  355886 	  448 	  328659 	  309 
  18730 	  355886 	  372 	  342312 	  689 
  18730 	  355887 	  303 	  252968 	  358 
  18730 	  355886 	  446 	  361337 	  304 
  18730 	  355886 	  355 	  316207 	  292 
  18730 	  355886 	  349 	  418972 	  555 
  18730 	  355887 	  491 	  291886 	  234 
  18730 	  355886 	  381 	  256546 	  304 
  18730 	  355886 	  297 	  303940 	  475 
  18730 	  355887 	  511 	  238876 	  626 
  18730 	  355886 	  477 	  499857 	  796 
  18730 	  355886 	  486 	  179989 	  641 
  18730 	  355886 	  487 	  308939 	  707 
  18730 	  355887 	  318 	  330966 	  705 
  18730 	  355886 	  370 	  239380 	  472 
  18730 	  355886 	  402 	  248463 	  552 
  18730 	  355886 	  368 	  245853 	  151 
  18730 	  355887 	  337 	  438586 	  159 
  18730 	  355886 	  176 	  542123 	  245 
  18730 	  355886 	  311 	  272101 	  117 
  18730 	  355887 	  256 	  319408 	  141 
  18730 	  355886 	  430 	  255022 	  154 
  18730 	  355886 	  305 	  247034 	  329 
  18730 	  355886 	  291 	  265550 	  295 
  18730 	  355887 	  225 	  370351 	  129 
  18730 	  355886 	  266 	  467353 	   92 
  18730 	  355886 	  313 	  385692 	   77 
  18730 	  355887 	  163 	  466145 	  205 
  18730 	  355886 	  245 	  410418 	   93 
  18730 	  355886 	  297 	  394956 	   92 
  18730 	  355886 	  216 	  327848 	  200 
  18730 	  355887 	  221 	  377895 	  524 
  18730 	  355886 	  326 	  371556 	  121 
  18730 	  355886 	  254 	  406361 	   92 
  18730 	  355886 	  192 	  455061 	  200 
  18730 	  355887 	  247 	  315837 	  203 
  18730 	  355886 	  260 	  376187 	  281 
  18730 	  355886 	  273 	  420585 	  268 
  18730 	  355887 	  368 	  320875 	  130 
  18730 	  355886 	  273 	  398097 	  308 
  18730 	  355886 	  246 	  255025 	  315 
  18730 	  355887 	  267 	  374890 	  208 
  18730 	  355887 	  357 	  319374 	  103 
  18730 	  355886 	  300 	  501822 	  208 
  18730 	  355886 	  339 	  355125 	  105 
  18730 	  355887 	  314 	  399512 	  250 
  18730 	  355886 	  506 	  211847 	  263 
  18730 	  355886 	  262 	  406511 	  620 
  18730 	  355886 	  414 	  323483 	  230 
  18730 	  355887 	  493 	  482951 	   96 
  18730 	  355886 	  486 	  354270 	   70 
  18730 	  355886 	  316 	  440109 	  155 
  18730 	  355886 	  554 	  332640 	   73 
  18730 	  355887 	  310 	  400091 	  561 
  18730 	  355886 	  375 	  227412 	  329 
  18730 	  355886 	  356 	  308723 	  265 
  18730 	  355887 	  289 	  469118 	  291 
  18730 	  355886 	  380 	  406047 	  190 
  18730 	  355886 	  393 	  270089 	  401 
  18730 	  355886 	  382 	  428096 	  301 
  18730 	  355887 	  362 	  366760 	  109 
  18730 	  355886 	  381 	  425342 	  183 
  18730 	  355886 	  325 	  274577 	  504 
  18730 	  355887 	  329 	  254108 	 1042 
  18730 	  355886 	  308 	  256682 	  603 
  18730 	  355886 	  382 	  275109 	   92 
  18730 	  355886 	  392 	  419404 	   84 
  18730 	  355887 	  260 	  459720 	   54 
  18730 	  355886 	  291 	  568001 	   45 
  18730 	  355886 	  269 	  399866 	   78 
  18730 	  355886 	  283 	  360073 	  133 
  18730 	  355887 	  202 	  335858 	  186 
  18730 	  355886 	  306 	  352838 	   71 
  18730 	  355886 	  167 	  477714 	  121 
  18730 	  355887 	  371 	  356014 	   44 
  18730 	  355886 	  352 	  431222 	  150 
  18730 	  355886 	  436 	  356579 	  193 
  18730 	  355886 	  534 	  247291 	  225 
  18730 	  355887 	  303 	  386935 	  404 
  18730 	  355886 	  272 	  295183 	  467 
  18730 	  355886 	  355 	  348333 	  269 
  18730 	  355887 	  358 	  345123 	  202 
  18730 	  355886 	  282 	  410189 	  189 
  18730 	  355886 	  285 	  468969 	  109 
  18730 	  355886 	  347 	  444696 	  186 
  18730 	  355887 	  300 	  350100 	  266 
  18730 	  355886 	  368 	  219845 	  248 
  18730 	  355886 	  265 	  402155 	  356 
  18730 	  355886 	  276 	  436213 	  276 
  18730 	  355887 	  300 	  247419 	  313 
  18730 	  355886 	  286 	  427667 	  482 
  18730 	  355886 	  379 	  323272 	  298 
  18730 	  355887 	  423 	  390127 	  233 
  18730 	  355886 	  390 	  256184 	  614 
  18730 	  355886 	  254 	  283093 	  366 
  18730 	  355886 	  237 	  266466 	  762 
  18730 	  355887 	  256 	  190839 	  371 
  18730 	  355886 	  367 	  276891 	  880 
  18730 	  355886 	  349 	  226541 	  673 
  18730 	  355887 	  603 	  181610 	  423 
  18730 	  355886 	  305 	  392245 	 1301 
  18730 	  355886 	  301 	  313632 	  345 
  18730 	  355886 	  359 	  265727 	  214 
  18730 	  355887 	  202 	  322997 	  287 
  18730 	  355886 	  273 	  358118 	  233 
  18730 	  355886 	  313 	  366284 	  136 
  18730 	  355886 	  231 	  475261 	  160 
  18730 	  355887 	  457 	  425606 	   81 
  18730 	  355886 	  365 	  433414 	   73 
  18730 	  355886 	  314 	  357563 	  229 
  18730 	  355887 	  257 	  347491 	   99 
  18730 	  355886 	  230 	  386423 	   69 
  18730 	  355886 	  253 	  419402 	  223 
  18730 	  355886 	  278 	  401825 	  153 
  18730 	  355887 	  302 	  298428 	  138 
  18730 	  355886 	  267 	  259045 	  261 
  18730 	  355886 	  332 	  325260 	  122 
  18730 	  355887 	  256 	  390558 	  172 
  18730 	  355886 	  230 	  321236 	  267 
  18730 	  355886 	  471 	  299638 	   99 
  18730 	  355886 	  232 	  437375 	  381 
  18730 	  355887 	  240 	  382379 	  399 
  18730 	  355886 	  277 	  255384 	  222 
  18730 	  355886 	  318 	  257186 	  518 
  18730 	  355886 	  204 	  301409 	  577 
  18730 	  355887 	  317 	  417012 	   63 
  18730 	  355886 	  282 	  448781 	  106 
  18730 	  355886 	  314 	  501389 	   53 
  18730 	  355887 	  286 	  546740 	   58 
  18730 	  355886 	  278 	  408228 	   78 
  18730 	  355886 	  340 	  363061 	   62 
  18730 	  355886 	  238 	  381867 	  143 
  18730 	  355887 	  235 	  246806 	  198 
  18730 	  355886 	  208 	  334952 	  464 
  18730 	  355886 	  232 	  243378 	  667 
  18730 	  355887 	  429 	  271358 	  175 
  18730 	  355886 	  352 	  416850 	  343 
  18730 	  355886 	  268 	  459948 	  255 
  18730 	  355886 	  324 	  403825 	  107 
  18730 	  355887 	  337 	  409266 	  133 
  18730 	  355886 	  289 	  347891 	  240 
  18730 	  355886 	  287 	  283166 	  168 
  18730 	  355886 	  208 	  324678 	  444 
  18730 	  355887 	  346 	  345272 	  382 
  18730 	  355886 	  386 	  292951 	  223 
  18730 	  355886 	  423 	  289390 	  248 
  18730 	  355887 	  394 	  361018 	  297 
  18730 	  355886 	  435 	  227622 	  276 
  18730 	  355886 	  275 	  329376 	  328 
  18730 	  355886 	  372 	  239352 	  260 
  18730 	  355887 	  317 	  336803 	  161 
  18730 	  355886 	  335 	  355471 	  190 
  18730 	  355886 	  246 	  364369 	  392 
  18730 	  355887 	  408 	  352514 	   79 
  18730 	  355886 	  263 	  616160 	  161 
  18730 	  355886 	  372 	  295183 	  101 
  18730 	  355886 	  406 	  416876 	  152 
  18730 	  355887 	  301 	  308316 	  341 
  18730 	  355886 	  302 	  210857 	  513 
  18730 	  355886 	  215 	  372168 	  140 
  18730 	  355886 	  359 	  304841 	  118 
  18730 	  355887 	  242 	  447302 	  234 
  18730 	  355886 	  253 	  444652 	  114 
  18730 	  355886 	  225 	  464067 	  139 
  18730 	  355887 	  287 	  435665 	   95 
  18730 	  355886 	  307 	  295248 	  147 
  18730 	  355886 	  275 	  312015 	  214 
  18730 	  355886 	  254 	  332724 	  228 
  18730 	  355887 	  328 	  326731 	  216 
  18730 	  355886 	  439 	  317616 	  116 
  18730 	  355886 	  323 	  417937 	  218 
  18730 	  355887 	  321 	  285928 	  187 
  18730 	  355886 	  257 	  294948 	  231 
  18730 	  355886 	  334 	  483483 	  324 
  18730 	  355886 	  585 	  286138 	  258 
  18730 	  355887 	  402 	  495116 	  230 
  18730 	  355886 	  320 	  477583 	  146 
  18730 	  355886 	  249 	  367584 	  223 
  18730 	  355886 	  338 	  225383 	  274 
  18730 	  355887 	  269 	  398629 	  312 
  18730 	  355886 	  312 	  209816 	  351 
  18730 	  355886 	  266 	  275931 	  348 
  18730 	  355887 	  484 	  406042 	   97 
  18730 	  355886 	  345 	  412108 	  139 
  18730 	  355886 	  440 	  332338 	  597 
  18730 	  355886 	  401 	  255370 	  142 
  18730 	  355887 	  467 	  474336 	  153 
  18730 	  355886 	  521 	  315518 	  128 
  18730 	  355886 	  328 	  450908 	  316 
  18730 	  355887 	  444 	  369305 	   87 
  18730 	  355886 	  390 	  515579 	   65 
  18730 	  355886 	  312 	  580236 	  107 
  18730 	  355886 	  374 	  243952 	  114 
  18730 	  355887 	  284 	  377892 	  216 
  18730 	  355886 	  302 	  386974 	  157 
  18730 	  355886 	  264 	  448608 	  473 
  18730 	  355886 	  540 	  258981 	  160 
  18730 	  355887 	  249 	  384612 	  331 
  18730 	  355886 	  453 	  283758 	  366 
  18730 	  355886 	  373 	  381143 	  331 
  18730 	  355887 	  426 	  332402 	  143 
  18730 	  355886 	  341 	  460626 	  211 
  18730 	  355886 	  281 	  338874 	  174 
  18730 	  355886 	  359 	  349389 	  146 
  18730 	  355887 	  264 	  416922 	  245 
  18730 	  355886 	  264 	  469505 	  160 
  18730 	  355886 	  298 	  353996 	  127 
  18730 	  355887 	  361 	  311652 	  132 
  18730 	  355886 	  282 	  332448 	  143 
  18730 	  355886 	  356 	  327209 	  111 
  18730 	  355886 	  266 	  361946 	  794 
  18730 	  355887 	  636 	  277709 	  182 
  18730 	  355886 	  461 	  407040 	  124 
  18730 	  355886 	  381 	  395831 	  115 
  18730 	  355886 	  357 	  357852 	  182 
  18730 	  355887 	  314 	  405897 	  394 
  18730 	  355886 	  349 	  358079 	  167 
  18730 	  355886 	  292 	  288087 	  212 
  18730 	  355887 	  347 	  353383 	  273 
  18730 	  355886 	  247 	  506973 	  199 
  18730 	  355886 	  331 	  447580 	  104 
  18730 	  355886 	  268 	  311640 	  280 
  18730 	  355887 	  275 	  363351 	  261 
  18730 	  355886 	  332 	  349591 	  196 
  18730 	  355886 	  293 	  382825 	  457 
  18730 	  355887 	  423 	  364924 	  289 
  18730 	  355886 	  518 	  355886 	  201 
  18730 	  355886 	  491 	  344662 	  261 
  18730 	  355886 	  312 	  398302 	  500 
  18730 	  355887 	  245 	  274857 	  141 
  18730 	  355886 	  357 	  388559 	  161 
  18730 	  355886 	  352 	  368757 	  176 
  18730 	  355886 	  353 	  310833 	  177 
  18730 	  355887 	  263 	  457343 	  279 
  18730 	  355886 	  374 	  362741 	  148 
  18730 	  355886 	  597 	  341625 	  243 
  18730 	  355887 	  418 	  231690 	  647 
  18730 	  355886 	  408 	  294074 	 1035 
  18730 	  355886 	  336 	  299464 	  455 
  18730 	  355886 	  394 	  349832 	  219 
  18730 	  355887 	  379 	  421353 	  269 
  18730 	  355886 	  338 	  341597 	  173 
  18730 	  355886 	  302 	  330013 	  178 
  18730 	  355887 	  322 	  315661 	  744 
  18730 	  355886 	  364 	  362322 	  727 
  18730 	  355886 	  352 	  226054 	  721 
  18730 	  355886 	  401 	  183390 	  523 
  18730 	  355887 	  352 	  308021 	  714 
  18730 	  355886 	  446 	  333058 	  815 
  18730 	  355886 	  358 	  253776 	  665 
  18730 	  355886 	  435 	  143460 	  529 
  18730 	  355887 	  325 	  445387 	  785 
  18730 	  355886 	  465 	  269389 	  122 
  18730 	  355886 	  252 	  513936 	  333 
  18730 	  355887 	  446 	  275783 	  290 
  18730 	  355886 	  572 	  291140 	  367 
  18730 	  355886 	  352 	  359595 	  623 
  18730 	  355886 	  305 	  315839 	  535 
  18730 	  355887 	  299 	  393289 	  151 
  18730 	  355886 	  491 	  433869 	  109 
  18730 	  355886 	  598 	  345069 	  102 
  18730 	  355887 	  344 	  393938 	  217 
  18730 	  355886 	  408 	  370540 	  203 
  18730 	  355886 	  619 	  411703 	  125 
  18730 	  355886 	  305 	  361160 	   61 
  18730 	  355887 	  287 	  556155 	  100 
  18730 	  355886 	  738 	  355762 	   41 
  18730 	  355886 	  363 	  418319 	  290 
  18730 	  355886 	  380 	  322110 	  295 
  18730 	  355887 	  405 	  311280 	  491 
  18730 	  355886 	  422 	  302684 	  419 
  18730 	  355886 	  393 	  356805 	  342 
  18730 	  355887 	  383 	  469677 	  203 
  18730 	  355886 	  300 	  452427 	  288 
  18730 	  355886 	  438 	  269598 	  365 
  18730 	  355886 	  289 	  395100 	  619 
  18730 	  355887 	  365 	  355295 	  310 
  18730 	  355886 	  326 	  456816 	  244 
  18730 	  355886 	  344 	  320004 	  288 
  18730 	  355887 	  347 	  401510 	  388 
  18730 	  355886 	  505 	  407634 	  361 
  18730 	  355886 	  470 	  214708 	  161 
  18730 	  355886 	  306 	  444907 	  269 
  18730 	  355888 	  378 	  300747 	  253 
  18730 	  355886 	  290 	  480520 	  209 
  18730 	  355886 	  526 	  341078 	   82 
  18730 	  355886 	  337 	  450455 	  191 
  18730 	  355887 	  404 	  395735 	  150 
  18730 	  355886 	  350 	  352110 	  165 
  18730 	  355886 	  325 	  281206 	  268 
  18730 	  355887 	  316 	  366919 	  349 
  18730 	  355886 	  409 	  357860 	   99 
  18730 	  355886 	  350 	  462914 	   85 
  18730 	  355886 	  319 	  407111 	  114 
  18730 	  355887 	  344 	  291024 	  225 
  18730 	  355886 	  281 	  291273 	  229 
  18730 	  355886 	  310 	  328916 	  137 
  18730 	  355887 	  302 	  465456 	  122 
  18730 	  355886 	  403 	  397152 	   81 
  18730 	  355886 	  270 	  569050 	  171 
  18730 	  355886 	  441 	  275587 	  109 
  18730 	  355887 	  328 	  327695 	  223 
  18730 	  355886 	  231 	  489938 	  244 
  18730 	  355886 	  441 	  366274 	  128 
  18730 	  355886 	  297 	  418599 	  153 
  18730 	  355887 	  363 	  337740 	  120 
  18730 	  355886 	  233 	  492317 	  197 
  18730 	  355886 	  245 	  320770 	  160 
  18730 	  355887 	  254 	  445215 	  170 
  18730 	  355886 	  267 	  439617 	  233 
  18730 	  355886 	  344 	  361055 	  396 
  18730 	  355886 	  320 	  434306 	  412 
  18730 	  355887 	  385 	  347000 	  225 
  18730 	  355886 	  393 	  225096 	  297 
  18730 	  355886 	  365 	  328277 	  246 
  18730 	  355887 	  220 	  490944 	  512 
  18730 	  355886 	  271 	  364990 	  131 
  18730 	  355886 	  298 	  354379 	  134 
  18730 	  355886 	  278 	  384167 	  232 
  18730 	  355887 	  302 	  373587 	  216 
  18730 	  355886 	  239 	  315499 	  173 
  18730 	  355886 	  306 	  267166 	  219 
  18730 	  355886 	  370 	  314416 	  533 
  18730 	  355887 	  370 	  182219 	  397 
  18730 	  355886 	  358 	  444628 	  296 
  18730 	  355886 	  328 	  235130 	  590 
  18730 	  355887 	  465 	  249328 	  279 
  18730 	  355886 	  312 	  411651 	  378 
  18730 	  355886 	  459 	  169556 	  398 
  18730 	  355886 	  277 	  442155 	  835 
  18730 	  355887 	  484 	  337117 	  162 
  18730 	  355886 	  430 	  335287 	  165 
  18730 	  355886 	  271 	  461923 	  624 
  18730 	  355887 	  325 	  374396 	  158 
  18730 	  355886 	  385 	  336449 	  310 
  18730 	  355886 	  403 	  352955 	  343 
  18730 	  355886 	  373 	  321596 	  104 
  18730 	  355887 	  332 	  401427 	  261 
  18730 	  355886 	  418 	  349243 	  170 
  18730 	  355886 	  286 	  340494 	  282 
  18730 	  355886 	  729 	  247340 	  140 
  18730 	  355887 	  252 	  575263 	  294 
  18730 	  355886 	  290 	  457576 	  232 
  18730 	  355886 	  441 	  313975 	   94 
  18730 	  355887 	  333 	  472996 	  420 
  18730 	  355886 	  690 	  309993 	  160 
  18730 	  355886 	  410 	  377260 	  294 
  18730 	  355886 	  265 	  380310 	  772 
  18730 	  355887 	  290 	  457871 	  509 
  18730 	  355886 	  615 	  289087 	   83 
  18730 	  355886 	  501 	  244051 	  224 
  18730 	  355887 	  308 	  316801 	  637 
  18730 	  355886 	  469 	  246094 	  397 
  18730 	  355886 	  272 	  504427 	  426 
  18730 	  355886 	  422 	  330125 	  159 
  18730 	  355887 	  481 	  322464 	  192 
  18730 	  355886 	  389 	  366512 	  228 
  18730 	  355886 	  361 	  355463 	  164 
  18730 	  355886 	  355 	  378445 	   56 
  18730 	  355887 	  321 	  400169 	  131 
  18730 	  355886 	  288 	  451799 	  152 
  18730 	  355886 	  327 	  422759 	  168 
  18730 	  355887 	  442 	  346840 	  141 
  18730 	  355886 	  319 	  540054 	  223 
  18730 	  355886 	  395 	  297930 	   93 
  18730 	  355886 	  237 	  398912 	  176 
  18730 	  355887 	  331 	  395322 	  363 
  18730 	  355886 	  320 	  226904 	  349 
  18730 	  355886 	  357 	  280123 	  223 
  18730 	  355887 	  351 	  384272 	  179 
  18730 	  355886 	  354 	  426397 	   77 
  18730 	  355886 	  428 	  456091 	   71 
  18730 	  355886 	  298 	  342045 	  112 
  18730 	  355887 	  268 	  280535 	  306 
  18730 	  355886 	  298 	  290874 	  451 
  18730 	  355886 	  387 	  392401 	  349 
  18730 	  355886 	  429 	  316431 	  130 
  18730 	  355887 	  445 	  453852 	  217 
  18730 	  355886 	  547 	  379687 	  184 
  18730 	  355886 	  407 	  256811 	  271 
  18730 	  355887 	  257 	  444362 	  794 
  18730 	  355886 	  330 	  257026 	  148 
  18730 	  355886 	  293 	  393581 	  160 
  18730 	  355886 	  325 	  408176 	  179 
  18730 	  355887 	  480 	  383033 	  137 
  18730 	  355886 	  333 	  450992 	  175 
  18730 	  355886 	  386 	  381298 	  151 
  18730 	  355887 	  273 	  411798 	  248 
  18730 	  355886 	  350 	  240346 	  415 
  18730 	  355886 	  304 	  303984 	  306 
  18730 	  355886 	  225 	  218527 	  500 
  18730 	  355887 	  306 	  318993 	  410 
  18730 	  355886 	  363 	  304327 	  135 
  18730 	  355886 	  389 	  413403 	  103 
  18730 	  355887 	  309 	  424798 	   83 
  18730 	  355886 	  271 	  494106 	  103 
  18730 	  355886 	  259 	  396126 	  114 
  18730 	  355886 	  297 	  332552 	  200 
  18730 	  355887 	  282 	  463189 	  219 
  18730 	  355886 	  482 	  218835 	   99 
  18730 	  355886 	  296 	  334902 	  137 
  18730 	  355886 	  292 	  359811 	  243 
  18730 	  355887 	  258 	  437866 	  150 
  18730 	  355886 	  323 	  367479 	  122 
  18730 	  355886 	  407 	  345197 	  118 
  18730 	  355887 	  282 	  501183 	  179 
  18730 	  355886 	  401 	  283085 	  122 
  18730 	  355886 	  276 	  421425 	  193 
  18730 	  355886 	  374 	  310482 	  134 
  18730 	  355887 	  279 	  348132 	  101 
  18730 	  355886 	  276 	  391407 	   97 
  18730 	  355886 	  262 	  366422 	  156 
  18730 	  355887 	  297 	  500213 	   82 
  18730 	  355886 	  329 	  479799 	   68 
  18730 	  355886 	  339 	  370293 	   86 
  18730 	  355886 	  293 	  359452 	  107 
  18730 	  355887 	  253 	  376739 	  143 
  18730 	  355886 	  359 	  239573 	  113 
  18730 	  355886 	  275 	  372042 	  201 
  18730 	  355886 	  358 	  306173 	  150 
  18730 	  355887 	  341 	  401543 	   84 
  18730 	  355886 	  293 	  333299 	  108 
  18730 	  355886 	  239 	  343473 	  554 
  18730 	  355887 	  329 	  223682 	  487 
  18730 	  355886 	  371 	  314557 	  557 
  18730 	  355886 	  404 	  252619 	  557 
  18730 	  355886 	  333 	  251783 	  467 
  18730 	  355887 	  383 	  260900 	  262 
  18730 	  355886 	  360 	  408464 	  464 
  18730 	  355886 	  523 	  369396 	  167 
  18730 	  355887 	  432 	  485854 	  178 
  18730 	  355886 	  705 	  288376 	  227 
  18730 	  355886 	  337 	  397499 	  609 
  18730 	  355886 	  409 	  280832 	  266 
  18730 	  355887 	  284 	  483691 	  195 
  18730 	  355886 	  370 	  300066 	  132 
  18730 	  355886 	  228 	  276984 	  345 
  18730 	  355886 	  196 	  320925 	  710 
  18730 	  355887 	  236 	  255651 	  384 
  18730 	  355886 	  365 	  364891 	  104 
  18730 	  355886 	  255 	  457401 	   90 
  18730 	  355887 	  337 	  421311 	   87 
  18730 	  355886 	  289 	  466350 	   79 
  18730 	  355886 	  307 	  442807 	   82 
  18730 	  355886 	  274 	  384400 	  130 
  18730 	  355887 	  320 	  155524 	  240 
  18730 	  355886 	  244 	  259897 	  330 
  18730 	  355886 	  435 	  266776 	  104 
  18730 	  355887 	  352 	  403733 	  182 
  18730 	  355886 	  537 	  339863 	   83 
  18730 	  355886 	  276 	  411550 	  133 
  18730 	  355886 	  327 	  319357 	  149 
  18730 	  355887 	  389 	  401895 	   84 
  18730 	  355886 	  251 	  361559 	  176 
  18730 	  355886 	  234 	  364521 	   83 
  18730 	  355886 	  342 	  389142 	   49 
  18730 	  355887 	  345 	  370370 	   62 
  18730 	  355886 	  270 	  547362 	   76 
  18730 	  355886 	  395 	  374376 	  110 
  18730 	  355887 	  312 	  351649 	   95 
  18730 	  355886 	  388 	  394033 	   93 
  18730 	  355886 	  309 	  443008 	  126 
  18730 	  355886 	  259 	  316834 	  167 
  18730 	  355887 	  330 	  365240 	  130 
  18730 	  355886 	  530 	  256321 	   94 
  18730 	  355886 	  362 	  353663 	 1007 
  18730 	  355887 	  362 	  267459 	  170 
  18730 	  355886 	  421 	  323180 	  197 
  18730 	  355886 	  401 	  456193 	  272 
  18730 	  355886 	  290 	  488941 	  479 
  18730 	  355887 	  551 	  199722 	  334 
  18730 	  355886 	  164 	  165635 	 1267 
  18730 	  355886 	  283 	  246634 	  368 
  18730 	  355886 	  424 	  311181 	  621 
  18730 	  355887 	  492 	  286605 	  477 
  18730 	  355886 	  315 	  449067 	 1038 
  18730 	  355886 	  272 	  227347 	  287 
  18730 	  355887 	  261 	  285618 	  305 
  18730 	  355886 	  213 	  451807 	  706 
  18730 	  355886 	  226 	  266426 	  543 
  18730 	  355886 	  306 	  337483 	  492 
  18730 	  355887 	  319 	  257832 	  410 
  18730 	  355886 	  423 	  396942 	 1947 
  18730 	  355886 	  259 	  183213 	  459 
  18730 	  355887 	  341 	  333658 	  138 
  18730 	  355886 	  162 	  438404 	  374 
  18730 	  355886 	  176 	  286877 	  223 
  18730 	  355886 	  235 	  289678 	   68 
  18730 	  355887 	  259 	  423604 	   79 
  18730 	  355886 	  209 	  317985 	   71 
  18730 	  355886 	  188 	  340304 	   73 
  18730 	  355886 	  190 	  557422 	   53 
  18730 	  355887 	  205 	  556605 	   42 
  18730 	  355886 	  167 	  503443 	   46 
  18730 	  355886 	  184 	  362585 	   80 
  18730 	  355887 	  189 	  161735 	  251 
  18730 	  355886 	  153 	  259714 	  385 
  18730 	  355886 	  180 	  370524 	   80 
  18730 	  355886 	  149 	  381210 	  112 
  18730 	  355887 	  292 	  470185 	   67 
  18730 	  355886 	  326 	  408544 	   59 
  18730 	  355886 	  193 	  447846 	  109 
  18730 	  355887 	  320 	  426079 	   68 
  18730 	  355886 	  232 	  245923 	  306 
  18730 	  355886 	  163 	  336036 	 1274 
  18730 	  355886 	  181 	  281030 	  509 
  18730 	  355887 	  270 	  308435 	  414 
  18730 	  355886 	  281 	  323184 	  161 
  18730 	  355886 	  230 	  423007 	  131 
  18730 	  355886 	  203 	  411979 	  104 
  18730 	  355887 	  203 	  444356 	  342 
  18730 	  355886 	  339 	  189418 	  167 
  18730 	  355886 	  185 	  486352 	  591 
  18730 	  355887 	  316 	  296705 	  186 
  18730 	  355886 	  296 	  338901 	  453 
  18730 	  355886 	  265 	  375047 	  658 
  18730 	  355886 	  240 	  299264 	  610 
  18730 	  355887 	  249 	  318562 	  469 
  18730 	  355886 	  287 	  365233 	  342 
  18730 	  355886 	  269 	  469165 	  391 
  18730 	  355887 	  288 	  206049 	  203 
  18730 	  355886 	  280 	  286688 	 1835 
  18730 	  355886 	  410 	  149053 	 1287 
  18730 	  355886 	  282 	  488478 	  477 
  18730 	  355887 	  300 	  203999 	  186 
  18730 	  355886 	  230 	  271541 	  240 
  18730 	  355886 	  283 	  329417 	  466 
  18730 	  355886 	  201 	  250325 	  141 
  18730 	  355887 	  195 	  354149 	  127 
  18730 	  355886 	  250 	  425203 	  148 
  18730 	  355886 	  278 	  329500 	   85 
  18730 	  355887 	  205 	  517707 	  216 
  18730 	  355886 	  257 	  427469 	  133 
  18730 	  355886 	  197 	  470123 	  136 
  18730 	  355886 	  401 	  367109 	  218 
  18730 	  355887 	  371 	  364734 	  106 
  18730 	  355886 	  453 	  437339 	  120 
  18730 	  355886 	  231 	  389169 	  124 
  18730 	  355887 	  356 	  256541 	  110 
  18730 	  355886 	  324 	  398983 	  540 
  18730 	  355886 	  208 	  368852 	  200 
  18730 	  355886 	  517 	  371102 	  112 
  18730 	  355887 	  334 	  387808 	  154 
  18730 	  355886 	  280 	  272729 	  125 
  18730 	  355886 	  300 	  533642 	  171 
  18730 	  355886 	  603 	  325686 	   76 
  18730 	  355887 	  316 	  410499 	  174 
  18730 	  355886 	  427 	  406851 	  152 
  18730 	  355886 	  327 	  322692 	  154 
  18730 	  355887 	  358 	  346554 	  143 
  18730 	  355886 	  232 	  439316 	  163 
  18730 	  355886 	  230 	  358561 	  181 
  18730 	  355886 	  167 	  300249 	  271 
  18730 	  355887 	  243 	  392278 	  104 
  18730 	  355886 	  262 	  353574 	  126 
  18730 	  355886 	  183 	  502426 	  163 
  18730 	  355887 	  275 	  328447 	  114 
  18730 	  355886 	  207 	  364148 	  118 
  18730 	  355886 	  238 	  373537 	   67 
  18730 	  355886 	  247 	  357197 	  178 
  18730 	  355887 	  288 	  324637 	  154 
  18730 	  355886 	  291 	  388668 	  137 
  18730 	  355886 	  210 	  366956 	  183 
  18730 	  355886 	  293 	  311389 	  200 
  18730 	  355887 	  225 	  372717 	  219 
  18730 	  355886 	  186 	  371842 	  179 
  18730 	  355886 	  365 	  341591 	  104 
  18730 	  355887 	  236 	  465897 	  159 
  18730 	  355886 	  286 	  302585 	  145 
  18730 	  355886 	  189 	  374445 	  356 
  18730 	  355886 	  225 	  302303 	  133 
  18730 	  355887 	  232 	  426619 	   88 
  18730 	  355886 	  259 	  405687 	   57 
  18730 	  355886 	  156 	  324108 	  242 
  18730 	  355887 	  226 	  349409 	   76 
  18730 	  355886 	  167 	  495286 	  203 
  18730 	  355886 	  244 	  368960 	  127 
  18730 	  355886 	  263 	  351238 	  148 
  18730 	  355887 	  209 	  372187 	  308 
  18730 	  355886 	  246 	  393850 	  219 
  18730 	  355886 	  300 	  418365 	  102 
  18730 	  355886 	  290 	  379379 	  151 
  18730 	  355887 	  295 	  192549 	  152 
  18730 	  355886 	  300 	  514051 	 1011 
  18730 	  355886 	  379 	  183507 	  379 
  18730 	  355887 	  428 	  190315 	  645 
  18730 	  355886 	  370 	  214444 	 1467 
  18730 	  355886 	  431 	  408339 	  530 
  18730 	  355886 	  353 	  276587 	   87 
  18730 	  355887 	  258 	  367387 	  131 
  18730 	  355886 	  259 	  456108 	  114 
  18730 	  355886 	  243 	  395247 	  113 
  18730 	  355887 	  529 	  381305 	   74 
  18730 	  355886 	  334 	  335596 	  111 
  18730 	  355886 	  298 	  289859 	  466 
  18730 	  355886 	  336 	  305137 	  259 
  18730 	  355887 	  290 	  374751 	  215 
  18730 	  355886 	  293 	  387587 	  416 
  18730 	  355886 	  241 	  307531 	  197 
  18730 	  355886 	  392 	  361362 	   83 
  18730 	  355887 	  393 	  479379 	  515 
  18730 	  355886 	  418 	  288408 	  833 
  18730 	  355886 	  265 	  262005 	  655 
  18730 	  355887 	  291 	  250535 	  440 
  18730 	  355886 	  325 	  240747 	  573 
  18730 	  355886 	  421 	  297826 	  333 
  18730 	  355886 	  274 	  461570 	  470 
  18730 	  355887 	  344 	  445368 	  243 
  18730 	  355886 	  439 	  285011 	  136 
  18730 	  355886 	  413 	  456663 	  966 
  18730 	  355887 	  483 	  282237 	  324 
  18730 	  355886 	  549 	  402966 	  657 
  18730 	  355886 	  272 	  180876 	  226 
  18730 	  355886 	  434 	  321966 	  786 
  18730 	  355887 	  329 	  307260 	  767 
  18730 	  355886 	  466 	  242670 	  142 
  18730 	  355886 	  247 	  563378 	  501 
  18730 	  355886 	  252 	  280448 	  293 
  18730 	  355887 	  320 	  318202 	  357 
  18730 	  355886 	  263 	  388299 	   99 
  18730 	  355886 	  336 	  461384 	  150 
  18730 	  355887 	  378 	  206712 	  119 
  18730 	  355886 	  362 	  419041 	  450 
  18730 	  355886 	  261 	  330889 	  167 
  18730 	  355886 	  204 	  395860 	  304 
  18730 	  355887 	  268 	  364701 	  331 
  18730 	  355886 	  264 	  310443 	  200 
  18730 	  355886 	  172 	  420407 	  368 
  18730 	  355887 	  346 	  317626 	   74 
  18730 	  355886 	  273 	  310473 	  167 
  18730 	  355886 	  199 	  467054 	  379 
  18730 	  355886 	  300 	  324371 	  127 
  18730 	  355887 	  254 	  377449 	  117 
  18730 	  355886 	  338 	  356848 	   89 
  18730 	  355886 	  207 	  502866 	  486 
  18730 	  355886 	  454 	  208300 	  136 
  18730 	  355887 	  222 	  430321 	  469 
  18730 	  355886 	  253 	  310194 	  153 
  18730 	  355886 	  262 	  533079 	  122 
  18730 	  355887 	  250 	  321875 	  164 
  18730 	  355886 	  320 	  323465 	   94 
  18730 	  355886 	  225 	  378987 	  545 
  18730 	  355886 	  188 	  203158 	 1157 
  18730 	  355887 	  285 	  360897 	  435 
  18730 	  355886 	  293 	  319187 	  189 
  18730 	  355886 	  189 	  319305 	  483 
  18730 	  355887 	  316 	  260424 	  279 
  18730 	  355886 	  317 	  276705 	  291 
  18730 	  355886 	  246 	  401340 	  465 
  18730 	  355886 	  333 	  354717 	  135 
  18730 	  355887 	  323 	  313677 	  192 
  18730 	  355886 	  199 	  361990 	  266 
  18730 	  355886 	  193 	  295615 	  251 
  18730 	  355886 	  254 	  447978 	  115 
  18730 	  355887 	  310 	  504516 	   64 
  18730 	  355886 	  207 	  458951 	  113 
  18730 	  355886 	  308 	  364974 	   97 
  18730 	  355887 	  291 	  253402 	  104 
  18730 	  355886 	  234 	  586463 	  231 
  18730 	  355886 	  424 	  276311 	   74 
  18730 	  355886 	  277 	  567069 	  138 
  18730 	  355887 	  452 	  290683 	   63 
  18730 	  355886 	  301 	  339768 	  226 
  18730 	  355886 	  333 	  363420 	  136 
  18730 	  355887 	  299 	  297461 	  142 
  18730 	  355886 	  248 	  307130 	  229 
  18730 	  355886 	  211 	  365602 	  183 
  18730 	  355886 	  361 	  318770 	   52 
  18730 	  355887 	  237 	  518749 	   77 
  18730 	  355886 	  289 	  331085 	   88 
  18730 	  355886 	  207 	  359802 	  982 
  18730 	  355886 	  256 	  377863 	  172 
  18730 	  355887 	  239 	  404573 	  170 
  18730 	  355886 	  244 	  364145 	  126 
  18730 	  355886 	  397 	  345370 	   77 
  18730 	  355887 	  155 	  311224 	  214 
  18730 	  355886 	  199 	  406539 	  547 
  18730 	  355886 	  265 	  407653 	  240 
  18730 	  355886 	  310 	  414122 	   99 
  18730 	  355887 	  313 	  435601 	  185 
  18730 	  355886 	  452 	  188607 	  144 
  18730 	  355886 	  474 	  390004 	  114 
  18730 	  355887 	  263 	  373616 	  225 
  18730 	  355886 	  208 	  394782 	  588 
  18730 	  355886 	  238 	  376510 	  166 
  18730 	  355886 	  333 	  433219 	   59 
  18730 	  355887 	  306 	  472118 	   76 
  18730 	  355886 	  234 	  344138 	  130 
  18730 	  355886 	  233 	  429499 	  186 
  18730 	  355886 	  263 	  398926 	  146 
  18730 	  355887 	  308 	  363614 	  209 
  18730 	  355886 	  274 	  325045 	  107 
  18730 	  355886 	  229 	  334609 	  226 
  18730 	  355887 	  225 	  279390 	  249 
  18730 	  355886 	  198 	  426742 	  192 
  18730 	  355886 	  314 	  377566 	  108 
  18730 	  355886 	  325 	  356467 	  404 
  18730 	  355887 	  273 	  374847 	  495 
  18730 	  355886 	  241 	  431875 	  326 
  18730 	  355886 	  433 	  307845 	  144 
  18730 	  355887 	  252 	  391054 	  290 
  18730 	  355886 	  258 	  286434 	  758 
  18730 	  355886 	  217 	  329044 	  774 
  18730 	  355886 	  307 	  373314 	  120 
  18730 	  355887 	  292 	  478725 	   90 
  18730 	  355886 	  251 	  421196 	  128 
  18730 	  355886 	  266 	  336748 	  198 
  18730 	  355886 	  268 	  313442 	  378 
  18730 	  355887 	  183 	  405286 	  341 
  18730 	  355886 	  359 	  325612 	  159 
  18730 	  355887 	  307 	  343939 	  242 
  18730 	  355887 	  231 	  439634 	  322 
  18730 	  355886 	  398 	  201168 	   92 
  18730 	  355886 	  268 	  411557 	 1020 
  18730 	  355886 	  247 	  377469 	  446 
  18730 	  355887 	  443 	  297792 	  130 
  18730 	  355886 	  271 	  323579 	  250 
  18730 	  355886 	  263 	  377030 	  207 
  18730 	  355887 	  262 	  286399 	  108 
  18730 	  355886 	  426 	  484604 	  310 
  18730 	  355886 	  252 	  315770 	  128 
  18730 	  355886 	  213 	  291751 	  125 
  18730 	  355887 	  210 	  656899 	  114 
  18730 	  355886 	  358 	  415872 	  124 
  18730 	  355886 	  279 	  478823 	  175 
  18730 	  355886 	  397 	  296420 	  202 
  18730 	  355887 	  508 	  195417 	  548 
  18730 	  355886 	  243 	  351020 	  773 
  18730 	  355886 	  213 	  393345 	  363 
  18730 	  355887 	  209 	  360937 	  475 
  18730 	  355886 	  443 	  365389 	  227 
  18730 	  355886 	  583 	  278603 	  331 
  18730 	  355886 	  528 	  260948 	 1099 
  18730 	  355887 	  287 	  233092 	  444 
  18730 	  355886 	  301 	  396341 	  353 
  18730 	  355886 	  191 	  389303 	  194 
  18730 	  355887 	  247 	  350338 	  627 
  18730 	  355886 	  345 	  447060 	  192 
  18730 	  355886 	  404 	  371327 	  172 
  18730 	  355886 	  176 	  388387 	  607 
  18730 	  355887 	  249 	  300635 	  208 
  18730 	  355886 	  196 	  368340 	  297 
  18730 	  355886 	  323 	  326943 	  114 
  18730 	  355886 	  229 	  364230 	  227 
  18730 	  355887 	  233 	  448141 	  298 
  18730 	  355886 	  482 	  247994 	  654 
  18730 	  355886 	  566 	  281174 	  622 
  18730 	  355887 	  244 	  367436 	  412 
  18730 	  355886 	  268 	  397189 	  166 
  18730 	  355886 	  341 	  371759 	  287 
  18730 	  355886 	  525 	  354583 	  357 
  18730 	  355887 	  252 	  378092 	  324 
  18730 	  355886 	  236 	  420986 	  714 
  18730 	  355886 	  423 	  190605 	  130 
  18730 	  355887 	  278 	  485478 	 2020 
  18730 	  355886 	  226 	  235911 	  874 
  18730 	  355886 	  355 	  182892 	  204 
  18730 	  355886 	  223 	  448123 	  452 
  18730 	  355887 	  194 	  335824 	  367 
  18730 	  355886 	  219 	  354073 	  288 
  18730 	  355886 	  349 	  167267 	  246 
  18730 	  355886 	  162 	  339264 	  866 
  18730 	  355887 	  182 	  196990 	  449 
  18730 	  355886 	  201 	  368963 	  415 
  18730 	  355886 	  323 	  500183 	   51 
  18730 	  355887 	  272 	  319127 	   82 
  18730 	  355886 	  163 	  431909 	  390 
  18730 	  355886 	  275 	  166998 	  173 
  18730 	  355886 	  145 	  398621 	  449 
  18730 	  355887 	  220 	  310692 	  199 
  18730 	  355886 	  313 	  472262 	   83 
  18730 	  355886 	  249 	  373973 	  177 
  18730 	  355887 	  213 	  398717 	  239 
  18730 	  355886 	  260 	  220276 	  109 
  18730 	  355886 	  172 	  386027 	  116 
  18730 	  355886 	  383 	  318317 	   41 
  18730 	  355887 	  208 	  706324 	  126 
  18730 	  355886 	  248 	  450088 	  128 
  18730 	  355886 	  319 	  379737 	   53 
  18730 	  355886 	  183 	  259024 	  172 
  18730 	  355887 	  190 	  297391 	  165 
  18730 	  355886 	  348 	  288828 	   73 
  18730 	  355886 	  185 	  529543 	  323 
  18730 	  355887 	  249 	  228824 	  171 
  18730 	  355886 	  193 	  406776 	  342 
  18730 	  355886 	  194 	  320705 	   76 
  18730 	  355886 	  266 	  297889 	   57 
  18730 	  355887 	  142 	  497296 	  161 
  18730 	  355886 	  203 	  269004 	  142 
  18730 	  355886 	  301 	  336820 	   73 
  18730 	  355887 	  208 	  472205 	  167 
  18730 	  355886 	  296 	  344449 	   73 
  18730 	  355886 	  237 	  440989 	  146 
  18730 	  355886 	  169 	  372439 	  541 
  18730 	  355887 	  247 	  211418 	  184 
  18730 	  355886 	  178 	  331848 	  462 
  18730 	  355886 	  214 	  333849 	  121 
  18730 	  355886 	  254 	  347726 	  138 
  18730 	  355887 	  286 	  276889 	  109 
  18730 	  355886 	  157 	  420653 	  202 
  18730 	  355886 	  175 	  181270 	  369 
  18730 	  355887 	  189 	  375944 	  121 
  18730 	  355886 	  194 	  450275 	   69 
  18730 	  355886 	  294 	  428667 	   64 
  18730 	  355886 	  245 	  412867 	   80 
  18730 	  355887 	  238 	  391570 	   78 
  18730 	  355886 	  248 	  368040 	   79 
  18730 	  355886 	  226 	  503344 	   93 
  18730 	  355887 	  230 	  501939 	   87 
  18730 	  355886 	  311 	  306558 	   73 
  18730 	  355886 	  233 	  428056 	  123 
  18730 	  355886 	  272 	  336024 	  128 
  18730 	  355887 	  213 	  349600 	  169 
  18730 	  355886 	  346 	  225740 	   91 
  18730 	  355886 	  217 	  449131 	  403 
  18730 	  355886 	  211 	  394346 	  246 
  18730 	  355887 	  299 	  370032 	   97 
  18730 	  355886 	  174 	  430257 	  209 
  18730 	  355886 	  228 	  308509 	  167 
  18730 	  355887 	  300 	  416801 	  146 
  18730 	  355886 	  237 	  249961 	  223 
  18730 	  355886 	  212 	  450146 	  162 
  18730 	  355886 	  255 	  213754 	  132 
  18730 	  355887 	  234 	  356834 	  179 
  18730 	  355886 	  243 	  450528 	   92 
  18730 	  355886 	  231 	  375804 	   75 
  18730 	  355887 	  212 	  421669 	   91 
  18730 	  355886 	  216 	  459398 	   93 
  18730 	  355886 	  291 	  378364 	   86 
  18730 	  355886 	  200 	  431127 	  209 
  18730 	  355887 	  237 	  309558 	  137 
  18730 	  355886 	  257 	  341885 	  109 
  18730 	  355886 	  214 	  331206 	  164 
  18730 	  355886 	  201 	  381625 	  214 
  18730 	  355887 	  310 	  221782 	  125 
  18730 	  355886 	  295 	  409751 	  205 
  18730 	  355886 	  495 	  413563 	  995 
  18730 	  355887 	  329 	  267789 	  449 
  18730 	  355886 	  416 	  239879 	  554 
  18730 	  355886 	  213 	  360064 	  974 
  18730 	  355886 	  235 	  237445 	  436 
  18730 	  355887 	  273 	  319321 	  111 
  18730 	  355886 	  267 	  562265 	  131 
  18730 	  355886 	  249 	  377309 	   87 
  18730 	  355887 	  241 	  345034 	  516 
  18730 	  355886 	  490 	  303451 	  411 
  18730 	  355886 	  530 	  310830 	  525 
  18730 	  355886 	  602 	  348502 	  334 
  18730 	  355887 	  477 	  240348 	  503 
  18730 	  355886 	  376 	  330648 	  359 
  18730 	  355886 	  418 	  342599 	  177 
  18730 	  355886 	  205 	  256616 	  360 
  18730 	  355887 	  215 	  340054 	  171 
  18730 	  355886 	  367 	  508590 	  204 
  18730 	  355886 	  401 	  429150 	  142 
  18730 	  355887 	  464 	  385233 	  167 
  18730 	  355886 	  540 	  296104 	  227 
  18730 	  355886 	  311 	  252529 	  215 
  18730 	  355886 	  227 	  322744 	  305 
  18730 	  355887 	  307 	  248154 	  958 
  18730 	  355886 	  313 	  244118 	  248 
  18730 	  355886 	  178 	  448753 	  496 
  18730 	  355887 	  320 	  281034 	  167 
  18730 	  355886 	  265 	  489109 	  305 
  18730 	  355886 	  217 	  305812 	  142 
  18730 	  355886 	  268 	  418055 	  285 
  18730 	  355887 	  454 	  165527 	  109 
  18730 	  355886 	  342 	  503940 	 1906 
  18730 	  355886 	  251 	  276297 	   73 
  18730 	  355886 	  239 	  528808 	   80 
  18730 	  355887 	  258 	  281352 	  124 
  18730 	  355886 	  272 	  358253 	  384 
  18730 	  355886 	  250 	  434819 	  299 
  18730 	  355887 	  220 	  301382 	  152 
  18730 	  355886 	  266 	  435965 	  155 
  18730 	  355886 	  334 	  294092 	  118 
  18730 	  355886 	  347 	  441694 	  151 
  18730 	  355887 	  404 	  335784 	  139 
  18730 	  355886 	  295 	  510857 	  536 
  18730 	  355886 	  340 	  171635 	  194 
  18730 	  355887 	  234 	  434854 	  474 
  18730 	  355886 	  378 	  198430 	  265 
  18730 	  355886 	  282 	  325833 	  446 
  18730 	  355886 	  284 	  244687 	  374 
  18730 	  355887 	  195 	  285908 	  674 
  18730 	  355886 	  266 	  256095 	  715 
  18730 	  355886 	  295 	  426934 	 1341 
  18730 	  355886 	  337 	  365366 	  126 
  18730 	  355887 	  337 	  456032 	  147 
  18730 	  355886 	  293 	  385093 	  175 
  18730 	  355886 	  260 	  405809 	  391 
  18730 	  355887 	  400 	  205463 	  244 
  18730 	  355886 	  353 	  287913 	  902 
  18730 	  355886 	  369 	  255508 	  606 
  18730 	  355886 	  250 	  232053 	  172 
  18730 	  355887 	  234 	  304378 	  185 
  18730 	  355886 	  242 	  368259 	  304 
  18730 	  355886 	  277 	  364139 	  133 
  18730 	  355887 	  271 	  370480 	   93 
  18730 	  355886 	  248 	  380038 	   74 
  18730 	  355886 	  248 	  451561 	   71 
  18730 	  355887 	  162 	  485528 	  323 
  18730 	  355887 	  182 	  345372 	  218 
  18730 	  355886 	  285 	  327136 	  100 
  18730 	  355886 	  221 	  365937 	  294 
  18730 	  355886 	  197 	  335398 	  560 
  18730 	  355887 	  248 	  278288 	  310 
  18730 	  355886 	  227 	  293289 	  210 
  18730 	  355886 	  287 	  265536 	  319 
  18730 	  355887 	  186 	  371468 	  603 
  18730 	  355886 	  248 	  345826 	  350 
  18730 	  355886 	  354 	  323875 	  166 
  18730 	  355886 	  221 	  312191 	  334 
  18730 	  355887 	  236 	  289682 	  472 
  18730 	  355886 	  258 	  343601 	  273 
  18730 	  355886 	  302 	  325388 	  192 
  18730 	  355887 	  185 	  512727 	  336 
  18730 	  355886 	  402 	  379135 	  130 
  18730 	  355886 	  320 	  311405 	  176 
  18730 	  355886 	  160 	  436285 	  350 
  18730 	  355888 	  286 	  414818 	   54 
  18730 	  355886 	  213 	  400548 	  133 
  18730 	  355886 	  213 	  303726 	  426 
  18730 	  355886 	  279 	  362748 	  146 
  18730 	  355887 	  266 	  325055 	  175 
  18730 	  355886 	  160 	  337087 	  431 
  18730 	  355886 	  268 	  309173 	  407 
  18730 	  355887 	  303 	  288036 	  320 
  18730 	  355886 	  562 	  206119 	   85 
  18730 	  355886 	  225 	  501782 	  347 
  18730 	  355886 	  191 	  339872 	  303 
  18730 	  355887 	  327 	  253855 	  148 
  18730 	  355886 	  227 	  511705 	  182 
  18730 	  355886 	  282 	  342231 	  185 
  18730 	  355887 	  219 	  356000 	  506 
  18730 	  355886 	  388 	  274115 	  145 
  18730 	  355886 	  357 	  463609 	  123 
  18730 	  355886 	  312 	  356461 	  132 
  18730 	  355887 	  276 	  278829 	  211 
  18730 	  355886 	  269 	  449604 	  659 
  18730 	  355886 	  356 	  428437 	  215 
  18730 	  355886 	  394 	  369519 	  181 
  18730 	  355887 	  317 	  257533 	  489 
  18730 	  355886 	  205 	  188966 	  759 
  18730 	  355886 	  292 	  387470 	 1036 
  18730 	  355887 	  334 	  292822 	  159 
  18730 	  355886 	  279 	  397641 	  264 
  18730 	  355886 	  202 	  297829 	  142 
  18730 	  355886 	  204 	  409595 	  175 
  18730 	  355887 	  255 	  334007 	  707 
  18730 	  355886 	  317 	  325735 	  668 
  18730 	  355886 	  448 	  276781 	  542 
  18730 	  355887 	  132 	  402673 	  941 
  18730 	  355886 	  209 	  294412 	  412 
  18730 	  355886 	  276 	  332081 	  295 
  18730 	  355886 	  194 	  449849 	  591 
  18730 	  355887 	  221 	  273255 	  218 
  18730 	  355886 	  253 	  360559 	 1480 
  18730 	  355886 	  515 	  145469 	 1281 
  18730 	  355886 	  141 	  316736 	 1246 
  18730 	  355887 	  200 	  210454 	  462 
  18730 	  355886 	  222 	  381400 	 1188 
  18730 	  355886 	  392 	  523169 	 1939 
  18730 	  355887 	  450 	  134388 	  619 
  18730 	  355886 	  558 	  340840 	 1050 
  18730 	  355886 	  311 	  210176 	  462 
  18730 	  355886 	  219 	  278278 	  599 
  18730 	  355887 	  210 	  345524 	  976 
  18730 	  355886 	  333 	  246652 	  601 
  18730 	  355886 	  292 	  391591 	 1311 
  18730 	  355887 	  231 	  313830 	 1227 
  18730 	  355886 	  214 	  242646 	 1170 
  18730 	  355886 	  157 	  273829 	 1074 
  18730 	  355886 	  268 	  298694 	   57 
  18730 	  355887 	  166 	  557691 	  111 
  18730 	  355886 	  176 	  455895 	   87 
  18730 	  355886 	  198 	  343074 	  104 
  18730 	  355886 	  174 	  284667 	  363 
  18730 	  355887 	  177 	  395823 	  270 
  18730 	  355886 	  229 	  401869 	  235 
  18730 	  355886 	  255 	  155570 	  167 
  18730 	  355887 	  116 	  420728 	 1090 
  18730 	  355886 	  305 	  162364 	  125 
  18730 	  355886 	  153 	  543554 	  174 
  18730 	  355886 	  222 	  291010 	  118 
  18730 	  355887 	  161 	  347013 	  159 
  18730 	  355886 	  196 	  401003 	   86 
  18730 	  355886 	  197 	  313949 	  146 
  18730 	  355887 	  260 	  344280 	  104 
  18730 	  355886 	  198 	  483357 	   93 
  18730 	  355886 	  295 	  448437 	   50 
  18730 	  355886 	  223 	  394313 	   71 
  18730 	  355888 	  140 	  291648 	  229 
  18730 	  355886 	  133 	  436959 	  989 
  18730 	  355886 	  314 	  318924 	  331 
  18730 	  355886 	  344 	  364571 	  283 
  18730 	  355887 	  252 	  263244 	  548 
  18730 	  355886 	  201 	  320567 	  802 
  18730 	  355886 	  149 	  403935 	 1046 
  18730 	  355887 	  326 	  234490 	  208 
  18730 	  355886 	  202 	  432556 	  715 
  18730 	  355886 	  354 	  331853 	  170 
  18730 	  355886 	  256 	  408310 	  556 
  18730 	  355887 	  279 	  224062 	  252 
  18730 	  355886 	  282 	  537955 	  231 
  18730 	  355886 	  250 	  322995 	  435 
  18730 	  355887 	  187 	  448984 	  554 
  18730 	  355886 	  265 	  271744 	  148 
  18730 	  355886 	  181 	  332115 	  122 
  18730 	  355886 	  174 	  352265 	  115 
  18730 	  355887 	  186 	  347108 	  167 
  18730 	  355886 	  134 	  398689 	  180 
  18730 	  355886 	  162 	  360194 	  102 
  18730 	  355886 	  390 	  360969 	   55 
  18730 	  355887 	  251 	  534098 	   52 
  18730 	  355886 	  121 	  694421 	  127 
  18730 	  355886 	  349 	  286354 	   54 
  18730 	  355887 	  237 	  486506 	   92 
  18730 	  355886 	  279 	  199265 	  153 
  18730 	  355886 	  179 	  201391 	  184 
  18730 	  355886 	  170 	  528315 	 1592 
  18730 	  355887 	  280 	  166546 	  176 
  18730 	  355886 	  153 	  333776 	  540 
  18730 	  355886 	  264 	  232817 	  218 
  18730 	  355887 	  271 	  364689 	  174 
  18730 	  355886 	  189 	  377468 	  300 
  18730 	  355886 	  258 	  265387 	  213 
  18730 	  355886 	  235 	  481872 	  574 
  18730 	  355887 	  264 	  296877 	  376 
  18730 	  355886 	  266 	  309642 	 1110 
  18730 	  355886 	  213 	  263721 	  153 
  18730 	  355886 	  214 	  320717 	  184 
  18730 	  355887 	  147 	  501188 	  155 
  18730 	  355886 	  141 	  449235 	  123 
  18730 	  355886 	  205 	  308204 	   59 
  18730 	  355887 	  107 	  534607 	  399 
  18730 	  355886 	  232 	  314102 	   71 
  18730 	  355886 	  266 	  338797 	   82 
  18730 	  355886 	  137 	  535160 	  174 
  18730 	  355887 	  325 	  257351 	  103 
  18730 	  355886 	  231 	  320581 	  124 
  18730 	  355886 	  201 	  376351 	  115 
  18730 	  355887 	  149 	  383113 	   85 
  18730 	  355886 	  282 	  419288 	   40 
  18730 	  355886 	  235 	  425581 	  133 
  18730 	  355886 	  208 	  484348 	  175 
  18730 	  355887 	  231 	  384665 	  155 
  18730 	  355886 	  224 	  309735 	  576 
  18730 	  355886 	  257 	  194623 	  142 
  18730 	  355886 	  235 	  255994 	  729 
  18730 	  355887 	  440 	  388799 	 2047 
  18730 	  355886 	  346 	  254005 	 1522 
  18730 	  355886 	  274 	  232135 	  481 
  18730 	  355887 	  554 	  282621 	  458 
  18730 	  355886 	  640 	  194381 	  397 
  18730 	  355886 	  264 	  409080 	  606 
  18730 	  355886 	  248 	  327151 	  804 
  18730 	  355887 	  349 	  379933 	  204 
  18730 	  355886 	  294 	  395169 	   87 
  18730 	  355886 	  329 	  417399 	  179 
  18730 	  355887 	  328 	  439461 	  269 
  18730 	  355886 	  294 	  230612 	   98 
  18730 	  355886 	  179 	  441067 	 1140 
  18730 	  355886 	  332 	  333569 	  126 
  18730 	  355887 	  261 	  395932 	  144 
  18730 	  355886 	  283 	  392041 	  347 
  18730 	  355886 	  294 	  288127 	  106 
  18730 	  355886 	  131 	  484691 	 1073 
  18730 	  355887 	  228 	  318914 	  265 
  18730 	  355886 	  281 	  309136 	  161 
  18730 	  355886 	  373 	  436254 	  736 
  18730 	  355887 	  526 	  461871 	 1030 
  18730 	  355886 	  485 	  244859 	  129 
  18730 	  355886 	  275 	  494352 	  459 
  18730 	  355886 	  301 	  371679 	  337 
  18730 	  355887 	  328 	  435512 	  815 
  18730 	  355886 	  307 	  235158 	  237 
  18730 	  355886 	  248 	  345861 	  652 
  18730 	  355887 	  234 	  358602 	 1026 
  18730 	  355886 	  239 	  323180 	  483 
  18730 	  355886 	  259 	  268314 	  653 
  18730 	  355886 	  275 	  313217 	 1363 
  18730 	  355887 	  285 	  233570 	 1796 
  18730 	  355886 	  345 	  197451 	  548 
  18730 	  355886 	  439 	  238180 	  385 
  18730 	  355886 	  317 	  214878 	  629 
  18730 	  355887 	  308 	  419195 	 1460 
  18730 	  355886 	  293 	  310311 	  246 
  18730 	  355886 	  274 	  429922 	  192 
  18730 	  355887 	  241 	  408413 	  172 
  18730 	  355886 	  224 	  260211 	  187 
  18730 	  355886 	  350 	  311367 	  378 
  18730 	  355886 	  267 	  405061 	  607 
  18730 	  355887 	  306 	  236643 	  404 
  18730 	  355886 	  198 	  394655 	  447 
  18730 	  355886 	  248 	  280048 	  291 
  18730 	  355887 	  258 	  434037 	  438 
  18730 	  355886 	  285 	  259339 	  172 
  18730 	  355886 	  249 	  480979 	  895 
  18730 	  355886 	  275 	  333137 	  201 
  18730 	  355887 	  227 	  333213 	  308 
  18730 	  355886 	  280 	  374248 	  267 
  18730 	  355886 	  214 	  362134 	  239 
  18730 	  355886 	  191 	  317966 	  670 
  18730 	  355887 	  166 	  546463 	  562 
  18730 	  355886 	  268 	  298845 	  168 
  18730 	  355886 	  210 	  336188 	  355 
  18730 	  355887 	  193 	  467686 	  424 
  18730 	  355886 	  262 	  422872 	  101 
  18730 	  355886 	  256 	  358071 	  239 
  18730 	  355886 	  309 	  394008 	  124 
  18730 	  355887 	  301 	  313185 	  143 
  18730 	  355886 	  182 	  463869 	  352 
  18730 	  355886 	  224 	  141512 	  297 
  18730 	  355887 	  311 	  399151 	  161 
  18730 	  355886 	  215 	  346444 	   99 
  18730 	  355886 	  213 	  477285 	  557 
  18730 	  355886 	  466 	  203205 	  219 
  18730 	  355887 	  177 	  400762 	  532 
  18730 	  355886 	  215 	  291149 	  113 
  18730 	  355886 	  199 	  494900 	  163 
  18730 	  355886 	  191 	  395427 	  184 
  18730 	  355887 	  303 	  427475 	   44 
  18730 	  355886 	  188 	  511466 	  112 
  18730 	  355886 	  126 	  358532 	  226 
  18730 	  355887 	  303 	  328566 	   35 
  18730 	  355886 	  150 	  447117 	  100 
  18730 	  355886 	  255 	  300441 	   67 
  18730 	  355886 	  138 	  205355 	  143 
  18730 	  355887 	  172 	  344292 	 1308 
  18730 	  355886 	  425 	  292470 	  206 
  18730 	  355886 	  277 	  357662 	  155 
  18730 	  355887 	  233 	  339026 	  247 
  18730 	  355886 	  334 	  269511 	  141 
  18730 	  355886 	  260 	  305483 	  532 
  18730 	  355886 	  294 	  231523 	  601 
  18730 	  355887 	  262 	  259649 	  546 
  18730 	  355886 	  258 	  331838 	  412 
  18730 	  355886 	  223 	  328355 	  417 
  18730 	  355886 	  339 	  220511 	  127 
  18730 	  355887 	  289 	  477100 	 1019 
  18730 	  355886 	  357 	  195395 	  457 
  18730 	  355886 	  238 	  289157 	 1724 
  18730 	  355887 	  195 	  306415 	 1738 
  18730 	  355886 	  258 	  392534 	  254 
  18730 	  355886 	  253 	  337477 	  182 
  18730 	  355886 	  199 	  477184 	  266 
  18730 	  355887 	  234 	  194306 	  452 
  18730 	  355886 	  198 	  408195 	  973 
  18730 	  355886 	  262 	  326914 	  801 
  18730 	  355887 	  277 	  262698 	  556 
  18730 	  355886 	  260 	  373277 	  911 
  18730 	  355886 	  371 	  305750 	  197 
  18730 	  355886 	  227 	  318857 	  340 
  18730 	  355887 	  305 	  358642 	  362 
  18730 	  355886 	  195 	  305395 	  918 
  18730 	  355886 	  265 	  220851 	  694 
  18730 	  355886 	  572 	  305358 	 1817 
  18730 	  355887 	  538 	  298028 	 1683 
  18730 	  355886 	  336 	  239857 	  584 
  18730 	  355886 	  323 	  202192 	  926 
  18730 	  355887 	  225 	  310291 	 1365 
  18730 	  355886 	  283 	  247602 	  739 
  18730 	  355886 	  226 	  347612 	  807 
  18730 	  355886 	  384 	  215428 	  169 
  18730 	  355887 	  370 	  573990 	 1899 
  18730 	  355886 	  249 	  363565 	  104 
  18730 	  355886 	  305 	  347192 	   66 
  18730 	  355887 	  265 	  300349 	   77 
  18730 	  355886 	  165 	  482394 	  113 
  18730 	  355886 	  333 	  336097 	  114 
  18730 	  355886 	  207 	  409093 	  322 
  18730 	  355887 	  318 	  278409 	  156 
  18730 	  355886 	  244 	  428234 	  256 
  18730 	  355886 	  252 	  322883 	  105 
  18730 	  355886 	  306 	  332235 	  128 
  18730 	  355887 	  268 	  439975 	  336 
  18730 	  355886 	  230 	  320038 	  199 
  18730 	  355886 	  264 	  389387 	  137 
  18730 	  355887 	  171 	  520239 	  135 
  18730 	  355886 	  184 	  444488 	  180 
  18730 	  355886 	  371 	  205242 	   86 
  18730 	  355886 	  207 	  389847 	  535 
  18730 	  355887 	  393 	  284142 	  115 
  18730 	  355886 	  278 	  456803 	  161 
  18730 	  355886 	  301 	  374533 	   87 
  18730 	  355887 	  166 	  523726 	  280 
  18730 	  355886 	  266 	  372131 	   69 
  18730 	  355886 	  232 	  499564 	   96 
  18730 	  355886 	  270 	  296286 	  169 
  18730 	  355887 	  218 	  236133 	  174 
  18730 	  355886 	  255 	  398372 	  459 
  18730 	  355886 	  206 	  344315 	  837 
  18730 	  355886 	  301 	  253519 	  136 
  18730 	  355887 	  232 	  307481 	  305 
  18730 	  355886 	  359 	  256998 	  128 
  18730 	  355886 	  261 	  450439 	  215 
  18730 	  355887 	  251 	  288638 	  325 
  18730 	  355886 	  182 	  373463 	  377 
  18730 	  355886 	  281 	  321116 	  145 
  18730 	  355886 	  277 	  373356 	  145 
  18730 	  355887 	  228 	  584054 	   83 
  18730 	  355886 	  253 	  318262 	   66 
  18730 	  355886 	  210 	  425104 	  176 
  18730 	  355887 	  163 	  388697 	  577 
  18730 	  355886 	  353 	  306633 	  269 
  18730 	  355886 	  283 	  396194 	  461 
  18730 	  355886 	  354 	  290232 	  193 
  18730 	  355887 	  189 	  454758 	  288 
  18730 	  355886 	  177 	  437998 	  324 
  18730 	  355886 	  324 	  308576 	  132 
  18730 	  355886 	  226 	  458326 	  420 
  18730 	  355887 	  286 	  278373 	  187 
  18730 	  355886 	  190 	  288878 	  709 
  18730 	  355886 	  294 	  231352 	 1098 
  18730 	  355887 	  236 	  363437 	  382 
  18730 	  355886 	  276 	  298830 	  108 
  18730 	  355886 	  219 	  484644 	  167 
  18730 	  355886 	  288 	  429829 	   89 
  18730 	  355887 	  281 	  511092 	  104 
  18730 	  355886 	  306 	  395979 	  100 
  18730 	  355886 	  191 	  277449 	  299 
  18730 	  355887 	  307 	  307333 	  162 
  18730 	  355886 	  263 	  454200 	   72 
  18730 	  355886 	  185 	  474156 	   64 
  18730 	  355886 	  251 	  332316 	   67 
  18730 	  355887 	  251 	  341034 	  141 
  18730 	  355886 	  276 	  356380 	   83 
  18730 	  355886 	  230 	  413461 	   74 
  18730 	  355886 	  200 	  427866 	   60 
  18730 	  355887 	  264 	  372898 	   85 
  18730 	  355886 	  237 	  302017 	  121 
  18730 	  355886 	  185 	  357537 	  296 
  18730 	  355887 	  231 	  326771 	  126 
  18730 	  355886 	  171 	  481742 	  367 
  18730 	  355886 	  322 	  160037 	  179 
  18730 	  355886 	  222 	  277939 	  400 
  18730 	  355887 	  192 	  324201 	  345 
  18730 	  355886 	  323 	  377084 	   74 
  18730 	  355886 	  274 	  441558 	  100 
  18730 	  355887 	  213 	  446413 	  290 
  18730 	  355886 	  351 	  275210 	  110 
  18730 	  355886 	  292 	  419521 	  224 
  18730 	  355886 	  316 	  367138 	   66 
  18730 	  355887 	  181 	  497623 	  203 
  18730 	  355886 	  255 	  333428 	   75 
  18730 	  355886 	  243 	  403017 	  109 
  18730 	  355886 	  204 	  434099 	  183 
  18730 	  355887 	  286 	  380911 	  361 
  18730 	  355886 	  260 	  285430 	  202 
  18730 	  355886 	  242 	  394905 	  170 
  18730 	  355887 	  294 	  274811 	  151 
  18730 	  355886 	  279 	  395200 	  228 
  18730 	  355886 	  196 	  370721 	  273 
  18730 	  355886 	  357 	  274203 	   92 
  18730 	  355887 	  263 	  429897 	  306 
  18730 	  355886 	  247 	  383821 	  313 
  18730 	  355886 	  250 	  415514 	  193 
  18730 	  355887 	  299 	  364712 	  165 
  18730 	  355886 	  189 	  456694 	  166 
  18730 	  355886 	  375 	  393015 	   76 
  18730 	  355886 	  255 	  351326 	  144 
  18730 	  355887 	  219 	  338998 	   93 
  18730 	  355886 	  233 	  419793 	  627 
  18730 	  355886 	  331 	  373297 	  751 
  18730 	  355886 	  358 	  235871 	  322 
  18730 	  355887 	  301 	  363335 	  468 
  18730 	  355886 	  297 	  208415 	  466 
  18730 	  355886 	  271 	  367656 	  617 
  18730 	  355887 	  268 	  197654 	  423 
  18730 	  355886 	  222 	  403106 	 1184 
  18730 	  355886 	  339 	  164641 	  608 
  18730 	  355886 	  406 	  338060 	  228 
  18730 	  355887 	  277 	  546175 	  283 
  18730 	  355886 	  319 	  301562 	  257 
  18730 	  355886 	  240 	  458821 	  231 
  18730 	  355887 	  349 	  253734 	  137 
  18730 	  355886 	  188 	  304379 	  704 
  18730 	  355886 	  217 	  273647 	 1317 
  18730 	  355886 	  464 	  177202 	  259 
  18730 	  355887 	  181 	  421168 	  447 
  18730 	  355886 	  353 	  386912 	  144 
  18730 	  355886 	  229 	  413612 	  232 
  18730 	  355886 	  285 	  351873 	  187 
  18730 	  355887 	  216 	  278791 	  216 
  18730 	  355886 	  209 	  351871 	  227 
  18730 	  355886 	  265 	  362396 	  104 
  18730 	  355887 	  241 	  425081 	   73 
  18730 	  355886 	  216 	  545699 	  129 
  18730 	  355886 	  210 	  457909 	  330 
  18730 	  355886 	  255 	  335135 	   68 
  18730 	  355887 	  235 	  426186 	   98 
  18730 	  355886 	  330 	  272902 	   73 
  18730 	  355886 	  233 	  438192 	  105 
  18730 	  355887 	  159 	  358640 	  174 
  18730 	  355886 	  254 	  360198 	   94 
  18730 	  355886 	  258 	  424257 	  110 
  18730 	  355886 	  198 	  481279 	   84 
  18730 	  355887 	  242 	  431440 	  158 
  18730 	  355886 	  320 	  393032 	  134 
  18730 	  355886 	  323 	  435174 	  111 
  18730 	  355886 	  267 	  555680 	  135 
  18730 	  355887 	  194 	  403031 	  185 
  18730 	  355886 	  269 	  302966 	   78 
  18730 	  355886 	  212 	  359237 	  151 
  18730 	  355887 	  270 	  365956 	  101 
  18730 	  355886 	  217 	  383033 	  191 
  18730 	  355886 	  274 	  355407 	  159 
  18730 	  355886 	  301 	  341218 	  135 
  18730 	  355887 	  240 	  422076 	   92 
  18730 	  355886 	  291 	  334924 	  149 
  18730 	  355886 	  219 	  463704 	  121 
  18730 	  355887 	  270 	  375612 	   91 
  18730 	  355886 	  257 	  347121 	  108 
  18730 	  355886 	  253 	  343167 	   79 
  18730 	  355886 	  262 	  373866 	  110 
  18730 	  355887 	  175 	  319077 	  203 
  18730 	  355886 	  274 	  374934 	  138 
  18730 	  355886 	  314 	  328561 	  125 
  18730 	  355886 	  210 	  387078 	  245 
  18730 	  355887 	  242 	  334208 	  138 
  18730 	  355886 	  239 	  360473 	  137 
  18730 	  355886 	  250 	  438580 	  133 
  18730 	  355887 	  191 	  448176 	  176 
  18730 	  355886 	  311 	  360522 	  158 
  18730 	  355886 	  262 	  283079 	  114 
  18730 	  355886 	  252 	  413395 	  141 
  18730 	  355887 	  252 	  379607 	  148 
  18730 	  355886 	  264 	  297220 	  152 
  18730 	  355886 	  186 	  405585 	  239 
  18730 	  355887 	  188 	  458467 	  262 
  18730 	  355886 	  302 	  253715 	   70 
  18730 	  355886 	  256 	  273653 	  121 
  18730 	  355886 	  150 	  409801 	  194 
  18730 	  355887 	  203 	  370840 	   98 
  18730 	  355886 	  216 	  306863 	  106 
  18730 	  355886 	  288 	  312624 	   75 
  18730 	  355886 	  223 	  411689 	  150 
  18730 	  355887 	  222 	  470290 	  239 
  18730 	  355886 	  277 	  391674 	  100 
  18730 	  355886 	  265 	  369879 	  122 
  18730 	  355887 	  221 	  288283 	  148 
  18730 	  355886 	  253 	  336294 	  148 
  18730 	  355886 	  258 	  344433 	  111 
  18730 	  355886 	  302 	  342709 	  119 
  18730 	  355887 	  208 	  300673 	  160 
  18730 	  355886 	  244 	  336941 	  141 
  18730 	  355886 	  225 	  276309 	  100 
  18730 	  355887 	  179 	  473450 	  156 
  18730 	  355886 	  230 	  410263 	   77 
  18730 	  355886 	  218 	  388338 	   70 
  18730 	  355886 	  151 	  542888 	  123 
  18730 	  355887 	  268 	  383687 	   83 
  18730 	  355886 	  210 	  277927 	   94 
  18730 	  355886 	  275 	  280997 	   84 
  18730 	  355886 	  245 	  325693 	  194 
  18730 	  355887 	  306 	  270069 	  145 
  18730 	  355886 	  254 	  451342 	  146 
  18730 	  355886 	  402 	  358391 	  102 
  18730 	  355887 	  224 	  236550 	  495 
  18730 	  355886 	  199 	  365451 	  323 
  18730 	  355886 	  241 	  301674 	  187 
  18730 	  355886 	  332 	  148846 	  224 
  18730 	  355887 	  188 	  408428 	  659 
  18730 	  355886 	  263 	  113576 	  271 
  18730 	  355886 	  187 	  422441 	  413 
  18730 	  355887 	  410 	  212068 	  161 
  18730 	  355886 	  321 	  431233 	  211 
  18730 	  355886 	  260 	  352949 	  230 
  18730 	  355886 	  317 	  417215 	  690 
  18730 	  355887 	  277 	  324343 	  987 
  18730 	  355886 	  268 	  315284 	  690 
  18730 	  355886 	  248 	  433541 	  650 
  18730 	  355886 	  271 	  298239 	  224 
  18730 	  355887 	  192 	  357216 	  706 
  18730 	  355886 	  218 	  396882 	  602 
  18730 	  355886 	  274 	  319960 	  202 
  18730 	  355887 	  281 	  353494 	  333 
  18730 	  355886 	  240 	  346307 	  192 
  18730 	  355886 	  214 	  463778 	   86 
  18730 	  355886 	  223 	  493067 	  114 
  18730 	  355887 	  294 	  526836 	   58 
  18730 	  355886 	  280 	  377464 	   88 
  18730 	  355886 	  247 	  444638 	  153 
  18730 	  355887 	  205 	  346479 	  161 
  18730 	  355886 	  286 	  337877 	  114 
  18730 	  355886 	  244 	  269008 	  225 
  18730 	  355886 	  229 	  396110 	 1022 
  18730 	  355887 	  191 	  263836 	  772 
  18730 	  355886 	  201 	  374909 	  197 
  18730 	  355886 	  327 	  301194 	  118 
  18730 	  355886 	  135 	  472428 	  459 
  18730 	  355887 	  199 	  297381 	  106 
  18730 	  355886 	  176 	  311675 	  259 
  18730 	  355886 	  250 	  301896 	  829 
  18730 	  355887 	  239 	  377917 	  666 
  18730 	  355886 	  402 	  323237 	  157 
  18730 	  355886 	  284 	  340097 	  307 
  18730 	  355886 	  184 	  235049 	 1453 
  18730 	  355887 	  210 	  425329 	  692 
  18730 	  355886 	  311 	  306304 	  195 
  18730 	  355886 	  234 	  243621 	  392 
  18730 	  355887 	  249 	  314690 	  261 
  18730 	  355886 	  266 	  337712 	  394 
  18730 	  355886 	  184 	  358983 	  452 
  18730 	  355886 	  307 	  288593 	  121 
  18730 	  355887 	  224 	  576978 	  320 
  18730 	  355886 	  257 	  399847 	  102 
  18730 	  355886 	  165 	  422619 	  814 
  18730 	  355887 	  372 	  173691 	  536 
