% num_local_points | num_send_points | num_send_procs | num_recv_points | num_recv_procs 
 124310 	   36259 	   77 	   28059 	   76 
 123151 	   25885 	   25 	   22997 	   25 
 123749 	   31558 	   20 	   25648 	   20 
 124357 	   21305 	   15 	   21602 	   15 
 126038 	   35920 	   22 	   34704 	   22 
 125220 	   21915 	   14 	   20631 	   14 
 127476 	   23034 	   21 	   25464 	   19 
 124541 	   16864 	   14 	   19574 	   14 
 127339 	   34280 	   41 	   35455 	   41 
 123844 	   29031 	   26 	   24920 	   26 
 124317 	   22994 	   17 	   19145 	   17 
 125419 	   21634 	   15 	   23868 	   15 
 125859 	   33603 	   25 	   31105 	   23 
 124721 	   23230 	   17 	   21942 	   16 
 125712 	   25700 	   18 	   28088 	   18 
 125876 	   20474 	   16 	   23532 	   16 
 126301 	   31171 	   26 	   30038 	   26 
 124935 	   27793 	   19 	   26376 	   19 
 125249 	   20765 	   15 	   22721 	   15 
 125502 	   32818 	   22 	   31149 	   22 
 125523 	   23702 	   15 	   25138 	   13 
 125547 	   28264 	   25 	   29077 	   24 
 125415 	   18503 	   15 	   19892 	   15 
 125638 	   20819 	   27 	   21742 	   27 
 124270 	   46898 	   78 	   35113 	   79 
 122965 	   21902 	   17 	   19366 	   17 
 121594 	   22857 	   14 	   20368 	   14 
 124271 	   36545 	   26 	   32944 	   27 
 119777 	   34178 	   24 	   24124 	   24 
 123342 	   25274 	   14 	   25505 	   14 
 123826 	   15883 	   16 	   16794 	   15 
 122408 	   22403 	   18 	   21234 	   18 
 126836 	   27410 	   20 	   32793 	   20 
 119588 	   51469 	   49 	   39543 	   50 
 120583 	   25730 	   22 	   19615 	   20 
 119975 	   25935 	   19 	   21031 	   19 
 123694 	   23938 	   18 	   26164 	   18 
 120237 	   22377 	   13 	   19588 	   13 
 127801 	   22311 	   27 	   33417 	   27 
 124098 	   22478 	   23 	   24865 	   23 
 117576 	   33063 	   23 	   20115 	   24 
 122731 	   23651 	   17 	   22638 	   17 
 122491 	   21479 	   18 	   20878 	   18 
 124006 	   21541 	   20 	   24317 	   20 
 125136 	   18050 	   18 	   23062 	   17 
 120939 	   40986 	   56 	   28911 	   55 
 123105 	   26427 	   18 	   24528 	   18 
 123219 	   25337 	   18 	   25245 	   17 
 122847 	   33434 	   23 	   27624 	   24 
 122716 	   23352 	   15 	   22581 	   15 
 123126 	   21005 	   20 	   18396 	   20 
 118884 	   27424 	   20 	   18556 	   21 
 124866 	   19116 	   16 	   24209 	   15 
 126482 	   20750 	   41 	   25101 	   39 
 119132 	   27152 	   43 	   17895 	   42 
 122810 	   19794 	   17 	   19312 	   17 
 120250 	   22025 	   11 	   18321 	   11 
 121953 	   25650 	   23 	   24701 	   23 
 119018 	   20593 	   17 	   15090 	   15 
 125371 	   17599 	   23 	   25391 	   23 
 121821 	   26452 	   24 	   23304 	   23 
 121975 	   24408 	   17 	   21463 	   17 
 119997 	   24740 	   23 	   19729 	   24 
 121085 	   21742 	   21 	   20207 	   20 
 124368 	   17738 	   20 	   22050 	   21 
 121844 	   30725 	   37 	   24263 	   36 
 122288 	   25939 	   22 	   21004 	   23 
 121940 	   22320 	   16 	   17047 	   16 
 122231 	   21195 	   19 	   19635 	   18 
 123853 	   25670 	   16 	   27500 	   16 
 124354 	   37927 	   28 	   36807 	   28 
 119835 	   26081 	   14 	   21449 	   13 
 122332 	   32904 	   18 	   31780 	   18 
 123705 	   20803 	   14 	   25689 	   15 
 122623 	   24953 	   19 	   22799 	   18 
 121546 	   22785 	   15 	   21273 	   15 
 123137 	   19436 	   12 	   21691 	   12 
 125826 	   30584 	   35 	   36493 	   35 
 121204 	   23546 	   13 	   20634 	   13 
 123438 	   28767 	   18 	   27259 	   19 
 126596 	   27273 	   24 	   33998 	   22 
 128937 	   29237 	   39 	   41826 	   39 
 124862 	   28129 	   46 	   28553 	   45 
 123505 	   25199 	   12 	   24591 	   12 
 125525 	   21162 	   14 	   26159 	   15 
 127878 	   27072 	   37 	   34407 	   36 
 123993 	   30831 	   54 	   32864 	   55 
 118771 	   26459 	   20 	   19431 	   22 
 124612 	   25729 	   19 	   29916 	   19 
 124599 	   17987 	   15 	   22943 	   15 
 122266 	   20745 	   21 	   22199 	   21 
 124636 	   23374 	   18 	   26383 	   18 
 125254 	   18590 	   17 	   23584 	   17 
 121441 	   30894 	   35 	   25981 	   35 
 122605 	   18880 	   16 	   20107 	   16 
 121929 	   28958 	   19 	   23557 	   19 
 124208 	   23727 	   21 	   24046 	   21 
 122886 	   18985 	   13 	   20426 	   13 
 121270 	   27012 	   17 	   20696 	   17 
 126574 	   21223 	   20 	   27338 	   21 
 129967 	   23028 	   46 	   35565 	   46 
 131617 	   21670 	   63 	   37438 	   63 
 124804 	   25763 	   78 	   24559 	   79 
 123208 	   31818 	   19 	   25834 	   19 
 124783 	   18741 	   18 	   21401 	   17 
 123453 	   34568 	   37 	   29272 	   36 
 123115 	   23212 	   19 	   20635 	   19 
 123926 	   24037 	   15 	   23184 	   15 
 124876 	   27919 	   19 	   29367 	   19 
 123259 	   16831 	   15 	   18038 	   14 
 125825 	   23215 	   41 	   24890 	   42 
 121304 	   28578 	   29 	   26154 	   29 
 122611 	   22222 	   20 	   19279 	   21 
 122076 	   18561 	   15 	   20295 	   15 
 123950 	   21131 	   21 	   23524 	   20 
 122917 	   23508 	   21 	   22049 	   20 
 124074 	   22014 	   20 	   23574 	   18 
 123770 	   31256 	   36 	   29113 	   37 
 123011 	   19131 	   13 	   19150 	   13 
 123667 	   20657 	   16 	   20867 	   14 
 124756 	   24620 	   21 	   24722 	   21 
 123164 	   19965 	   13 	   19884 	   13 
 125726 	   31898 	   55 	   32710 	   55 
 124604 	   22936 	   22 	   23400 	   23 
 124522 	   22169 	   15 	   22335 	   14 
 124642 	   21399 	   22 	   20595 	   22 
 124204 	   16933 	   15 	   18464 	   15 
 123765 	   20992 	   16 	   21400 	   16 
 124444 	   26254 	   21 	   26756 	   20 
 123845 	   17965 	   18 	   19032 	   17 
 123997 	   22494 	   17 	   22542 	   19 
 123062 	   32344 	   42 	   28079 	   39 
 124192 	   26141 	   24 	   24827 	   24 
 124297 	   21447 	   17 	   20917 	   16 
 125522 	   29811 	   21 	   30061 	   21 
 124105 	   22131 	   15 	   22394 	   15 
 124877 	   34009 	   25 	   31451 	   25 
 124557 	   20771 	   12 	   21214 	   12 
 127419 	   26255 	   23 	   29017 	   20 
 124302 	   15833 	   14 	   19158 	   13 
 126772 	   33241 	   45 	   35232 	   40 
 123913 	   16872 	   12 	   16438 	   12 
 123435 	   26342 	   20 	   25880 	   20 
 124434 	   21504 	   23 	   22022 	   23 
 123442 	   19166 	   16 	   20245 	   16 
 125489 	   30231 	   21 	   30336 	   20 
 123412 	   20183 	   14 	   21647 	   14 
 125163 	   23976 	   34 	   25180 	   34 
 125113 	   22669 	   45 	   21732 	   43 
 125704 	   27422 	   24 	   28071 	   22 
 124317 	   18643 	   14 	   20406 	   14 
 125136 	   27857 	   43 	   28264 	   44 
 125684 	   36063 	   65 	   38256 	   66 
 122943 	   17600 	   13 	   18348 	   12 
 122612 	   19673 	   13 	   19544 	   13 
 123466 	   20888 	   20 	   21783 	   19 
 121996 	   18334 	   19 	   18458 	   18 
 123578 	   19600 	   23 	   20685 	   21 
 122055 	   21931 	   26 	   20677 	   24 
 124153 	   16738 	   12 	   18008 	   12 
 124464 	   16407 	   17 	   17616 	   15 
 123769 	   20357 	   21 	   22442 	   20 
 123733 	   22649 	   21 	   20858 	   21 
 122346 	   16321 	   14 	   15570 	   13 
 122130 	   22991 	   31 	   23119 	   32 
 122277 	   15918 	   16 	   16176 	   16 
 122591 	   23352 	   17 	   22735 	   17 
 123099 	   21782 	   21 	   21716 	   21 
 122347 	   16224 	   14 	   17489 	   13 
 122606 	   23116 	   21 	   21941 	   20 
 122823 	   17869 	   13 	   18138 	   13 
 124002 	   24545 	   42 	   24235 	   37 
 123644 	   20257 	   18 	   19677 	   18 
 123920 	   19407 	   13 	   19898 	   14 
 123377 	   21604 	   17 	   21945 	   18 
 122635 	   15995 	   13 	   16288 	   13 
 124064 	   19706 	   20 	   18999 	   18 
 124035 	   25333 	   27 	   24026 	   27 
 124799 	   26009 	   64 	   26210 	   63 
 121234 	   37466 	   76 	   24596 	   78 
 118438 	   19283 	   11 	   13481 	   11 
 118480 	   21853 	   15 	   16906 	   15 
 121324 	   14393 	   14 	   14537 	   14 
 119897 	   24444 	   27 	   18531 	   27 
 120525 	   28878 	   21 	   21833 	   20 
 123010 	   16059 	   15 	   16675 	   15 
 123959 	   29648 	   22 	   27027 	   22 
 125442 	   26463 	   19 	   29754 	   19 
 127746 	   25310 	   22 	   32450 	   22 
 123840 	   34634 	   31 	   32009 	   31 
 123753 	   27233 	   19 	   26200 	   19 
 122243 	   16544 	   16 	   18489 	   16 
 124134 	   23443 	   19 	   23071 	   19 
 123906 	   25125 	   18 	   26308 	   18 
 125248 	   31717 	   43 	   34681 	   43 
 123103 	   16737 	   13 	   18456 	   13 
 122218 	   23431 	   13 	   22400 	   13 
 123790 	   28791 	   22 	   28076 	   22 
 124501 	   18411 	   17 	   20899 	   17 
 122782 	   14652 	   12 	   16326 	   12 
 124177 	   22983 	   36 	   27287 	   36 
 129627 	   38869 	   42 	   46912 	   43 
 118402 	   27336 	   39 	   17663 	   37 
 119763 	   21628 	   10 	   17869 	   10 
 120419 	   19552 	   17 	   19680 	   17 
 121424 	   17373 	   16 	   17872 	   16 
 122111 	   18628 	   21 	   16808 	   20 
 118300 	   23206 	   22 	   14423 	   21 
 121073 	   13565 	   16 	   11965 	   15 
 116410 	   35174 	   30 	   18900 	   30 
 124305 	   24799 	   18 	   27435 	   18 
 121752 	   19413 	   15 	   20871 	   15 
 124930 	   18408 	   22 	   24719 	   22 
 124649 	   18779 	   17 	   25210 	   17 
 120778 	   31346 	   30 	   28566 	   30 
 127017 	   20561 	   21 	   26617 	   21 
 121055 	   20645 	   15 	   16764 	   15 
 123098 	   17121 	   16 	   18832 	   16 
 121818 	   22383 	   17 	   18797 	   17 
 127216 	   20861 	   29 	   28470 	   29 
 132717 	   27246 	   49 	   42015 	   50 
 125853 	   14273 	   24 	   22097 	   24 
 123014 	   35722 	   59 	   33089 	   59 
 120565 	   14862 	   10 	   13811 	   10 
 119298 	   18181 	   18 	   18357 	   18 
 121994 	   19789 	   14 	   19834 	   14 
 120197 	   17619 	   15 	   16806 	   15 
 120489 	   22474 	   29 	   19254 	   29 
 120089 	   22211 	   17 	   18291 	   17 
 120570 	   20645 	   17 	   17715 	   17 
 119596 	   26558 	   30 	   20374 	   30 
 123456 	   20818 	   19 	   23637 	   19 
 123332 	   23201 	   18 	   26110 	   17 
 121821 	   18129 	   16 	   19312 	   15 
 123957 	   18760 	   17 	   21242 	   17 
 124858 	   30020 	   46 	   32007 	   46 
 123897 	   21680 	   13 	   22786 	   13 
 122382 	   16685 	   12 	   17626 	   12 
 123974 	   20949 	   20 	   19451 	   20 
 122241 	   20551 	   14 	   18725 	   14 
 126112 	   26521 	   33 	   29991 	   36 
 125445 	   16488 	   19 	   22222 	   18 
 125289 	   16921 	   21 	   20266 	   21 
 121730 	   18996 	   48 	   20081 	   49 
 120823 	   16107 	   19 	   16324 	   19 
 120546 	   16498 	   19 	   15968 	   19 
 120939 	   13304 	   16 	   13402 	   16 
 120843 	   10349 	    9 	   10808 	    9 
 121383 	   14840 	   25 	   13827 	   25 
 120398 	   16363 	   14 	   13920 	   14 
 118783 	   22369 	   16 	   16500 	   19 
 120812 	   19759 	   13 	   17479 	   13 
 119878 	   20692 	   29 	   16258 	   29 
 121208 	   15580 	   18 	   15935 	   18 
 121371 	   15903 	   17 	   15386 	   17 
 119419 	   22475 	   16 	   17539 	   16 
 119581 	   24622 	   20 	   19164 	   20 
 118376 	   24890 	   20 	   17465 	   20 
 130334 	   38597 	   62 	   50624 	   60 
 129903 	   29611 	   34 	   43178 	   33 
 125737 	   19011 	   17 	   26552 	   18 
 123015 	   14140 	   13 	   15877 	   14 
 123508 	   11755 	   14 	   12114 	   14 
 124094 	   25439 	  147 	   24311 	  159 
 122909 	   29927 	   25 	   26132 	   26 
 124550 	   22118 	   15 	   23139 	   14 
 124613 	   33810 	   39 	   30055 	   38 
 122799 	   20357 	   12 	   18321 	   12 
 125884 	   21510 	   22 	   24208 	   22 
 121628 	   23458 	   21 	   20785 	   20 
 123053 	   19916 	   13 	   19918 	   11 
 125364 	   21546 	   46 	   22373 	   18 
 125099 	   14738 	   19 	   18639 	   48 
 125298 	   20972 	   21 	   21118 	   24 
 124522 	   16681 	   13 	   17179 	   12 
 125751 	   27170 	   37 	   26464 	   40 
 125074 	   23664 	   20 	   24506 	   18 
 123849 	   21803 	   23 	   21025 	   23 
 123788 	   15586 	   13 	   17252 	   12 
 124643 	   19493 	   17 	   20688 	   17 
 123483 	   23350 	   38 	   19897 	   35 
 124157 	   23851 	   24 	   22864 	   24 
 126313 	   21319 	   26 	   21012 	   26 
 124408 	   18143 	   22 	   17228 	   21 
 124568 	   17950 	   15 	   16883 	   15 
 125529 	   22147 	   24 	   22716 	   24 
 124381 	   22471 	   15 	   21317 	   15 
 125562 	   21390 	   14 	   23091 	   14 
 127211 	   26836 	   31 	   31601 	   30 
 126631 	   24273 	   36 	   26145 	   30 
 125388 	   18288 	   16 	   18371 	   17 
 125574 	   23877 	   23 	   24655 	   22 
 125586 	   23355 	   25 	   22686 	   25 
 124512 	   28506 	   45 	   26486 	   45 
 123947 	   21718 	   13 	   22782 	   13 
 124902 	   22620 	   15 	   21200 	   15 
 124842 	   22646 	   20 	   23958 	   17 
 123347 	   18504 	   19 	   19020 	   19 
 124250 	   22221 	   19 	   21569 	   18 
 123589 	   20709 	   14 	   21811 	   12 
 124685 	   22687 	   24 	   24028 	   24 
 125207 	   41977 	   76 	   40117 	   74 
 121564 	   19719 	   20 	   17662 	   20 
 122376 	   17714 	   14 	   18388 	   13 
 123970 	   26431 	   27 	   26687 	   26 
 121982 	   19242 	   16 	   18859 	   17 
 122628 	   18582 	   14 	   18213 	   12 
 124367 	   27670 	   40 	   29034 	   38 
 121891 	   23979 	   21 	   22620 	   22 
 123135 	   19557 	   13 	   19165 	   13 
 124515 	   24886 	   23 	   24792 	   25 
 123135 	   18254 	   15 	   18249 	   14 
 123393 	   17866 	   15 	   17936 	   15 
 124340 	   29884 	   48 	   32495 	   53 
 122609 	   15984 	   14 	   16864 	   13 
 122919 	   19113 	   17 	   20419 	   16 
 121784 	   23494 	   26 	   21687 	   23 
 122754 	   16362 	   13 	   16574 	   11 
 123771 	   18778 	   18 	   21231 	   17 
 122313 	   24507 	   40 	   23760 	   42 
 123746 	   16689 	   13 	   18153 	   13 
 123754 	   21419 	   18 	   23672 	   17 
 122913 	   24728 	   24 	   22093 	   21 
 125014 	   19165 	   23 	   22107 	   21 
 122521 	   16493 	   15 	   14818 	   14 
 122166 	   25521 	   30 	   24641 	   32 
 122472 	   18446 	   12 	   19821 	   12 
 122493 	   20523 	   16 	   19385 	   15 
 121988 	   26407 	   20 	   26102 	   20 
 122445 	   18031 	   14 	   18189 	   12 
 122956 	   22489 	   17 	   23216 	   16 
 122537 	   16599 	   14 	   16747 	   13 
 123798 	   24676 	   63 	   24828 	   58 
 123197 	   20285 	   17 	   17606 	   17 
 122874 	   17716 	   13 	   20081 	   13 
 123814 	   24513 	   25 	   23038 	   24 
 123928 	   17084 	   15 	   18279 	   14 
 123687 	   19596 	   19 	   18885 	   18 
 123585 	   22998 	   27 	   21536 	   26 
 124054 	   23567 	   41 	   24421 	   42 
 121908 	   34471 	   73 	   24404 	   73 
 121492 	   25476 	   16 	   20621 	   16 
 124785 	   22011 	   16 	   24863 	   16 
 127342 	   25838 	   27 	   29951 	   25 
 121841 	   20073 	   19 	   16512 	   19 
 121942 	   17742 	   16 	   18966 	   16 
 126940 	   24598 	   33 	   27746 	   33 
 122539 	   18824 	   15 	   17898 	   16 
 123330 	   20319 	   18 	   19433 	   18 
 123143 	   26826 	   30 	   28153 	   30 
 124097 	   19677 	   14 	   22560 	   14 
 123733 	   15301 	   18 	   16617 	   18 
 117953 	   37990 	   41 	   26830 	   39 
 119819 	   20526 	   17 	   17005 	   15 
 120193 	   20584 	   15 	   16659 	   14 
 121350 	   18806 	   27 	   19236 	   28 
 122830 	   19443 	   14 	   17903 	   17 
 123582 	   17848 	   14 	   18978 	   14 
 122953 	   25894 	   24 	   25063 	   22 
 123211 	   20036 	   18 	   22522 	   16 
 123438 	   18907 	   20 	   18556 	   18 
 123237 	   17946 	   30 	   21706 	   29 
 129835 	   35846 	   44 	   44395 	   43 
 119390 	   28911 	   37 	   19275 	   37 
 122961 	   21262 	   18 	   19640 	   18 
 122990 	   19174 	   27 	   20539 	   28 
 125942 	   15686 	   13 	   23884 	   13 
 124139 	   11936 	   15 	   16521 	   14 
 123025 	   21412 	   27 	   20728 	   27 
 123498 	   20624 	   18 	   19618 	   19 
 125330 	   16438 	   24 	   19465 	   25 
 124030 	   14047 	   26 	   15877 	   26 
 123450 	   16938 	   16 	   16426 	   16 
 122768 	   17894 	   34 	   17725 	   35 
 120994 	   12935 	   15 	   12964 	   15 
 119594 	   13728 	   11 	   11641 	   12 
 121309 	   15899 	   21 	   15034 	   18 
 121102 	   14470 	   18 	   14604 	   18 
 119337 	   22893 	   23 	   16862 	   23 
 118908 	   22228 	   23 	   14462 	   23 
 120043 	   20095 	   19 	   16269 	   18 
 129891 	   27442 	   36 	   37565 	   35 
 125451 	   13584 	   27 	   18457 	   27 
 123496 	   35950 	  115 	   36340 	  112 
 120175 	   13599 	   12 	   12591 	   13 
 120131 	   15776 	   18 	   15846 	   16 
 120995 	   17672 	   16 	   17175 	   15 
 120000 	   17817 	   15 	   17038 	   14 
 120704 	   19932 	   24 	   17603 	   26 
 122270 	   16549 	   16 	   18480 	   14 
 123344 	   17275 	   17 	   20617 	   17 
 122889 	   19451 	   23 	   20225 	   21 
 122869 	   19733 	   16 	   20737 	   16 
 124635 	   27469 	   50 	   30697 	   50 
 119804 	   19735 	   16 	   16760 	   14 
 120993 	   19677 	   20 	   15583 	   22 
 120813 	   23469 	   25 	   20076 	   26 
 123104 	   18254 	   12 	   17917 	   12 
 122601 	   15518 	   13 	   16321 	   11 
 123432 	   21181 	   26 	   19642 	   24 
 122663 	   16594 	   13 	   16414 	   13 
 124988 	   21106 	   30 	   22484 	   28 
 125596 	   17924 	   24 	   23814 	   19 
 125036 	   16435 	   24 	   19846 	   22 
 121876 	   17273 	   48 	   19961 	   44 
 120716 	   13856 	   19 	   13739 	   20 
 120665 	   15894 	   25 	   15144 	   25 
 120724 	   12060 	   18 	   12238 	   19 
 120927 	   10070 	   12 	   10202 	   13 
 120895 	   14491 	   23 	   13906 	   23 
 120365 	   17429 	   16 	   13849 	   16 
 119817 	   19046 	   17 	   15670 	   21 
 120296 	   18611 	   13 	   15051 	   13 
 128520 	   19833 	   42 	   33193 	   42 
 120654 	   15665 	   31 	   13475 	   34 
 122038 	   14429 	   13 	   15681 	   13 
 121515 	   15732 	   15 	   15227 	   16 
 118803 	   22347 	   17 	   17596 	   18 
 120139 	   23410 	   21 	   17325 	   22 
 117935 	   37865 	   40 	   25264 	   33 
 129844 	   30193 	   35 	   44661 	   32 
 125948 	   19364 	   25 	   26594 	   20 
 123043 	   13984 	   13 	   15692 	   13 
 123186 	   11720 	   15 	   12118 	   14 
 125887 	   21025 	  103 	   22244 	  108 
 125324 	   23937 	   19 	   26032 	   19 
 123857 	   17699 	   16 	   18194 	   16 
 125241 	   27209 	   26 	   26442 	   25 
 123910 	   21810 	   22 	   21736 	   20 
 124353 	   17021 	   15 	   18862 	   15 
 125432 	   25706 	   33 	   25460 	   33 
 124367 	   20848 	   25 	   19719 	   21 
 123042 	   14089 	   14 	   16190 	   13 
 124319 	   17754 	   27 	   17028 	   26 
 122894 	   17541 	   19 	   16865 	   16 
 123853 	   22968 	   39 	   23878 	   38 
 124359 	   15517 	   16 	   16948 	   15 
 123550 	   19955 	   27 	   19257 	   25 
 124131 	   21533 	   25 	   21576 	   20 
 123391 	   19247 	   25 	   18857 	   21 
 122533 	   12559 	   13 	   12596 	   12 
 125163 	   24281 	   26 	   31617 	   27 
 123672 	   18370 	   16 	   22369 	   16 
 122589 	   16986 	   16 	   19081 	   16 
 121863 	   16928 	   23 	   16969 	   21 
 119750 	   23722 	   20 	   18664 	   16 
 127486 	   46326 	   89 	   46263 	   84 
 122975 	   20106 	   23 	   19764 	   19 
 122515 	   16205 	   14 	   16861 	   12 
 122448 	   17667 	   25 	   15980 	   23 
 120532 	   21213 	   19 	   18070 	   25 
 121913 	   23541 	   30 	   21491 	   32 
 123681 	   14434 	   24 	   15294 	   18 
 124760 	   12413 	   16 	   14649 	   16 
 123164 	   22477 	   28 	   20035 	   25 
 123349 	   15936 	   19 	   16573 	   23 
 123867 	   15551 	   15 	   15942 	   16 
 122041 	   18336 	   30 	   18705 	   31 
 121917 	   15114 	   10 	   17681 	   10 
 121768 	   15157 	   16 	   15969 	   16 
 121215 	   12415 	   16 	   13301 	   15 
 122753 	   24510 	   34 	   20027 	   38 
 126077 	   15252 	   20 	   22984 	   20 
 122176 	   11686 	   14 	   13007 	   14 
 123472 	   25783 	   23 	   26556 	   24 
 121774 	   15875 	   21 	   13291 	   21 
 119817 	   22631 	   33 	   14846 	   32 
 127357 	   27835 	   87 	   34679 	   91 
 122783 	   16134 	   23 	   15777 	   19 
 120606 	   23565 	   23 	   19856 	   26 
 122755 	   14047 	   13 	   14830 	   13 
 121483 	   18619 	   21 	   16036 	   25 
 121171 	   18445 	   20 	   18331 	   28 
 121533 	   14897 	   19 	   16002 	   19 
 121340 	   14053 	   14 	   14689 	   18 
 122084 	   12412 	   15 	   15143 	   15 
 121490 	   10030 	   14 	   10513 	   12 
 123999 	   26764 	   48 	   22354 	   49 
 123044 	   18174 	   21 	   17838 	   23 
 123112 	   16360 	   22 	   16235 	   23 
 124440 	   13036 	   15 	   15128 	   13 
 123255 	   22750 	   23 	   20237 	   23 
 124472 	   17780 	   22 	   20233 	   23 
 124365 	   15451 	   19 	   19888 	   16 
 124705 	   15043 	   18 	   20426 	   18 
 122005 	   29197 	   32 	   25180 	   28 
 122131 	   13348 	   15 	   12576 	   14 
 119188 	   26825 	   75 	   19508 	   72 
 120222 	   10022 	   13 	   10593 	   15 
 120596 	   10619 	   14 	   10788 	   14 
 120341 	   14490 	   18 	   14255 	   18 
 120768 	   13427 	   13 	   13498 	   17 
 121232 	   16164 	   33 	   15675 	   33 
 121348 	   13398 	   13 	   14482 	   13 
 124844 	   18107 	   18 	   24233 	   18 
 121785 	   12944 	   14 	   13482 	   14 
 121964 	   27166 	   34 	   25845 	   38 
 119244 	   23759 	   31 	   17627 	   34 
 120844 	   16042 	   16 	   16580 	   14 
 121632 	   16116 	   17 	   15463 	   17 
 125075 	   13497 	   16 	   20361 	   16 
 120931 	   26606 	   31 	   22135 	   36 
 120369 	   19211 	   23 	   16233 	   27 
 127586 	   16717 	   20 	   29153 	   20 
 122396 	   30537 	   31 	   24737 	   31 
 118862 	   23123 	   26 	   15527 	   24 
 123477 	   14523 	   21 	   14210 	   19 
 127012 	   21869 	  133 	   30368 	  158 
 124422 	   17058 	   20 	   17603 	   17 
 127995 	   24921 	   56 	   33218 	   70 
 123754 	   19418 	   17 	   23447 	   17 
 124115 	   22256 	   48 	   26386 	   55 
 124774 	   21061 	   25 	   27592 	   26 
 123132 	   22195 	   22 	   26416 	   23 
 119486 	   26894 	   18 	   23018 	   19 
 122647 	   19915 	   14 	   23331 	   14 
 122411 	   25634 	   29 	   30852 	   30 
 116652 	   27505 	   17 	   21962 	   17 
 121639 	   20745 	   15 	   23644 	   14 
 118640 	   26932 	   18 	   24015 	   21 
 117760 	   30194 	   28 	   24283 	   29 
 122616 	   30406 	   28 	   32993 	   29 
 120091 	   20574 	   17 	   21269 	   16 
 121249 	   20943 	   20 	   22981 	   16 
 119983 	   21392 	   17 	   21925 	   14 
 118982 	   26212 	   18 	   25335 	   18 
 119708 	   24059 	   15 	   24474 	   14 
 119606 	   25523 	   22 	   25724 	   23 
 117242 	   25231 	   16 	   23215 	   18 
 122083 	   20337 	   16 	   21680 	   13 
 117023 	   29919 	   29 	   23593 	   32 
 118881 	   21160 	   19 	   17429 	   21 
 121746 	   27527 	   27 	   28682 	   27 
 120308 	   20943 	   12 	   22177 	   12 
 121326 	   23907 	   17 	   26842 	   17 
 120105 	   20256 	   14 	   21811 	   14 
 119394 	   27025 	   21 	   26104 	   21 
 119418 	   23555 	   14 	   23581 	   15 
 117905 	   26820 	   37 	   27449 	   36 
 117177 	   26470 	   13 	   25135 	   12 
 117292 	   36793 	   44 	   32199 	   52 
 121893 	   29246 	   41 	   35018 	   48 
 117821 	   22879 	   12 	   22548 	   11 
 118140 	   25269 	   17 	   26458 	   18 
 116210 	   21820 	   14 	   23675 	   15 
 116791 	   25468 	   19 	   21773 	   17 
 119445 	   26972 	   59 	   30527 	   75 
 118983 	   22618 	   23 	   28152 	   22 
 117120 	   28912 	   21 	   31158 	   22 
 113690 	   26364 	   19 	   23724 	   21 
 116933 	   25240 	   15 	   28472 	   14 
 113748 	   34133 	   24 	   28757 	   20 
 114703 	   25132 	   13 	   25432 	   23 
 119002 	   27015 	   27 	   30388 	   22 
 115215 	   29353 	   27 	   27836 	   24 
 116266 	   23808 	   15 	   27031 	   16 
 115866 	   26575 	   14 	   26829 	   12 
 114752 	   27860 	   14 	   29005 	   15 
 114279 	   28290 	   14 	   28657 	   13 
 112367 	   25211 	   11 	   24869 	   26 
 115159 	   35130 	   32 	   33164 	   30 
 114299 	   25273 	   15 	   24172 	   13 
 115455 	   27979 	   18 	   29106 	   15 
 113669 	   23886 	    9 	   24218 	   12 
 114535 	   23503 	   17 	   25135 	   15 
 113427 	   28909 	   66 	   29592 	   76 
 114300 	   27309 	   11 	   28432 	   11 
 111368 	   29017 	   15 	   26726 	   14 
 112449 	   22316 	   12 	   22963 	   14 
 113756 	   25109 	   15 	   25230 	   15 
 115123 	   31394 	   29 	   37845 	   30 
 111681 	   29513 	   17 	   23670 	    9 
 113490 	   25347 	   14 	   27734 	   15 
 111409 	   31194 	   14 	   29463 	   13 
 112444 	   27962 	   13 	   29471 	   15 
 111740 	   29250 	   23 	   28700 	   20 
 111743 	   23533 	   14 	   25460 	   15 
 111943 	   25516 	   13 	   26008 	   10 
 112903 	   32096 	   17 	   31091 	   17 
 111934 	   28087 	   13 	   27802 	   13 
 112846 	   30428 	   27 	   31048 	   28 
 112700 	   29945 	   25 	   29336 	   23 
 112266 	   26568 	   14 	   26555 	   13 
 112695 	   29071 	   15 	   29170 	   15 
 112455 	   25651 	   12 	   25379 	   12 
 112854 	   34879 	   64 	   34381 	   74 
 114389 	   26456 	   14 	   26114 	   19 
 115143 	   25361 	   18 	   26847 	   16 
 112940 	   32399 	   17 	   30920 	   16 
 112963 	   28574 	   13 	   28044 	   12 
 112162 	   32174 	   21 	   31973 	   46 
 114358 	   29787 	   44 	   23339 	   11 
 115265 	   36482 	   70 	   35348 	   69 
 117176 	   26618 	   22 	   28615 	   23 
 114755 	   28178 	   18 	   28120 	   19 
 115139 	   25068 	   12 	   25337 	   13 
 116109 	   29520 	   27 	   30407 	   32 
 114559 	   26485 	   17 	   29064 	   19 
 112731 	   29399 	   19 	   27380 	   21 
 113899 	   26058 	   18 	   26034 	   15 
 113755 	   28817 	   19 	   28643 	   19 
 113126 	   23764 	   14 	   24232 	   13 
 114012 	   28952 	   37 	   25639 	   39 
 115419 	   24796 	   17 	   26211 	   21 
 114218 	   23512 	   14 	   23252 	   12 
 114226 	   27918 	   21 	   27267 	   20 
 114727 	   24636 	   11 	   24784 	   11 
 115591 	   28959 	   30 	   29836 	   32 
 113418 	   24694 	   19 	   25575 	   26 
 113704 	   26764 	   28 	   23486 	   10 
 113537 	   30395 	   20 	   30638 	   22 
 115112 	   30904 	   38 	   30840 	   33 
 113331 	   26810 	   17 	   27268 	   17 
 113617 	   26443 	   17 	   24864 	   17 
 113446 	   22866 	   13 	   23889 	   12 
 112124 	   31574 	   55 	   31295 	   44 
 114119 	   27650 	   43 	   26125 	   50 
 115387 	   26321 	   23 	   26984 	   25 
 115228 	   31132 	   55 	   30731 	   61 
 113940 	   22827 	   12 	   25153 	   18 
 113667 	   25124 	   21 	   23246 	   14 
 114250 	   28755 	   20 	   28958 	   23 
 113480 	   23080 	   13 	   23826 	   11 
 113267 	   26325 	   17 	   25704 	   17 
 113259 	   27329 	   28 	   28099 	   30 
 113444 	   23324 	   12 	   24948 	   21 
 113590 	   30975 	   21 	   28156 	   19 
 114220 	   25923 	   15 	   27950 	   15 
 112882 	   31472 	   15 	   28262 	   13 
 114760 	   26838 	   18 	   27939 	   16 
 113375 	   30373 	   34 	   29822 	   43 
 114122 	   30280 	   31 	   29630 	   30 
 113467 	   26278 	   16 	   25589 	   19 
 113902 	   27170 	   17 	   25993 	   20 
 113719 	   24504 	   19 	   25531 	   18 
 112999 	   23172 	   15 	   22668 	   13 
 114109 	   27173 	   27 	   27043 	   28 
 115630 	   29049 	   22 	   30256 	   22 
 114937 	   22646 	   12 	   26952 	   26 
 114360 	   32908 	   36 	   29444 	   31 
 114477 	   23752 	   16 	   23893 	   14 
 113347 	   28100 	   22 	   25695 	   23 
 115119 	   29287 	   74 	   36088 	   85 
 113171 	   27529 	   23 	   24297 	   20 
 114610 	   27620 	   17 	   27660 	   17 
 113516 	   27721 	   17 	   26717 	   15 
 113898 	   22976 	   15 	   25947 	   15 
 114075 	   31016 	   21 	   31598 	   21 
 112421 	   32225 	   23 	   32572 	   23 
 114873 	   26857 	   21 	   31027 	   24 
 114017 	   32342 	   40 	   32570 	   42 
 112393 	   26688 	   14 	   26057 	   13 
 113128 	   25453 	   14 	   27554 	   13 
 110723 	   33156 	   24 	   30093 	   27 
 110917 	   26203 	   17 	   25762 	   17 
 112004 	   24104 	   14 	   26079 	   14 
 112825 	   32771 	   28 	   30793 	   31 
 112422 	   26963 	   15 	   27783 	   13 
 113660 	   32122 	   25 	   35134 	   24 
 109921 	   28021 	   17 	   26063 	   14 
 111240 	   28432 	   50 	   30470 	   62 
 111865 	   28480 	   32 	   25011 	   14 
 114646 	   27640 	   16 	   29580 	   16 
 113383 	   30346 	   17 	   31591 	   18 
 112072 	   36773 	   26 	   29476 	   20 
 113027 	   27048 	   15 	   27258 	   14 
 112593 	   31810 	   53 	   29152 	   64 
 113496 	   25009 	   29 	   24193 	   32 
 116917 	   27975 	   49 	   29089 	   55 
 115831 	   30132 	   25 	   31642 	   27 
 114081 	   26351 	   13 	   26483 	   12 
 114950 	   29918 	   25 	   29249 	   29 
 114780 	   26006 	   17 	   25929 	   15 
 114202 	   28495 	   17 	   27964 	   15 
 113977 	   24709 	   12 	   26670 	   16 
 115110 	   26794 	   19 	   23356 	   15 
 114223 	   27141 	   18 	   26159 	   16 
 115429 	   27025 	   33 	   29275 	   34 
 114752 	   30680 	   34 	   30836 	   30 
 113655 	   27873 	   15 	   27216 	   16 
 114450 	   25273 	   18 	   26030 	   16 
 113243 	   29807 	   18 	   30167 	   16 
 112282 	   27845 	   16 	   27350 	   19 
 113403 	   24799 	   15 	   24858 	   13 
 112941 	   29570 	   28 	   29565 	   31 
 113637 	   27623 	   28 	   26528 	   31 
 113793 	   34033 	   34 	   34184 	   30 
 113779 	   23309 	   13 	   24012 	   13 
 112852 	   29720 	   24 	   29965 	   27 
 112907 	   25983 	   20 	   25646 	   13 
 112563 	   30378 	   52 	   29608 	   48 
 110766 	   25999 	   16 	   25585 	   17 
 111413 	   24715 	   13 	   25509 	   12 
 111098 	   28073 	   25 	   27040 	   28 
 111168 	   28084 	   15 	   28443 	   15 
 111159 	   26997 	   26 	   27193 	   28 
 111353 	   25067 	   18 	   25331 	   18 
 112749 	   27186 	   17 	   27929 	   16 
 111117 	   30717 	   22 	   31768 	   20 
 110492 	   25709 	   12 	   27276 	   14 
 110693 	   26284 	   16 	   27026 	   13 
 110294 	   29918 	   39 	   29200 	   35 
 110518 	   30536 	   13 	   29866 	   14 
 110429 	   28561 	   25 	   28795 	   21 
 110531 	   25640 	   14 	   25340 	   14 
 112107 	   26632 	   11 	   30727 	   21 
 111007 	   34158 	   27 	   30656 	   24 
 110665 	   26079 	   12 	   25940 	   12 
 111449 	   27511 	   15 	   29302 	   14 
 110797 	   30722 	   22 	   30034 	   20 
 111314 	   29035 	   16 	   33050 	   20 
 110096 	   39132 	   62 	   36281 	   84 
 111418 	   31055 	   60 	   29496 	   44 
 112635 	   25982 	   11 	   26498 	   14 
 112407 	   29740 	   47 	   29338 	   53 
 111692 	   26827 	   15 	   27349 	   19 
 111490 	   26437 	   17 	   27205 	   16 
 110695 	   30107 	   15 	   29068 	   13 
 111160 	   27116 	   15 	   27456 	   17 
 111235 	   27241 	   16 	   28139 	   16 
 110605 	   30463 	   25 	   30668 	   37 
 111686 	   27969 	   32 	   32271 	   33 
 111026 	   29756 	   29 	   23596 	   18 
 112134 	   23406 	   14 	   23365 	   13 
 111876 	   28924 	   25 	   29546 	   23 
 110791 	   27752 	   18 	   28033 	   20 
 111313 	   30237 	   29 	   28800 	   28 
 111645 	   27639 	   16 	   27918 	   21 
 111955 	   27731 	   15 	   30168 	   15 
 111584 	   32184 	   21 	   29234 	   20 
 112773 	   28017 	   20 	   29072 	   17 
 112159 	   29830 	   19 	   29521 	   19 
 112093 	   30157 	   29 	   30800 	   32 
 112669 	   28736 	   31 	   28634 	   28 
 112654 	   30103 	   29 	   31000 	   29 
 111837 	   28150 	   18 	   28727 	   26 
 110741 	   28201 	   21 	   26793 	   27 
 111042 	   26506 	   23 	   26234 	   13 
 111443 	   34655 	  101 	   32746 	  105 
 111750 	   25636 	   10 	   28007 	   12 
 112060 	   28388 	   16 	   25632 	   17 
 111114 	   29407 	   18 	   29143 	   17 
 111535 	   25718 	   14 	   26171 	   12 
 112918 	   28238 	   22 	   28791 	   19 
 110837 	   32049 	   32 	   30165 	   37 
 110786 	   26180 	   16 	   24620 	   16 
 111435 	   24009 	   18 	   25698 	   16 
 111480 	   28816 	   19 	   27124 	   17 
 111035 	   26754 	   18 	   26667 	   19 
 110242 	   23987 	   13 	   26356 	   47 
 111799 	   27600 	   38 	   25847 	   15 
 112530 	   28869 	   23 	   28184 	   19 
 111242 	   27484 	   19 	   26532 	   15 
 111898 	   23734 	   20 	   23555 	   17 
 111380 	   25867 	   17 	   25501 	   14 
 111769 	   28099 	   30 	   29860 	   35 
 110801 	   26977 	   18 	   24858 	   20 
 111535 	   22680 	   12 	   24093 	   14 
 110945 	   26508 	   19 	   26223 	   19 
 110629 	   26457 	   21 	   25888 	   14 
 112033 	   29072 	   68 	   30483 	   74 
 110190 	   26584 	   15 	   24671 	   19 
 111887 	   23375 	   19 	   23959 	   16 
 112495 	   26982 	   22 	   26408 	   23 
 111319 	   27281 	   18 	   27723 	   17 
 111485 	   26992 	   37 	   26510 	   37 
 114177 	   24027 	   20 	   26641 	   16 
 112513 	   28778 	   21 	   26659 	   17 
 112735 	   27648 	   30 	   26955 	   27 
 112406 	   22877 	   14 	   26248 	   18 
 112835 	   26988 	   19 	   24663 	   18 
 111856 	   28345 	   36 	   26968 	   45 
 110517 	   24671 	   20 	   25046 	   18 
 110684 	   25185 	   24 	   24697 	   22 
 110343 	   21213 	   13 	   26259 	   17 
 110558 	   23168 	   17 	   24181 	   11 
 111643 	   25727 	   32 	   25632 	   34 
 112750 	   26826 	   20 	   28932 	   19 
 112575 	   27217 	   23 	   25495 	   23 
 111484 	   21942 	   13 	   23024 	   10 
 111795 	   24384 	   19 	   25009 	   16 
 112180 	   30845 	   69 	   29643 	   77 
 111816 	   25161 	   19 	   25244 	   19 
 110485 	   23276 	   12 	   23109 	   18 
 113377 	   23448 	   21 	   23633 	   17 
 112343 	   25555 	   21 	   24830 	   13 
 112501 	   26653 	   31 	   26103 	   37 
 111441 	   23436 	   20 	   23352 	   19 
 110241 	   21094 	   12 	   26544 	   22 
 112375 	   23417 	   19 	   22198 	   12 
 111199 	   23817 	   17 	   25750 	   12 
 113345 	   27905 	   43 	   29907 	   39 
 113101 	   27090 	   23 	   25244 	   17 
 113043 	   21943 	   12 	   22695 	   13 
 115327 	   28759 	   20 	   29444 	   21 
 115711 	   30539 	   26 	   31531 	   22 
 112191 	   24889 	   14 	   25343 	   37 
 112478 	   24943 	   34 	   22685 	   13 
 112315 	   24527 	   20 	   24830 	   14 
 113653 	   28433 	   25 	   29215 	   19 
 112436 	   27551 	   25 	   26124 	   19 
 114059 	   23302 	   16 	   26334 	   14 
 112507 	   37365 	   57 	   51998 	   79 
 115268 	   24214 	   15 	   37169 	   22 
 116671 	   23067 	   18 	   35000 	    9 
 117267 	   17741 	   16 	   27925 	   13 
 117355 	   18517 	   31 	   20100 	   35 
 118989 	   18895 	   21 	   19187 	   17 
 118081 	   20755 	   20 	   20057 	   19 
 118673 	   16859 	   17 	   18293 	   15 
 119782 	   15779 	   14 	   18071 	   42 
 117584 	   17374 	   38 	   15566 	   11 
 118316 	   16862 	   17 	   17860 	   14 
 118364 	   19199 	   22 	   19649 	   17 
 119101 	   18867 	   22 	   18600 	   18 
 118635 	   18432 	   31 	   18996 	   31 
 119492 	   14331 	   13 	   14992 	   12 
 121339 	   19448 	   19 	   21867 	   20 
 119730 	   24918 	   22 	   25225 	   22 
 119927 	   22065 	   25 	   24295 	   21 
 118819 	   21646 	   18 	   20274 	   18 
 108672 	  133180 	  163 	   68889 	  168 
 114466 	   28351 	   20 	   27275 	   16 
 113904 	   26859 	   16 	   31073 	   17 
 112947 	   31915 	   53 	   29808 	   60 
 114242 	   25540 	   20 	   26693 	   23 
 115599 	   36204 	   44 	   36392 	   49 
 115718 	   26549 	   14 	   31090 	   18 
 114398 	   31171 	   20 	   26928 	   18 
 115933 	   24821 	   14 	   28978 	   15 
 114391 	   30350 	   24 	   27876 	   24 
 114891 	   26894 	   15 	   27567 	   13 
 116277 	   32075 	   23 	   31129 	   22 
 114535 	   29229 	   15 	   28601 	   16 
 112985 	   31837 	   32 	   28135 	   30 
 116868 	   38243 	   31 	   41304 	   35 
 115235 	   25825 	   15 	   27392 	   14 
 115401 	   28953 	   20 	   30391 	   20 
 114793 	   26923 	   13 	   25320 	   12 
 115779 	   30216 	   21 	   30159 	   20 
 115516 	   23089 	   11 	   26317 	   16 
 114943 	   30134 	   22 	   27334 	   21 
 114793 	   28607 	   15 	   28110 	   14 
 115670 	   29723 	   19 	   30797 	   17 
 114477 	   31015 	   17 	   30178 	   17 
 114300 	   33660 	   30 	   31846 	   26 
 114512 	   37443 	   36 	   39111 	   37 
 114651 	   28056 	   13 	   30415 	   13 
 114214 	   31540 	   18 	   29653 	   18 
 115121 	   26427 	   13 	   26131 	   11 
 114753 	   29519 	   18 	   29164 	   17 
 113343 	   26876 	    9 	   28577 	   10 
 114179 	   32324 	   27 	   31064 	   29 
 114235 	   25954 	   11 	   26849 	   12 
 112004 	   33797 	   28 	   29123 	   28 
 116447 	   41426 	   48 	   46038 	   55 
 113873 	   26659 	   14 	   27559 	   14 
 115243 	   29733 	   19 	   30525 	   17 
 114850 	   26383 	   14 	   26075 	   13 
 114615 	   28416 	   20 	   27327 	   21 
 115783 	   22375 	   14 	   25838 	   13 
 117655 	   31387 	   58 	   34664 	   62 
 115490 	   23402 	   19 	   30979 	   20 
 113844 	   28572 	   19 	   24113 	   11 
 115784 	   31059 	   24 	   30315 	   26 
 111765 	   26711 	   15 	   23660 	   17 
 114242 	   24414 	   12 	   26001 	   10 
 114729 	   32270 	   23 	   33803 	   24 
 111554 	   31955 	   14 	   26369 	   14 
 112993 	   22391 	   16 	   26750 	   18 
 114518 	   26852 	   17 	   30650 	   17 
 112504 	   25834 	   15 	   22792 	   13 
 110400 	   37313 	   36 	   35438 	   39 
 115446 	   26188 	   18 	   27971 	   20 
 118541 	   32378 	   32 	   39916 	   30 
 115513 	   22905 	   12 	   25440 	   12 
 111268 	   32718 	   16 	   26652 	   15 
 113772 	   26441 	   18 	   27283 	   19 
 115924 	   23804 	   18 	   28784 	   17 
 116217 	   28498 	   48 	   34446 	   49 
 111570 	   25522 	   14 	   24262 	   13 
 111910 	   22756 	   11 	   23458 	   17 
 113445 	   24870 	   20 	   22928 	   14 
 113178 	   25823 	   12 	   25625 	   12 
 114018 	   26956 	   33 	   26187 	   32 
 114594 	   21964 	   13 	   22552 	   14 
 114237 	   24592 	   15 	   24667 	   18 
 112986 	   27891 	   13 	   26960 	   14 
 116035 	   23409 	   15 	   27794 	   16 
 113347 	   29848 	   27 	   25857 	   27 
 117347 	   30518 	   30 	   41830 	   33 
 113010 	   28720 	   20 	   22328 	   12 
 111034 	   31401 	   19 	   24599 	   18 
 114441 	   27905 	   19 	   28131 	   19 
 115396 	   24939 	   16 	   28546 	   16 
 116732 	   25889 	   24 	   33189 	   25 
 115720 	   21843 	   13 	   22648 	   14 
 116237 	   26390 	   15 	   25681 	   17 
 114174 	   26238 	   17 	   27060 	   14 
 118511 	   28584 	   64 	   39392 	   84 
 115366 	   25205 	   36 	   23429 	   14 
 114783 	   34127 	   25 	   32351 	   26 
 115996 	   27313 	   14 	   28442 	   12 
 115843 	   25444 	   13 	   27553 	   14 
 112989 	   32556 	   25 	   27912 	   25 
 112819 	   37509 	   37 	   31709 	   37 
 110809 	   32772 	   21 	   27242 	   22 
 107857 	   38459 	   81 	   29143 	   85 
 108981 	   33096 	   35 	   25431 	   41 
 112027 	   28042 	   16 	   25358 	   11 
 113474 	   38528 	   62 	   40642 	   69 
 112198 	   25878 	   16 	   26666 	   15 
 113073 	   25690 	   14 	   24809 	   13 
 114726 	   28893 	   29 	   32504 	   28 
 115288 	   27732 	   17 	   31714 	   17 
 113920 	   23321 	   12 	   23908 	   13 
 113624 	   27485 	   17 	   26623 	   20 
 113634 	   33050 	   22 	   30713 	   24 
 115782 	   25616 	   17 	   28999 	   17 
 113958 	   28997 	   31 	   29623 	   33 
 113943 	   29149 	   21 	   27994 	   23 
 114547 	   27636 	   13 	   27820 	   11 
 114645 	   24794 	   12 	   25406 	   12 
 114239 	   28920 	   25 	   27921 	   23 
 113479 	   28289 	   18 	   26971 	   17 
 111474 	   35006 	   29 	   30768 	   27 
 110589 	   29749 	   18 	   27286 	   18 
 112559 	   39597 	   42 	   38286 	   44 
 112918 	   28028 	   25 	   34277 	   23 
 114565 	   27966 	   18 	   31893 	   20 
 112822 	   25355 	   11 	   24440 	   12 
 113945 	   29047 	   15 	   30199 	   17 
 113023 	   27403 	   28 	   28190 	   27 
 114180 	   22221 	   12 	   27006 	   14 
 113707 	   29080 	   15 	   27313 	   13 
 113337 	   29411 	   19 	   30182 	   26 
 111892 	   30835 	   21 	   28984 	   23 
 113834 	   25070 	   15 	   30265 	   20 
 113340 	   23738 	   12 	   23779 	   13 
 114732 	   25345 	   18 	   26942 	   17 
 118485 	   25546 	   21 	   33233 	   21 
 111108 	   32968 	   17 	   24756 	   18 
 113394 	   26778 	   17 	   25810 	   19 
 116131 	   20272 	   15 	   28829 	   16 
 115449 	   32965 	   37 	   30509 	   42 
 111236 	   27481 	   19 	   23724 	   47 
 112580 	   28451 	   43 	   20834 	   14 
 113800 	   27573 	   17 	   23682 	   17 
 113114 	   32662 	   35 	   32124 	   36 
 115242 	   24801 	   18 	   29445 	   16 
 114596 	   28016 	   15 	   29620 	   19 
 112096 	   25099 	   15 	   21658 	   15 
 114910 	   20833 	   14 	   22181 	   13 
 118609 	   26017 	   29 	   37353 	   27 
 114557 	   26602 	   21 	   20410 	   12 
 117651 	   25431 	   14 	   28642 	   13 
 116599 	   24412 	   63 	   28361 	   79 
 117532 	   24192 	   17 	   26265 	   20 
 116709 	   28545 	   20 	   26462 	   19 
 116539 	   22223 	   13 	   21876 	    9 
 115710 	   24688 	   21 	   23922 	   21 
 117337 	   27844 	   21 	   27656 	   20 
 116723 	   21575 	   13 	   22923 	   14 
 117176 	   26380 	   26 	   24751 	   28 
 115849 	   25253 	   41 	   23962 	   43 
 117246 	   19020 	   14 	   20568 	   15 
 116577 	   23020 	   21 	   21957 	   19 
 116041 	   27147 	   21 	   26654 	   20 
 115670 	   19089 	   14 	   20198 	   14 
 115392 	   24435 	   22 	   23051 	   19 
 116916 	   27633 	   28 	   27680 	   29 
 116615 	   21713 	   14 	   21917 	   12 
 116574 	   31213 	   26 	   29943 	   25 
 116521 	   20820 	   14 	   21382 	   14 
 116374 	   22238 	   18 	   22474 	   17 
 118256 	   27234 	   46 	   27654 	   51 
 117885 	   25655 	   19 	   24821 	   18 
 117467 	   26182 	   15 	   25619 	   13 
 117664 	   31328 	   26 	   30559 	   24 
 116194 	   24113 	   11 	   23975 	   12 
 116650 	   27236 	   55 	   27023 	   59 
 115484 	   25290 	   31 	   25911 	   26 
 115829 	   29749 	   54 	   32400 	   57 
 116812 	   28756 	   23 	   29101 	   23 
 116357 	   22075 	   10 	   22284 	   13 
 116695 	   27962 	   21 	   26482 	   22 
 116490 	   23545 	   20 	   22919 	   22 
 117397 	   23777 	   14 	   24706 	   17 
 117608 	   21755 	   13 	   22469 	   12 
 116543 	   27647 	   22 	   25983 	   21 
 116006 	   22016 	   11 	   23525 	   17 
 116620 	   27445 	   31 	   27016 	   34 
 116053 	   26141 	   27 	   27324 	   25 
 115855 	   24566 	   16 	   24200 	   15 
 117132 	   22386 	   16 	   24475 	   15 
 115724 	   26769 	   16 	   24813 	   16 
 115356 	   24273 	   15 	   24051 	   17 
 116182 	   22857 	   18 	   23496 	   16 
 115662 	   25340 	   22 	   25056 	   26 
 114065 	   25109 	   15 	   24004 	   30 
 114740 	   28933 	   36 	   29464 	   32 
 115311 	   24301 	   14 	   24126 	   13 
 115153 	   27981 	   22 	   28724 	   22 
 114707 	   24662 	   14 	   25114 	   12 
 113886 	   27278 	   44 	   26540 	   46 
 113644 	   20830 	   12 	   21359 	   13 
 114614 	   23840 	   21 	   23845 	   21 
 113380 	   26497 	   22 	   25647 	   23 
 114573 	   23125 	   19 	   24843 	   21 
 113842 	   21731 	   12 	   21463 	   13 
 113463 	   29100 	   26 	   27107 	   28 
 114757 	   24442 	   17 	   25855 	   19 
 113316 	   29014 	   21 	   28302 	   23 
 114433 	   22609 	   12 	   21658 	   12 
 114650 	   24214 	   16 	   24279 	   14 
 113926 	   26884 	   37 	   27058 	   36 
 114093 	   25116 	   25 	   23453 	   23 
 115113 	   20847 	   13 	   24516 	   16 
 114982 	   29498 	   26 	   25628 	   21 
 114768 	   25489 	   20 	   25915 	   23 
 115277 	   22149 	   18 	   23334 	   17 
 114494 	   25902 	   26 	   25057 	   28 
 114698 	   26021 	   17 	   26522 	   19 
 114482 	   30426 	   22 	   28194 	   20 
 114826 	   22975 	   12 	   23857 	   17 
 114469 	   34334 	   58 	   33828 	   59 
 115026 	   26439 	   56 	   27597 	   65 
 115651 	   24999 	   27 	   27731 	   26 
 115315 	   28766 	   60 	   28312 	   56 
 114143 	   22627 	   13 	   22918 	   13 
 114966 	   25666 	   17 	   25863 	   16 
 114581 	   26491 	   17 	   25930 	   14 
 114402 	   22573 	   15 	   21789 	   15 
 115108 	   24316 	   20 	   25064 	   17 
 114097 	   26271 	   24 	   25667 	   29 
 113847 	   26395 	   31 	   25614 	   29 
 114617 	   27992 	   29 	   28860 	   31 
 114773 	   24224 	   15 	   24673 	   14 
 114598 	   26062 	   19 	   27434 	   23 
 114034 	   25877 	   18 	   23905 	   13 
 114649 	   24391 	   28 	   25320 	   29 
 116267 	   20677 	   13 	   21524 	   16 
 115237 	   24098 	   16 	   22636 	   16 
 115015 	   26079 	   17 	   25693 	   17 
 115915 	   23125 	   18 	   24477 	   16 
 116296 	   26207 	   19 	   25494 	   17 
 115357 	   30510 	   30 	   28738 	   29 
 115905 	   22866 	   30 	   23783 	   30 
 116468 	   22722 	   14 	   23819 	   18 
 116063 	   29419 	   30 	   28306 	   33 
 115126 	   23317 	   15 	   21788 	   13 
 117153 	   24308 	   24 	   27398 	   25 
 116389 	   28057 	   87 	   31252 	  114 
 115170 	   24364 	   45 	   20850 	   14 
 115353 	   25418 	   18 	   25839 	   17 
 114832 	   25408 	   20 	   25143 	   19 
 115542 	   21653 	   12 	   22389 	   12 
 113184 	   27609 	   16 	   24733 	   12 
 114861 	   27540 	   26 	   29894 	   26 
 111280 	   27929 	   19 	   23873 	   18 
 115684 	   27240 	   23 	   30751 	   23 
 112751 	   26315 	   23 	   26082 	   25 
 113300 	   21550 	   13 	   24131 	   14 
 113927 	   23611 	   16 	   24561 	   14 
 112375 	   31682 	   47 	   27981 	   50 
 114215 	   26114 	   21 	   26400 	   21 
 113329 	   21842 	   11 	   23235 	   11 
 114172 	   27588 	   22 	   26952 	   22 
 112070 	   27897 	   14 	   26097 	   14 
 112793 	   26610 	   28 	   27338 	   28 
 112659 	   21777 	   14 	   22868 	   15 
 111876 	   24101 	   14 	   24946 	   15 
 111869 	   26717 	   22 	   26897 	   23 
 111326 	   26450 	   16 	   24552 	   14 
 109782 	   27337 	   55 	   24895 	   53 
 111054 	   31904 	   25 	   28555 	   27 
 114532 	   26431 	   16 	   31642 	   15 
 111466 	   28481 	   21 	   26754 	   26 
 113226 	   24584 	   13 	   24985 	   13 
 112659 	   22148 	   13 	   22666 	   14 
 108165 	   38375 	   27 	   27978 	   28 
 112813 	   25870 	   15 	   27544 	   14 
 116122 	   28188 	   17 	   39377 	   30 
 110456 	   35297 	   26 	   24791 	   27 
 115314 	   26050 	   16 	   33087 	   17 
 113183 	   27192 	   50 	   26679 	   48 
 111062 	   24001 	   20 	   21796 	   19 
 113101 	   21241 	   15 	   23688 	   12 
 110381 	   27730 	   25 	   25320 	   24 
 109521 	   26343 	   11 	   23781 	   12 
 111570 	   29396 	   32 	   28329 	   33 
 111697 	   26882 	   15 	   25325 	   13 
 112056 	   24529 	   17 	   26008 	   18 
 112557 	   27636 	   29 	   28132 	   28 
 112713 	   26595 	   16 	   26873 	   18 
 112855 	   31585 	   87 	   29667 	   98 
 112302 	   22519 	   13 	   24047 	   14 
 112493 	   23525 	   16 	   22544 	   13 
 111451 	   30746 	   25 	   29505 	   21 
 113601 	   26156 	   15 	   28621 	   15 
 111784 	   27239 	   25 	   26086 	   24 
 111280 	   21006 	   13 	   22066 	   12 
 110081 	   23767 	   11 	   23232 	   13 
 110323 	   27628 	   22 	   25606 	   21 
 110567 	   26717 	   11 	   26117 	   13 
 110428 	   27595 	   45 	   27492 	   43 
 114469 	   24297 	   20 	   25466 	   18 
 112577 	   24949 	   16 	   24459 	   14 
 113428 	   28235 	   16 	   27150 	   19 
 112789 	   25743 	   22 	   27840 	   20 
 114237 	   26262 	   18 	   25049 	   17 
 112229 	   27476 	   26 	   28265 	   29 
 112701 	   25420 	   15 	   26366 	   17 
 111163 	   28281 	   26 	   26258 	   24 
 112700 	   24637 	   13 	   26009 	   13 
 113339 	   29568 	   17 	   29162 	   18 
 105072 	   39766 	   48 	   35617 	   51 
  99899 	   46549 	   15 	   35132 	   14 
 100416 	   43885 	   25 	   36000 	   23 
 102582 	   35493 	   14 	   31583 	   13 
 109090 	   28743 	   29 	   27534 	   31 
 108786 	   29249 	   21 	   27932 	   18 
 109255 	   27894 	   31 	   27338 	   29 
 110236 	   23744 	   13 	   24365 	   13 
 110145 	   30617 	   17 	   29888 	   19 
 109068 	   31143 	   47 	   30158 	   50 
 109442 	   27604 	   15 	   27909 	   15 
 109994 	   27822 	   30 	   26890 	   26 
 109578 	   23835 	   17 	   23574 	   20 
 110708 	   27652 	   16 	   26803 	   16 
 112032 	   29343 	   31 	   32757 	   32 
 111553 	   34066 	   17 	   33049 	   18 
 110727 	   37801 	   34 	   33293 	   27 
 113707 	   28663 	   17 	   35583 	   16 
 111885 	   33917 	   20 	   30506 	   16 
 144545 	   68323 	  116 	  118830 	  122 
 120656 	   46367 	   70 	   37195 	   70 
 117411 	   25960 	   25 	   27320 	   25 
 116995 	   21485 	   13 	   21008 	   14 
 115770 	   25311 	   15 	   25458 	   14 
 117475 	   24859 	   15 	   25072 	   14 
 115640 	   22289 	   11 	   21165 	   11 
 115609 	   27300 	   22 	   24441 	   21 
 116070 	   30780 	   35 	   27462 	   34 
 115823 	   40490 	   59 	   42317 	   56 
 117709 	   23286 	   17 	   22509 	   13 
 117268 	   21869 	   13 	   21081 	    9 
 115663 	   26217 	   14 	   24960 	   13 
 117335 	   25191 	   14 	   24656 	   14 
 118256 	   26762 	   24 	   27959 	   24 
 117151 	   21350 	   13 	   25985 	   23 
 118429 	   26332 	   23 	   28534 	   17 
 117327 	   22912 	   13 	   23158 	   10 
 116149 	   27535 	   15 	   25186 	   15 
 116503 	   21162 	   11 	   21470 	   14 
 119575 	   27609 	   25 	   28258 	   25 
 117873 	   21346 	   12 	   22531 	   13 
 116533 	   27113 	   22 	   24893 	   21 
 117758 	   22712 	   20 	   24000 	   18 
 118725 	   27242 	   16 	   27683 	   17 
 116327 	   30779 	   17 	   26705 	   15 
 115051 	   28605 	   56 	   28494 	   60 
 117898 	   26033 	   16 	   31652 	   18 
 116957 	   27136 	   16 	   25402 	   13 
 116866 	   21592 	   13 	   21217 	   13 
 119503 	   21424 	   30 	   23845 	   23 
 117066 	   28499 	   34 	   25907 	   26 
 117530 	   21800 	   13 	   22849 	   11 
 117015 	   30814 	   36 	   28971 	   38 
 117292 	   21450 	   17 	   22774 	   15 
 116951 	   26593 	   15 	   25835 	   15 
 117777 	   22136 	   15 	   22867 	   14 
 116453 	   29283 	   22 	   28367 	   21 
 118490 	   27131 	   25 	   26969 	   21 
 117510 	   23389 	   13 	   23035 	   12 
 117726 	   26690 	   28 	   28884 	   26 
 117281 	   26862 	   32 	   24567 	   31 
 118539 	   24644 	   22 	   25462 	   21 
 117323 	   25612 	   17 	   24807 	   16 
 117358 	   28027 	   20 	   26822 	   20 
 116242 	   31943 	   45 	   29031 	   41 
 117581 	   22944 	   16 	   22591 	   15 
 116547 	   31308 	   35 	   27612 	   33 
 120048 	   23589 	   20 	   26988 	   17 
 117942 	   26852 	   19 	   26430 	   18 
 116408 	   22074 	   13 	   21581 	   14 
 117253 	   33496 	   26 	   30903 	   27 
 119152 	   24583 	   18 	   28962 	   15 
 117526 	   24120 	   13 	   25229 	   13 
 115604 	   30234 	   24 	   24743 	   22 
 118030 	   25237 	   19 	   23581 	   19 
 118789 	   21170 	   13 	   22855 	   14 
 117327 	   23970 	   16 	   22440 	   17 
 116504 	   34648 	   30 	   26235 	   33 
 118676 	   33557 	  106 	   31543 	  116 
 119562 	   23392 	   30 	   22320 	   31 
 120180 	   21670 	   24 	   22564 	   20 
 119881 	   24297 	   20 	   24682 	   17 
 119565 	   19101 	   20 	   21110 	   19 
 119260 	   20957 	   20 	   18123 	   11 
 120266 	   27533 	   31 	   28545 	   30 
 119549 	   21625 	   13 	   23116 	   13 
 120631 	   25283 	   16 	   26621 	   17 
 119473 	   20562 	   15 	   20343 	   17 
 119357 	   23920 	   19 	   23155 	   16 
 120296 	   24329 	   21 	   24736 	   19 
 119798 	   21538 	   14 	   22390 	   14 
 118310 	   35576 	   52 	   33667 	   49 
 119151 	   19190 	   16 	   20742 	   13 
 118959 	   22057 	   18 	   21886 	   14 
 118557 	   24831 	   26 	   25547 	   25 
 116559 	   21956 	   15 	   20471 	   14 
 118131 	   19695 	   18 	   20858 	   16 
 121684 	   36593 	   32 	   38200 	   31 
 118569 	   23706 	   13 	   22586 	   14 
 119457 	   24301 	   31 	   25292 	   29 
 118276 	   21827 	   16 	   22420 	   14 
 118171 	   22141 	   22 	   20752 	   19 
 117872 	   21099 	   23 	   20970 	   20 
 119501 	   26668 	   51 	   33337 	   49 
 121087 	   29452 	   43 	   34828 	   41 
 118208 	   24249 	   13 	   25391 	   13 
 117941 	   27472 	   16 	   27352 	   15 
 118443 	   24406 	   14 	   25563 	   14 
 116954 	   35907 	   23 	   31984 	   20 
 119302 	   20226 	   14 	   25636 	   12 
 117311 	   26210 	   17 	   24221 	   14 
 117991 	   30371 	   26 	   30356 	   26 
 115443 	   25781 	   17 	   21739 	   18 
 117576 	   27959 	   24 	   25144 	   24 
 118152 	   19780 	   18 	   24453 	   16 
 118646 	   21584 	   15 	   21558 	   11 
 114096 	   37471 	   31 	   27474 	   31 
 120667 	   31265 	   45 	   36149 	   43 
 116895 	   24157 	   13 	   23446 	   12 
 119420 	   25078 	   25 	   26405 	   26 
 118643 	   25508 	   31 	   28602 	   28 
 119429 	   24893 	   23 	   26429 	   22 
 114654 	   25354 	   16 	   24027 	   17 
 115765 	   29792 	   30 	   28559 	   30 
 117705 	   22933 	   21 	   24894 	   22 
 116281 	   19656 	   17 	   21423 	   16 
 114801 	   34222 	   29 	   26825 	   30 
 117789 	   23111 	   21 	   22308 	   20 
 117137 	   24663 	   15 	   24057 	   15 
 118633 	   32930 	   42 	   27681 	   41 
 120218 	   22354 	   18 	   20389 	   17 
 121484 	   20450 	   28 	   22958 	   29 
 121099 	   21816 	   16 	   22014 	   19 
 119828 	   27674 	   27 	   24564 	   22 
 119033 	   22755 	   19 	   23675 	   21 
 119493 	   26920 	   95 	   24564 	  100 
 118100 	   22322 	   22 	   20799 	   21 
 119506 	   21143 	   18 	   21848 	   18 
 119334 	   20868 	   22 	   20634 	   29 
 118791 	   24581 	   19 	   22047 	   20 
 121027 	   23283 	   36 	   26007 	   36 
 119188 	   22002 	   18 	   21416 	   19 
 119897 	   21528 	   29 	   21232 	   28 
 119640 	   21849 	   26 	   22281 	   26 
 119581 	   17610 	   15 	   16959 	   14 
 120821 	   22393 	   24 	   23723 	   23 
 120248 	   18638 	   18 	   21169 	   20 
 120106 	   26494 	   48 	   22840 	   54 
 119632 	   23832 	   19 	   23663 	   19 
 120575 	   25396 	   26 	   24762 	   20 
 118864 	   22987 	   22 	   24022 	   21 
 122065 	   25839 	   26 	   27184 	   22 
 120775 	   28011 	   39 	   26141 	   35 
 120374 	   19368 	   15 	   19778 	   16 
 119955 	   29644 	   24 	   27518 	   25 
 120475 	   29916 	   25 	   29700 	   25 
 120990 	   19867 	   16 	   24088 	   23 
 119024 	   23552 	   24 	   19717 	   13 
 121807 	   22853 	   22 	   27337 	   21 
 121641 	   25704 	   68 	   28058 	   63 
 119159 	   24640 	   25 	   25180 	   29 
 119134 	   21459 	   13 	   22790 	   12 
 119219 	   24938 	   35 	   27289 	   32 
 118360 	   19281 	   19 	   24021 	   17 
 115760 	   37742 	   30 	   31773 	   28 
 117960 	   26279 	   20 	   27987 	   19 
 116265 	   23638 	   14 	   25812 	   16 
 116320 	   32644 	   27 	   26154 	   22 
 116280 	   21914 	   13 	   20896 	   14 
 117661 	   25427 	   22 	   22839 	   24 
 118323 	   28728 	   54 	   28386 	   52 
 120065 	   21408 	   15 	   21912 	   15 
 119418 	   30992 	   27 	   30465 	   28 
 119847 	   25339 	   20 	   26160 	   20 
 119587 	   23862 	   17 	   24627 	   15 
 121425 	   29378 	   35 	   31275 	   33 
 117178 	   25205 	   18 	   24587 	   18 
 117365 	   28274 	   29 	   26409 	   22 
 120516 	   28137 	   24 	   29803 	   24 
 119526 	   26756 	   18 	   28123 	   18 
 118111 	   33769 	   28 	   28893 	   28 
 117771 	   24075 	   16 	   24764 	   14 
 119756 	   28861 	   25 	   28683 	   23 
 120589 	   30529 	   41 	   28987 	   43 
 117530 	   23183 	   16 	   24235 	   20 
 119015 	   28605 	   24 	   27670 	   19 
 118447 	   23340 	   18 	   22833 	   19 
 119138 	   23162 	   23 	   24025 	   22 
 119204 	   25224 	   37 	   23522 	   39 
 120290 	   23118 	   21 	   25799 	   22 
 119480 	   30308 	   27 	   28197 	   21 
 120649 	   22010 	   16 	   23826 	   17 
 124063 	   36317 	  147 	   40266 	  157 
 120712 	   18173 	   16 	   20381 	   25 
 122696 	   24975 	   51 	   25372 	   53 
 121945 	   17499 	   16 	   18344 	   16 
 122123 	   24121 	   41 	   24858 	   47 
 122457 	   24369 	   20 	   24890 	   20 
 122526 	   17903 	   15 	   18390 	   16 
 122649 	   21042 	   20 	   22334 	   21 
 122482 	   20372 	   20 	   19940 	   22 
 122038 	   18500 	   17 	   18331 	   17 
 121961 	   24480 	   31 	   24201 	   29 
 121465 	   18344 	   15 	   18648 	   13 
 121988 	   18285 	   15 	   17735 	   11 
 120845 	   33271 	   28 	   28161 	   28 
 121815 	   20225 	   14 	   20280 	   14 
 121859 	   23098 	   29 	   23437 	   24 
 121613 	   21681 	   13 	   22128 	   15 
 121341 	   24507 	   22 	   22016 	   19 
 120862 	   23697 	   41 	   28447 	   47 
 122185 	   20081 	   26 	   20207 	   15 
 122654 	   23394 	   16 	   23728 	   17 
 122136 	   20271 	   11 	   22342 	   11 
 122295 	   28548 	   25 	   26171 	   26 
 122041 	   20566 	   16 	   22190 	   16 
 122415 	   16778 	   14 	   18282 	   14 
 121848 	   21602 	   21 	   20121 	   23 
 122135 	   21774 	   12 	   21019 	   13 
 121908 	   18606 	   14 	   18678 	   14 
 121747 	   24913 	   19 	   24338 	   20 
 122882 	   19120 	   20 	   20778 	   20 
 122188 	   17104 	   12 	   17760 	   12 
 121778 	   22933 	   28 	   20307 	   30 
 122737 	   17300 	   13 	   18885 	   12 
 123053 	   37594 	   47 	   38057 	   56 
 121701 	   20261 	   16 	   20813 	   16 
 122327 	   18595 	   15 	   19433 	   15 
 122110 	   16160 	   14 	   17329 	   14 
 122126 	   19424 	   16 	   18036 	   17 
 123434 	   19103 	   21 	   20599 	   23 
 126736 	   27268 	   54 	   32763 	   61 
 121713 	   17789 	   11 	   18900 	   11 
 121312 	   22656 	   21 	   19863 	   21 
 124292 	   27235 	   23 	   28952 	   25 
 122571 	   19454 	   11 	   19951 	   12 
 120327 	   24440 	   16 	   21097 	   14 
 122278 	   22717 	   23 	   23848 	   23 
 120726 	   19118 	   14 	   17660 	   13 
 120725 	   18185 	   17 	   18533 	   18 
 120915 	   22546 	   23 	   22320 	   26 
 122721 	   19251 	   18 	   23434 	   17 
 120219 	   20410 	   22 	   19673 	   24 
 123893 	   31460 	   37 	   33075 	   40 
 122194 	   16624 	   10 	   15874 	   10 
 125475 	   22524 	   29 	   29763 	   30 
 120981 	   19837 	   14 	   17486 	   15 
 121421 	   15510 	   15 	   15201 	   15 
 124084 	   20579 	   22 	   24793 	   22 
 123824 	   19645 	   50 	   24377 	   50 
 120122 	   13527 	   14 	   13878 	   14 
 120209 	   17092 	   19 	   15966 	   19 
 121020 	   19275 	   23 	   19310 	   26 
 123150 	   19054 	   18 	   23249 	   18 
 118992 	   17372 	   13 	   14186 	   13 
 120397 	   19483 	   32 	   17352 	   31 
 121950 	   19208 	   18 	   20088 	   19 
 121244 	   18245 	   24 	   17207 	   27 
 120940 	   14490 	   12 	   15795 	   12 
 125684 	   15561 	   12 	   25219 	   21 
 117873 	   30015 	   34 	   18478 	   37 
 123993 	   18371 	   22 	   24045 	   21 
 118372 	   24546 	   19 	   18350 	   20 
 123076 	   19668 	   17 	   21663 	   17 
 121500 	   14725 	   14 	   19356 	   17 
 121285 	   14029 	   13 	   15708 	   12 
 122945 	   17651 	   25 	   18990 	   24 
 121743 	   18628 	   15 	   19153 	   16 
 122201 	   16244 	   14 	   15551 	   12 
 123037 	   17300 	   20 	   21892 	   17 
 125824 	   26890 	   71 	   30831 	   63 
 121424 	   21963 	   25 	   17986 	   26 
 123554 	   13910 	   13 	   17366 	   13 
 123271 	   18169 	   14 	   18259 	   15 
 121633 	   21199 	   21 	   19437 	   19 
 119817 	   27577 	   38 	   21878 	   40 
 119664 	   19372 	   21 	   15339 	   20 
 117021 	   25562 	   84 	   19285 	   90 
 115250 	   31913 	   40 	   20220 	   42 
 117389 	   25521 	   18 	   19322 	   19 
 121927 	   23621 	   70 	   28513 	   74 
 122511 	   21117 	   21 	   22880 	   21 
 121225 	   23071 	   19 	   23304 	   18 
 121628 	   17979 	   14 	   18234 	   15 
 123774 	   21099 	   28 	   25515 	   27 
 122174 	   18723 	   17 	   20312 	   16 
 122760 	   21252 	   20 	   23006 	   19 
 118486 	   24431 	   19 	   18708 	   20 
 123956 	   20138 	   21 	   25549 	   23 
 121654 	   15175 	   14 	   16838 	   15 
 121617 	   20917 	   23 	   18389 	   22 
 123174 	   19454 	   28 	   22013 	   28 
 121362 	   19350 	   15 	   16133 	   12 
 122269 	   20225 	   13 	   21621 	   13 
 122607 	   16731 	   11 	   17970 	   13 
 118451 	   29079 	   29 	   21542 	   31 
 121048 	   17181 	   12 	   18270 	   12 
 118018 	   24952 	   15 	   20635 	   16 
 122116 	   31339 	   40 	   31992 	   43 
 124724 	   22966 	   28 	   31223 	   29 
 121280 	   18967 	   16 	   20092 	   15 
 121023 	   18824 	   13 	   19110 	   13 
 120304 	   16036 	   16 	   15960 	   16 
 121238 	   19701 	   30 	   22092 	   31 
 122659 	   19132 	   18 	   22828 	   17 
 121414 	   15441 	   12 	   15442 	   13 
 118265 	   25862 	   26 	   21312 	   28 
 121551 	   15055 	   13 	   18397 	   14 
 121163 	   20401 	   19 	   19714 	   14 
 124079 	   20596 	   19 	   26308 	   20 
 123441 	   16884 	   15 	   20061 	   14 
 122735 	   22542 	   20 	   22801 	   20 
 120916 	   18436 	   19 	   15193 	   20 
 121210 	   25098 	   19 	   22040 	   19 
 126241 	   16481 	   22 	   25215 	   20 
 119898 	   22902 	   38 	   17330 	   40 
 119566 	   22273 	   37 	   16545 	   39 
 118510 	   27593 	   16 	   19995 	   17 
 121691 	   17305 	   14 	   17291 	   14 
 121456 	   23650 	   41 	   25172 	   43 
 123025 	   17905 	   19 	   21839 	   21 
 121455 	   14049 	   14 	   15284 	   15 
 120624 	   19147 	   13 	   16156 	   12 
 123201 	   18779 	   27 	   21208 	   27 
 124532 	   16565 	   17 	   20530 	   16 
 124164 	   15780 	   16 	   17958 	   16 
 123682 	   14727 	   13 	   14574 	   13 
 125238 	   23940 	   40 	   27591 	   46 
 124470 	   17829 	   18 	   17943 	   18 
 123060 	   13692 	   13 	   13337 	   14 
 124541 	   22292 	   22 	   22263 	   21 
 124216 	   17436 	   17 	   16183 	   16 
 123784 	   14717 	   15 	   15241 	   12 
 123732 	   21472 	   32 	   20735 	   33 
 123123 	   15152 	   18 	   15140 	   16 
 122676 	   12301 	   14 	   12889 	   14 
 122660 	   17349 	   24 	   16334 	   24 
 123596 	   17807 	   17 	   18559 	   16 
 121955 	   13591 	   16 	   13700 	   16 
 124352 	   23033 	   34 	   21899 	   34 
 123830 	   17876 	   32 	   17047 	   37 
 123870 	   12669 	   12 	   13025 	   12 
 123270 	   21700 	   21 	   20716 	   20 
 123563 	   13956 	   17 	   14531 	   17 
 123741 	   18884 	   25 	   18537 	   24 
 124021 	   21457 	   59 	   21147 	   59 
 125062 	   15037 	   20 	   15060 	   22 
 124981 	   19107 	   22 	   18958 	   17 
 124827 	   17331 	   17 	   17168 	   16 
 123831 	   18204 	   14 	   17766 	   14 
 124131 	   17986 	   42 	   17834 	   44 
 123297 	   13793 	   14 	   14727 	   14 
 122859 	   22583 	   57 	   22526 	   56 
 120726 	   12842 	   13 	   13095 	   13 
 120835 	   15684 	   21 	   16093 	   21 
 121072 	   19148 	   26 	   18695 	   23 
 121248 	   16672 	   19 	   17304 	   20 
 121083 	   14029 	   13 	   14283 	   13 
 121386 	   18185 	   32 	   18163 	   34 
 121776 	   19757 	   23 	   18882 	   25 
 121325 	   15746 	   20 	   16717 	   23 
 121300 	   14347 	   11 	   13895 	   11 
 121452 	   19987 	   17 	   19024 	   17 
 122185 	   18058 	   35 	   18101 	   38 
 120832 	   15245 	   21 	   15251 	   20 
 121669 	   19921 	   22 	   19767 	   20 
 121597 	   18081 	   20 	   18352 	   21 
 120701 	   14388 	   12 	   15241 	   16 
 121141 	   16492 	   16 	   14060 	   12 
 121545 	   18737 	   24 	   17968 	   25 
 121901 	   18445 	   21 	   18646 	   20 
 122322 	   16090 	   14 	   15679 	   13 
 120958 	   18800 	   16 	   17689 	   17 
 122115 	   30681 	   66 	   29416 	   75 
 123249 	   20221 	   42 	   23634 	   40 
 122871 	   19074 	   22 	   20813 	   22 
 123349 	   22361 	   61 	   22861 	   67 
 124042 	   19115 	   20 	   18816 	   18 
 123640 	   15821 	   18 	   16112 	   16 
 124183 	   14538 	   20 	   14979 	   20 
 123505 	   19159 	   26 	   17583 	   24 
 124936 	   17626 	   26 	   19523 	   27 
 123865 	   16254 	   14 	   14374 	   12 
 123012 	   19121 	   12 	   18597 	   12 
 123841 	   15265 	   14 	   16153 	   14 
 122267 	   22982 	   24 	   21092 	   22 
 122984 	   16363 	   17 	   16641 	   16 
 122040 	   19975 	   15 	   18789 	   15 
 121876 	   14601 	   12 	   14893 	   12 
 122537 	   23843 	   21 	   23489 	   23 
 122298 	   16164 	   19 	   16455 	   19 
 123027 	   23878 	   27 	   23527 	   27 
 121991 	   15602 	   10 	   15305 	   10 
 122144 	   23700 	   38 	   22926 	   42 
 123557 	   15812 	   22 	   18217 	   23 
 123454 	   19222 	   32 	   21744 	   33 
 123576 	   18621 	   17 	   19279 	   17 
 122179 	   16268 	   17 	   15981 	   15 
 122439 	   14383 	   15 	   15481 	   15 
 122283 	   18409 	   53 	   19022 	   60 
 121863 	   18440 	   18 	   17678 	   16 
 122274 	   14564 	   13 	   15148 	   13 
 122308 	   21494 	   23 	   20624 	   22 
 121824 	   15527 	   19 	   16472 	   19 
 122088 	   14593 	   13 	   13956 	   12 
 121903 	   21323 	   30 	   20883 	   32 
 121421 	   20120 	   26 	   18730 	   25 
 122759 	   15576 	   16 	   16095 	   16 
 121810 	   20678 	   14 	   19922 	   17 
 123552 	   17578 	   21 	   17595 	   18 
 122916 	   20109 	   19 	   19283 	   20 
 123012 	   16949 	   21 	   18177 	   21 
 122982 	   22599 	   32 	   21588 	   33 
 122884 	   21217 	   20 	   20984 	   21 
 123345 	   15969 	   16 	   16687 	   16 
 122362 	   17225 	   36 	   16337 	   34 
 121892 	   13998 	   16 	   14105 	   16 
 122621 	   18421 	   15 	   18712 	   14 
 122321 	   16961 	   19 	   16719 	   15 
 123580 	   20528 	   35 	   22188 	   37 
 123100 	   16830 	   14 	   16909 	   13 
 123716 	   20574 	   21 	   20654 	   20 
 123180 	   16290 	   15 	   17458 	   15 
 124200 	   21345 	  115 	   22432 	  127 
 122982 	   17627 	   16 	   17519 	   14 
 122721 	   14473 	   12 	   14657 	   12 
 122789 	   21183 	   16 	   19718 	   16 
 122897 	   17288 	   15 	   18450 	   15 
 122976 	   14719 	   25 	   16327 	   26 
 121478 	   18897 	   22 	   18438 	   22 
 119254 	   28181 	   29 	   21409 	   28 
 123261 	   16015 	   16 	   23254 	   16 
 121309 	   19152 	   18 	   18170 	   17 
 120890 	   18397 	   15 	   18218 	   15 
 121552 	   18629 	   27 	   19529 	   27 
 119580 	   22249 	   24 	   17916 	   25 
 121154 	   27664 	   24 	   27422 	   23 
 120938 	   14247 	   12 	   15347 	   12 
 122424 	   19825 	   21 	   21703 	   21 
 120621 	   16200 	   13 	   17609 	   13 
 119257 	   25855 	   28 	   21982 	   28 
 121167 	   19735 	   15 	   22906 	   15 
 119125 	   19011 	   18 	   17802 	   18 
 119852 	   13815 	   10 	   14008 	   10 
 119247 	   14710 	   12 	   15051 	   12 
 115864 	   32545 	   58 	   23697 	   64 
 121048 	   16401 	   14 	   21024 	   14 
 120804 	   15445 	   18 	   18321 	   18 
 119455 	   15199 	   15 	   14380 	   15 
 118755 	   21272 	   13 	   20972 	   14 
 120071 	   25228 	   21 	   23561 	   20 
 119967 	   21646 	   17 	   19052 	   18 
 118329 	   30120 	   26 	   24086 	   26 
 121833 	   18641 	   18 	   23290 	   18 
 120967 	   16528 	   15 	   18756 	   15 
 121511 	   15986 	   12 	   18624 	   12 
 120329 	   18851 	   36 	   18991 	   35 
 119492 	   17647 	   13 	   16762 	   13 
 119161 	   18116 	   16 	   18647 	   16 
 117007 	   18181 	   15 	   16712 	   15 
 116913 	   21698 	   34 	   17125 	   34 
 120570 	   14758 	   15 	   17048 	   13 
 118281 	   24403 	   17 	   19714 	   16 
 120932 	   24471 	   22 	   28392 	   22 
 117430 	   25515 	   20 	   21491 	   22 
 121839 	   15767 	   16 	   20594 	   13 
 118818 	   31099 	   64 	   26724 	   68 
 120430 	   17196 	   14 	   19011 	   14 
 120239 	   14279 	   14 	   17354 	   18 
 121266 	   18469 	   16 	   18572 	   12 
 119442 	   19987 	   16 	   18056 	   16 
 119738 	   21112 	   28 	   21920 	   29 
 118316 	   18344 	   18 	   18878 	   19 
 117407 	   19614 	   17 	   20250 	   19 
 119672 	   17048 	   17 	   16162 	   16 
 117578 	   15407 	   14 	   14377 	   14 
 119255 	   28003 	   34 	   24215 	   33 
 121022 	   18630 	   13 	   18630 	   13 
 122116 	   24941 	   21 	   26292 	   20 
 120057 	   19286 	   16 	   16374 	   16 
 123211 	   23787 	   20 	   26930 	   20 
 121258 	   28740 	   34 	   27655 	   33 
 121292 	   14234 	   11 	   19548 	   18 
 118807 	   19799 	   17 	   15708 	   15 
 120260 	   23947 	   19 	   23179 	   19 
 120663 	   28530 	   20 	   27486 	   21 
 120416 	   21509 	   59 	   24834 	   64 
 103844 	   43755 	   18 	   31581 	   18 
 108633 	   32500 	   20 	   26050 	   19 
 108690 	   31572 	   17 	   24945 	   16 
 114660 	   22066 	   34 	   20740 	   36 
 116890 	   17030 	   12 	   16910 	   12 
 117863 	   20610 	   22 	   19744 	   22 
 116788 	   22299 	   20 	   19592 	   20 
 117581 	   26033 	   18 	   24485 	   18 
 118364 	   21211 	   42 	   23949 	   44 
 117360 	   17762 	   18 	   16345 	   17 
 116482 	   20374 	   13 	   18361 	   13 
 118730 	   22909 	   23 	   25022 	   22 
 117050 	   29913 	   22 	   25660 	   20 
 118791 	   27255 	   39 	   28303 	   40 
 117570 	   22749 	   20 	   21735 	   20 
 118209 	   23430 	   17 	   25669 	   16 
 117522 	   34887 	   22 	   31514 	   22 
 120054 	   30851 	   20 	   34112 	   21 
 135567 	   41341 	  107 	   64729 	  123 
 148902 	   59752 	   67 	   80042 	   67 
 123434 	   15783 	   23 	   14912 	   24 
 124463 	   15082 	   18 	   16340 	   16 
 123855 	   18939 	   22 	   18063 	   18 
 123948 	   14165 	   16 	   14227 	   15 
 123632 	   16928 	   12 	   16345 	   12 
 123134 	   19977 	   21 	   17604 	   21 
 122321 	   25852 	   43 	   21178 	   40 
 123335 	   25917 	   61 	   22926 	   59 
 125865 	   20492 	   27 	   23650 	   27 
 123851 	   15447 	   16 	   14379 	   14 
 125462 	   18624 	   22 	   20913 	   21 
 124771 	   15703 	   13 	   15312 	   13 
 123566 	   16384 	   15 	   14935 	   16 
 125995 	   15330 	   21 	   17276 	   20 
 126896 	   19874 	   52 	   24226 	   56 
 125052 	   15943 	   17 	   17867 	   17 
 124237 	   18500 	   22 	   18806 	   22 
 124031 	   16001 	   13 	   15600 	   13 
 121850 	   22593 	   17 	   17023 	   17 
 127845 	   16807 	   22 	   22853 	   22 
 124674 	   19384 	   21 	   19358 	   21 
 124692 	   17365 	   19 	   17226 	   22 
 124339 	   19966 	   15 	   18682 	   14 
 123426 	   16643 	   23 	   14821 	   22 
 123917 	   14361 	   16 	   13079 	   14 
 125322 	   24996 	   44 	   23885 	   40 
 126513 	   19071 	   32 	   23124 	   26 
 125038 	   20433 	   18 	   20642 	   18 
 125101 	   19455 	   23 	   19614 	   23 
 124678 	   20509 	   32 	   20231 	   28 
 123919 	   15616 	   16 	   14960 	   15 
 124869 	   18112 	   29 	   17744 	   25 
 124329 	   25501 	   33 	   24551 	   32 
 124518 	   15628 	   15 	   15099 	   14 
 124453 	   15502 	   20 	   15888 	   19 
 125282 	   20215 	   19 	   19986 	   16 
 124586 	   18491 	   13 	   18020 	   14 
 125576 	   17961 	   23 	   18397 	   20 
 124878 	   17882 	   29 	   17348 	   22 
 125295 	   21249 	   46 	   22363 	   44 
 124575 	   17759 	   16 	   17289 	   15 
 125419 	   14582 	   15 	   15166 	   14 
 124303 	   22879 	   26 	   21911 	   25 
 124401 	   20514 	   56 	   18110 	   51 
 124850 	   14825 	   14 	   14782 	   15 
 122944 	   21086 	   17 	   17630 	   17 
 126920 	   25030 	   37 	   26611 	   37 
 125093 	   14123 	   16 	   15543 	   15 
 124971 	   20520 	   26 	   20660 	   27 
 122549 	   20215 	   17 	   16467 	   17 
 125837 	   20238 	   20 	   20688 	   19 
 126494 	   16454 	   14 	   20095 	   14 
 122648 	   20911 	   20 	   16154 	   19 
 124213 	   15120 	   14 	   13341 	   13 
 125533 	   17033 	   20 	   16178 	   20 
 126029 	   18712 	   15 	   19742 	   15 
 123530 	   24207 	   25 	   20279 	   21 
 122066 	   39778 	  109 	   31077 	  117 
 123184 	   21274 	   29 	   20506 	   29 
 122937 	   17070 	   13 	   17508 	   13 
 122103 	   19252 	   19 	   18320 	   19 
 124153 	   24984 	   22 	   26898 	   23 
 123553 	   19687 	   23 	   19496 	   19 
 123733 	   20499 	   37 	   20544 	   36 
 122100 	   19272 	   17 	   19311 	   19 
 122482 	   18976 	   22 	   20245 	   21 
 123384 	   19452 	   21 	   19845 	   19 
 122672 	   16659 	   13 	   16062 	   13 
 122121 	   21623 	   22 	   19829 	   21 
 124757 	   28022 	   35 	   30580 	   32 
 123879 	   17432 	   14 	   17994 	   15 
 124456 	   21871 	   15 	   21559 	   15 
 123880 	   20625 	   20 	   20407 	   18 
 124884 	   18247 	   16 	   20192 	   16 
 125068 	   21649 	   19 	   21161 	   18 
 123631 	   17429 	   12 	   17757 	   11 
 124929 	   28770 	   30 	   28025 	   29 
 124619 	   20115 	   30 	   19951 	   28 
 123934 	   17663 	   20 	   17938 	   20 
 123498 	   16554 	   13 	   17295 	   13 
 123720 	   19686 	   22 	   19191 	   22 
 124348 	   18147 	   14 	   19572 	   15 
 123445 	   14667 	   16 	   15670 	   15 
 123498 	   21513 	   75 	   21799 	   89 
 121525 	   18360 	   21 	   18549 	   23 
 122635 	   23294 	   25 	   20244 	   23 
 122396 	   16783 	   15 	   17979 	   17 
 121930 	   22633 	   20 	   21590 	   18 
 124101 	   26657 	   39 	   26651 	   50 
 123235 	   17062 	   21 	   16649 	   23 
 121561 	   20385 	   22 	   18093 	   16 
 124043 	   25546 	   28 	   27468 	   27 
 124675 	   22327 	   21 	   24904 	   17 
 123681 	   16532 	   16 	   15992 	   14 
 124100 	   26406 	   47 	   25622 	   47 
 123240 	   20845 	   22 	   20369 	   22 
 123215 	   16043 	   13 	   17193 	   13 
 123256 	   17454 	   23 	   16648 	   23 
 122948 	   21315 	   19 	   19870 	   18 
 123488 	   16276 	   14 	   17958 	   14 
 124635 	   36456 	   43 	   33983 	   40 
 123613 	   20120 	   26 	   19626 	   26 
 124548 	   19535 	   25 	   19182 	   24 
 124480 	   17375 	   17 	   17221 	   17 
 124242 	   18711 	   25 	   20572 	   25 
 124622 	   15852 	   13 	   18142 	   13 
 124957 	   15936 	   18 	   18467 	   16 
 130635 	   24950 	   62 	   34326 	   61 
 125469 	   17952 	   17 	   20343 	   17 
 124727 	   18383 	   17 	   18761 	   17 
 125114 	   20654 	   18 	   23463 	   18 
 121968 	   20083 	   17 	   16004 	   18 
 124830 	   18718 	   17 	   19715 	   17 
 123859 	   19319 	   16 	   19367 	   16 
 124846 	   24535 	   39 	   25642 	   41 
 124083 	   17836 	   14 	   19602 	   14 
 123352 	   24240 	   22 	   22413 	   20 
 123409 	   18910 	   13 	   22476 	   13 
 123823 	   22292 	   23 	   23116 	   23 
 121636 	   21345 	   14 	   16641 	   15 
 122827 	   22750 	   18 	   19676 	   18 
 124757 	   16468 	   15 	   19578 	   13 
 124498 	   15223 	   12 	   19513 	   12 
 119177 	   36870 	   32 	   24868 	   30 
 127186 	   26646 	   27 	   31738 	   27 
 122811 	   18807 	   26 	   18625 	   25 
 123770 	   14446 	   17 	   18144 	   22 
 120711 	   17993 	   20 	   12717 	   12 
 122208 	   17062 	   24 	   16637 	   23 
 121732 	   26480 	   27 	   21945 	   27 
 122917 	   20387 	   17 	   17293 	   16 
 124343 	   14569 	   14 	   17168 	   14 
 121600 	   34566 	   36 	   26283 	   37 
 123526 	   15288 	   15 	   14733 	   15 
 123454 	   22618 	   29 	   22530 	   29 
 123075 	   18532 	   12 	   18711 	   10 
 124048 	   26501 	   22 	   27854 	   21 
 122656 	   22589 	   19 	   21502 	   17 
 122862 	   31490 	   59 	   29707 	   53 
 122111 	   19320 	   13 	   20238 	   13 
 123324 	   22609 	   20 	   21629 	   19 
 124784 	   33033 	   46 	   34185 	   46 
 123574 	   20705 	   13 	   21101 	   13 
 124183 	   25006 	   19 	   26899 	   18 
 124165 	   21841 	   14 	   21629 	   14 
 125590 	   28482 	   40 	   30625 	   41 
 124358 	   16292 	   28 	   18740 	   27 
 124092 	   18072 	   25 	   23335 	   26 
 120918 	   21982 	   20 	   18141 	   20 
 122814 	   21166 	   21 	   21470 	   21 
 120713 	   24575 	   19 	   19602 	   18 
 124273 	   18717 	   25 	   20460 	   25 
 121844 	   31209 	   22 	   27115 	   22 
 123008 	   18597 	   12 	   19021 	   12 
 124202 	   37332 	   35 	   36254 	   36 
 123192 	   23866 	   25 	   23711 	   24 
 124634 	   22680 	   22 	   26551 	   23 
 122679 	   15464 	   13 	   14431 	   13 
 122741 	   17709 	   23 	   17328 	   23 
 121049 	   25419 	   23 	   21758 	   22 
 123269 	   26588 	   31 	   25402 	   31 
 122420 	   29552 	   21 	   28326 	   18 
 123550 	   33216 	   39 	   31027 	   41 
 122002 	   19525 	   14 	   19597 	   13 
 122830 	   23910 	   21 	   24985 	   20 
 122678 	   21194 	   19 	   19677 	   16 
 122751 	   22131 	   25 	   23069 	   25 
 122486 	   26347 	   28 	   24213 	   28 
 122710 	   18131 	   15 	   19219 	   12 
 123081 	   27926 	   23 	   26341 	   23 
 123045 	   21189 	   16 	   22933 	   16 
 124376 	   34108 	  138 	   35901 	  139 
 122530 	   14719 	   20 	   15072 	   23 
 122596 	   18015 	   21 	   17987 	   16 
 123181 	   18673 	   23 	   18387 	   17 
 122641 	   15123 	   15 	   15716 	   15 
 123066 	   19145 	   22 	   18978 	   12 
 122777 	   20676 	   27 	   20538 	   25 
 124098 	   22355 	   41 	   23488 	   40 
 123397 	   16004 	   22 	   17374 	   19 
 123837 	   28469 	   61 	   28290 	   71 
 122373 	   16766 	   16 	   16769 	   15 
 123833 	   20029 	   20 	   19804 	   20 
 123090 	   16182 	   10 	   16644 	   10 
 123328 	   19644 	   16 	   19580 	   14 
 124119 	   17797 	   16 	   18127 	   16 
 123749 	   24108 	   46 	   24920 	   46 
 122747 	   19311 	   19 	   19424 	   18 
 122491 	   17968 	   19 	   18130 	   18 
 122951 	   15496 	   16 	   16121 	   14 
 122955 	   20388 	   19 	   20434 	   17 
 123308 	   16684 	   17 	   16657 	   16 
 123724 	   20934 	   36 	   21918 	   35 
 123527 	   17296 	   13 	   16078 	   14 
 123746 	   19244 	   18 	   20768 	   22 
 122915 	   17131 	   13 	   15799 	   13 
 123676 	   21814 	   20 	   21718 	   19 
 123766 	   29325 	   32 	   28672 	   26 
 123803 	   24175 	   26 	   26008 	   25 
 122424 	   22597 	   21 	   22614 	   19 
 122356 	   19774 	   17 	   19798 	   14 
 123643 	   20915 	   40 	   22073 	   40 
 121806 	   16561 	   13 	   16803 	   13 
 122075 	   20297 	   24 	   18669 	   27 
 122531 	   27532 	   29 	   27984 	   29 
 121545 	   18040 	   14 	   16593 	   15 
 122767 	   18803 	   17 	   19900 	   18 
 123078 	   23202 	   19 	   24913 	   15 
 122159 	   22313 	   22 	   22736 	   19 
 121675 	   19830 	   15 	   19708 	   15 
 121270 	   19636 	   29 	   16435 	   15 
 119831 	   26462 	   42 	   23664 	   48 
 122874 	   18784 	   17 	   17633 	   17 
 123259 	   16934 	   15 	   18596 	   14 
 121852 	   27085 	   26 	   25123 	   26 
 122393 	   23098 	   61 	   19196 	   53 
 123597 	   14904 	   12 	   15270 	   15 
 123009 	   19344 	   21 	   19017 	   20 
 124782 	   26562 	   33 	   27385 	   33 
 123608 	   17040 	   13 	   17693 	   13 
 123194 	   21884 	   24 	   22350 	   21 
 122950 	   20120 	   17 	   20121 	   17 
 122506 	   21296 	   17 	   21288 	   19 
 122334 	   16513 	   11 	   16085 	   11 
 122024 	   17108 	   15 	   17211 	   14 
 122298 	   19680 	   29 	   18060 	   28 
 123821 	   21022 	   17 	   21820 	   17 
 122118 	   22446 	   15 	   18906 	   15 
 123414 	   22355 	   24 	   20654 	   22 
 123684 	   32148 	  132 	   30879 	  139 
 125967 	   19315 	   42 	   24244 	   39 
 122412 	   17026 	   14 	   16495 	   13 
 123907 	   19838 	   17 	   21872 	   16 
 120505 	   27173 	   23 	   22399 	   26 
 123407 	   18215 	   16 	   18021 	   16 
 122331 	   19832 	   13 	   19438 	   13 
 124067 	   26680 	   31 	   28553 	   31 
 121000 	   21613 	   18 	   19833 	   18 
 122244 	   19848 	   24 	   17268 	   22 
 123375 	   16267 	   14 	   17637 	   14 
 123679 	   17370 	   19 	   21617 	   17 
 121502 	   34562 	   38 	   29831 	   37 
 122495 	   18895 	   14 	   17001 	   14 
 124834 	   20766 	   16 	   23625 	   16 
 122280 	   21572 	   18 	   21408 	   17 
 123287 	   21022 	   14 	   22746 	   13 
 122670 	   19865 	   16 	   20446 	   16 
 121272 	   21197 	   17 	   22019 	   18 
 124079 	   36230 	   36 	   36217 	   33 
 122391 	   16548 	   11 	   19471 	   22 
 121102 	   22125 	   16 	   23243 	   16 
 121562 	   21294 	   15 	   23649 	   16 
 119305 	   25901 	   31 	   21319 	   30 
 120701 	   21500 	   13 	   18298 	   13 
 120886 	   20664 	   16 	   19710 	   16 
 120265 	   26194 	   69 	   24894 	   66 
 120112 	   21832 	   18 	   21443 	   18 
 120836 	   19733 	   16 	   20038 	   15 
 123376 	   24327 	   24 	   29012 	   22 
 118862 	   21620 	   18 	   21125 	   18 
 121302 	   34854 	   38 	   33741 	   38 
 120941 	   21933 	   23 	   24554 	   23 
 119983 	   21175 	   16 	   19892 	   16 
 119883 	   29645 	   26 	   27918 	   28 
 121993 	   22115 	   20 	   23883 	   21 
 122519 	   22335 	   18 	   27601 	   18 
 118625 	   37498 	   51 	   31072 	   49 
 121479 	   21218 	   21 	   22050 	   21 
 122035 	   20539 	   16 	   26184 	   16 
 125632 	   22872 	   31 	   34376 	   30 
 121401 	   25512 	   31 	   28114 	   33 
 122790 	   26268 	   20 	   31210 	   22 
 118137 	   29014 	   15 	   27645 	   15 
 118513 	   30538 	   24 	   28050 	   26 
 118817 	   27766 	   15 	   24462 	   12 
 118684 	   25496 	   14 	   23501 	   15 
 118364 	   33536 	   26 	   29015 	   28 
 119594 	   22285 	   13 	   19660 	   14 
 120025 	   21362 	   16 	   19545 	   16 
 121184 	   33338 	   63 	   26216 	   60 
 124528 	   25204 	   41 	   31518 	   42 
 122062 	   23215 	   17 	   23023 	   17 
 122196 	   25559 	   19 	   29844 	   20 
 119265 	   25183 	   13 	   23508 	   13 
 121837 	   23684 	   14 	   24415 	   14 
 118582 	   25977 	   17 	   25247 	   17 
 120971 	   29887 	   30 	   29433 	   29 
 122421 	   25916 	   24 	   32377 	   22 
 117197 	   26845 	   15 	   20002 	   15 
 121413 	   23513 	   13 	   33264 	   13 
 117277 	   33099 	   24 	   29675 	   24 
 117492 	   22905 	   16 	   21813 	   15 
 119858 	   21479 	   18 	   22639 	   17 
 117244 	   26223 	   16 	   23476 	   16 
 120772 	   22569 	   14 	   25049 	   14 
 117903 	   36439 	   28 	   32716 	   26 
 121670 	   24603 	   27 	   30303 	   27 
 118844 	   28202 	   21 	   28598 	   19 
 117387 	   22508 	   20 	   24249 	   20 
 116863 	   26291 	   14 	   22986 	   14 
 118093 	   20934 	   15 	   24510 	   15 
 114780 	   44785 	   38 	   30555 	   38 
 118692 	   21426 	   14 	   20185 	   14 
 120372 	   27758 	   17 	   27472 	   16 
 120493 	   44386 	   65 	   42434 	   65 
 117869 	   21664 	   19 	   20375 	   15 
 122495 	   23442 	   14 	   34528 	   16 
 125255 	   40701 	   42 	   46485 	   41 
 121713 	   24326 	   17 	   31912 	   19 
 117561 	   23674 	   12 	   21064 	   13 
 119989 	   19606 	   14 	   27277 	   14 
 117606 	   34610 	   44 	   33397 	   45 
 118401 	   26448 	   21 	   28652 	   18 
 118583 	   28022 	   23 	   36930 	   24 
 114308 	   37974 	   21 	   33118 	   19 
 114747 	   30400 	   20 	   25390 	   20 
 111870 	   41603 	   39 	   22619 	   19 
 124475 	   26080 	   24 	   49647 	   36 
 116882 	   28277 	   19 	   26181 	   20 
 119650 	   23128 	   16 	   36070 	   18 
 115092 	   36307 	   21 	   30775 	   22 
 114991 	   31033 	   17 	   26709 	   16 
 114769 	   49835 	   38 	   39958 	   38 
 114830 	   27880 	   14 	   24428 	   14 
 119708 	   27839 	   18 	   33107 	   17 
 112583 	   38537 	   22 	   25869 	   23 
 120160 	   27603 	   23 	   30638 	   25 
 115965 	   36420 	   20 	   25721 	   17 
 117101 	   39382 	   42 	   25844 	   36 
 122195 	   16781 	   14 	   17655 	   17 
 122364 	   24604 	   25 	   24603 	   25 
 121086 	   20421 	   10 	   20674 	   10 
 124369 	   23166 	   20 	   31272 	   21 
 117885 	   31969 	   18 	   23326 	   19 
 120734 	   36577 	   35 	   30233 	   37 
 122868 	   18646 	   20 	   22090 	   18 
 121714 	   17594 	   19 	   17184 	   13 
 119684 	   19290 	   17 	   16864 	   19 
 120293 	   24066 	   25 	   19414 	   24 
 122912 	   27491 	   28 	   22714 	   28 
 125367 	   18975 	   15 	   25054 	   12 
 123831 	   24618 	   18 	   25228 	   17 
 120705 	   23362 	   21 	   15797 	   20 
 119010 	   43540 	  140 	   27677 	  142 
 123650 	   43867 	   63 	   36051 	   65 
 124319 	   24298 	   17 	   23741 	   17 
 125415 	   30799 	   24 	   30054 	   24 
 124442 	   19372 	   17 	   18991 	   16 
 124170 	   30613 	   20 	   25834 	   20 
 126034 	   25475 	   16 	   25390 	   15 
 128255 	   34709 	   49 	   39749 	   54 
 124534 	   20878 	   13 	   21601 	   13 
 124351 	   21023 	   25 	   20968 	   27 
 124219 	   22057 	   25 	   21509 	   20 
 124256 	   18513 	   14 	   17553 	   14 
 124469 	   18914 	   23 	   17957 	   20 
 124414 	   26967 	   38 	   26394 	   38 
 124753 	   17639 	   16 	   18136 	   15 
 124828 	   26399 	   22 	   25197 	   22 
 124856 	   18880 	   15 	   19207 	   16 
 125052 	   27615 	   19 	   27465 	   23 
 124915 	   21460 	   17 	   22001 	   17 
 124344 	   19752 	   15 	   20013 	   15 
 125918 	   22563 	   26 	   21812 	   26 
 125004 	   21607 	   41 	   21260 	   45 
 124319 	   24210 	   21 	   24325 	   21 
 124575 	   16543 	   15 	   15752 	   15 
 125257 	   28169 	   25 	   27328 	   24 
 124378 	   20130 	   14 	   20118 	   14 
 124859 	   28211 	   21 	   27368 	   21 
 124982 	   19794 	   15 	   21695 	   15 
 125090 	   28737 	   36 	   27345 	   40 
 125292 	   17929 	   15 	   17291 	   15 
 125625 	   23603 	   28 	   26299 	   26 
 123121 	   39311 	   63 	   30315 	   67 
 124080 	   22806 	   26 	   22391 	   27 
 123561 	   25244 	   22 	   21607 	   23 
 122751 	   23000 	   15 	   22989 	   17 
 125197 	   22502 	   16 	   25075 	   16 
 123911 	   30497 	   20 	   28500 	   24 
 123844 	   23208 	   16 	   22565 	   15 
 124108 	   24809 	   18 	   24162 	   18 
 125612 	   27001 	   30 	   28802 	   31 
 122121 	   23489 	   18 	   22609 	   18 
 124070 	   22554 	   18 	   24346 	   18 
 124775 	   29057 	   25 	   28535 	   27 
 124606 	   20930 	   18 	   25323 	   18 
 126332 	   34179 	   45 	   37987 	   46 
 121002 	   29955 	   20 	   22545 	   19 
 124130 	   26542 	   18 	   28135 	   17 
 126621 	   22678 	   20 	   25113 	   11 
 120995 	   18597 	   16 	   17502 	   23 
 124099 	   22141 	   13 	   18161 	   13 
 125195 	   22450 	   20 	   24554 	   19 
 127451 	   28832 	   26 	   35183 	   26 
 123635 	   24847 	   15 	   24361 	   15 
 127443 	   24533 	   25 	   30338 	   23 
 129241 	   28961 	   47 	   36309 	   45 
 126430 	   29610 	   65 	   30620 	   74 
 121302 	   32973 	   30 	   24133 	   30 
 124892 	   28163 	   28 	   28889 	   28 
 123249 	   27458 	   18 	   24950 	   18 
 123972 	   21254 	   17 	   20658 	   17 
 125808 	   27823 	   18 	   25366 	   18 
 122966 	   25099 	   15 	   24477 	   15 
 125379 	   23725 	   17 	   26818 	   17 
 124275 	   29427 	   19 	   28385 	   19 
 125812 	   36506 	   28 	   37549 	   28 
 121545 	   27108 	   20 	   21166 	   19 
 123177 	   24078 	   15 	   22006 	   14 
 125143 	   28171 	   17 	   27098 	   20 
 121360 	   24931 	   13 	   21625 	   14 
 124352 	   26476 	   19 	   29790 	   19 
 126122 	   25902 	   18 	   28958 	   17 
 127899 	   30011 	   28 	   36372 	   28 
 123545 	   23520 	   17 	   23116 	   17 
 127960 	   27501 	   23 	   30958 	   21 
 125919 	   35057 	   44 	   37677 	   46 
 124703 	   15537 	   14 	   19155 	   15 
 123408 	   20529 	   16 	   19696 	   16 
 124364 	   30867 	   22 	   31585 	   23 
 127533 	   22511 	   18 	   28037 	   20 
 130221 	   31704 	   53 	   41523 	   56 
 124890 	   30384 	   39 	   28588 	   46 
 130766 	   19364 	   58 	   32504 	   80 
