% num_local_points | num_send_points | num_send_procs | num_recv_points | num_recv_procs 
 124314 	   36248 	   77 	   27966 	   75 
 123178 	   25861 	   25 	   23005 	   25 
 123777 	   31524 	   20 	   25729 	   20 
 124284 	   21393 	   15 	   21507 	   15 
 126019 	   35978 	   22 	   34704 	   22 
 125239 	   21837 	   14 	   20629 	   14 
 127436 	   23076 	   21 	   25474 	   19 
 124525 	   16862 	   14 	   19491 	   14 
 127297 	   34257 	   41 	   35138 	   41 
 123974 	   29099 	   26 	   24880 	   26 
 124347 	   22894 	   17 	   19201 	   17 
 125386 	   21541 	   15 	   23772 	   15 
 125910 	   33579 	   25 	   31138 	   23 
 124760 	   23350 	   17 	   22029 	   16 
 125744 	   25711 	   18 	   28014 	   18 
 125933 	   20351 	   17 	   22998 	   16 
 126450 	   30978 	   26 	   29444 	   26 
 125266 	   28014 	   19 	   26968 	   19 
 125424 	   20888 	   15 	   23049 	   15 
 125670 	   32899 	   22 	   31104 	   21 
 125684 	   23712 	   15 	   25259 	   13 
 125817 	   28599 	   25 	   29145 	   24 
 125581 	   18617 	   15 	   19403 	   14 
 125825 	   19736 	   27 	   21251 	   27 
 124553 	   46564 	   78 	   34998 	   79 
 123153 	   22044 	   17 	   19350 	   17 
 121774 	   22668 	   14 	   19863 	   14 
 124381 	   35887 	   26 	   32620 	   27 
 119925 	   33913 	   24 	   23831 	   24 
 123508 	   24762 	   14 	   24667 	   14 
 124137 	   15263 	   16 	   16336 	   16 
 122715 	   22102 	   18 	   21025 	   18 
 127176 	   27187 	   20 	   32618 	   20 
 119670 	   51338 	   49 	   38570 	   50 
 121228 	   25079 	   22 	   18902 	   20 
 120599 	   25952 	   19 	   20535 	   19 
 124858 	   23347 	   18 	   25371 	   18 
 121672 	   22446 	   13 	   19175 	   13 
 129103 	   21673 	   27 	   33654 	   27 
 124819 	   21420 	   23 	   24103 	   23 
 118190 	   32516 	   23 	   17760 	   24 
 123969 	   21189 	   18 	   20431 	   17 
 123771 	   19797 	   18 	   18428 	   18 
 125672 	   20053 	   20 	   23674 	   20 
 126764 	   16124 	   18 	   22072 	   17 
 121719 	   39794 	   56 	   28597 	   56 
 123652 	   25710 	   18 	   23009 	   18 
 123707 	   23438 	   18 	   23783 	   17 
 123395 	   31863 	   23 	   26193 	   24 
 123752 	   23391 	   15 	   22363 	   15 
 123870 	   21723 	   20 	   18898 	   20 
 119455 	   26341 	   20 	   17552 	   21 
 125694 	   17788 	   16 	   23118 	   15 
 127370 	   20255 	   41 	   24734 	   39 
 119663 	   26403 	   43 	   16775 	   41 
 123732 	   18358 	   17 	   17522 	   17 
 121524 	   20453 	   11 	   17059 	   11 
 122888 	   24674 	   23 	   23125 	   23 
 120110 	   19140 	   17 	   13420 	   15 
 127018 	   16633 	   23 	   24230 	   23 
 123275 	   25737 	   24 	   22503 	   23 
 123161 	   22438 	   17 	   18179 	   17 
 121719 	   23077 	   24 	   17706 	   24 
 123801 	   19143 	   21 	   18173 	   19 
 126407 	   15201 	   21 	   19478 	   21 
 123655 	   28618 	   37 	   23817 	   37 
 123545 	   24968 	   22 	   20300 	   23 
 123073 	   21351 	   16 	   16239 	   16 
 123931 	   20868 	   19 	   19024 	   18 
 125177 	   25128 	   16 	   26724 	   16 
 125989 	   38464 	   28 	   36392 	   28 
 121227 	   24799 	   13 	   20749 	   13 
 123759 	   31365 	   18 	   30205 	   18 
 125707 	   20349 	   15 	   24331 	   15 
 124489 	   24038 	   19 	   23022 	   18 
 123337 	   23090 	   15 	   20455 	   15 
 124961 	   17437 	   12 	   20795 	   12 
 127595 	   30690 	   35 	   34065 	   35 
 123112 	   21596 	   13 	   19924 	   13 
 124973 	   27054 	   18 	   27071 	   18 
 128417 	   26947 	   24 	   33578 	   22 
 130675 	   29066 	   40 	   41285 	   39 
 126602 	   27382 	   46 	   27452 	   45 
 124771 	   23808 	   12 	   22635 	   12 
 126849 	   18936 	   14 	   25127 	   15 
 129691 	   26153 	   37 	   33806 	   36 
 125390 	   30271 	   54 	   31787 	   56 
 120460 	   25426 	   20 	   18511 	   22 
 126007 	   24831 	   19 	   28733 	   19 
 126208 	   16698 	   15 	   22224 	   15 
 123972 	   21104 	   21 	   22321 	   21 
 125821 	   22275 	   18 	   25709 	   18 
 126326 	   16851 	   17 	   22233 	   17 
 122242 	   30039 	   35 	   25244 	   35 
 123646 	   18164 	   16 	   19313 	   16 
 122267 	   27789 	   19 	   21027 	   19 
 125604 	   21653 	   21 	   23285 	   21 
 123762 	   17913 	   13 	   19094 	   13 
 122071 	   25140 	   17 	   18195 	   17 
 127964 	   18980 	   20 	   25585 	   21 
 131340 	   21988 	   46 	   35476 	   46 
 132642 	   20928 	   63 	   37531 	   63 
 125089 	   24996 	   78 	   24588 	   77 
 123332 	   31601 	   19 	   25973 	   19 
 124765 	   18666 	   18 	   21184 	   17 
 123638 	   34540 	   37 	   29541 	   36 
 123357 	   23388 	   19 	   20855 	   19 
 124231 	   23855 	   15 	   23167 	   15 
 124948 	   27525 	   19 	   29238 	   19 
 123539 	   16906 	   15 	   17817 	   14 
 125876 	   22644 	   41 	   24665 	   42 
 121682 	   28709 	   29 	   26419 	   29 
 123327 	   22282 	   20 	   19396 	   21 
 122482 	   18120 	   15 	   19887 	   15 
 124341 	   20819 	   21 	   22989 	   20 
 123582 	   22421 	   21 	   21587 	   20 
 124239 	   21175 	   20 	   22294 	   18 
 124383 	   30597 	   36 	   28659 	   36 
 123855 	   18488 	   13 	   18721 	   13 
 124206 	   19869 	   16 	   20030 	   14 
 125365 	   24187 	   21 	   24125 	   21 
 123887 	   19663 	   13 	   19748 	   13 
 126143 	   31566 	   55 	   32381 	   55 
 124895 	   22950 	   22 	   23032 	   22 
 124951 	   22140 	   15 	   22368 	   14 
 124997 	   21274 	   22 	   20487 	   22 
 124654 	   16688 	   15 	   18308 	   15 
 124135 	   20829 	   16 	   21195 	   16 
 124799 	   26122 	   21 	   26501 	   20 
 124035 	   17816 	   18 	   18643 	   17 
 124278 	   21896 	   17 	   23150 	   19 
 123655 	   32733 	   42 	   27530 	   39 
 124480 	   26042 	   24 	   24733 	   24 
 124653 	   21059 	   17 	   20995 	   16 
 125818 	   29757 	   21 	   29534 	   21 
 124369 	   21997 	   15 	   22184 	   15 
 125200 	   33590 	   25 	   31908 	   25 
 125246 	   21046 	   12 	   20681 	   12 
 127601 	   24074 	   23 	   28218 	   20 
 124517 	   15710 	   14 	   18042 	   13 
 127121 	   32982 	   45 	   34701 	   40 
 124327 	   16570 	   12 	   16637 	   12 
 124097 	   25906 	   20 	   25915 	   20 
 124929 	   21403 	   23 	   21124 	   23 
 123825 	   18451 	   16 	   19623 	   16 
 125780 	   29750 	   21 	   29712 	   20 
 123706 	   19942 	   14 	   21750 	   14 
 125668 	   23688 	   34 	   24829 	   34 
 125481 	   22389 	   45 	   21167 	   43 
 126023 	   27146 	   24 	   27830 	   22 
 124733 	   18439 	   14 	   20367 	   14 
 125979 	   27797 	   43 	   28328 	   44 
 126578 	   35774 	   65 	   38153 	   66 
 123789 	   16223 	   13 	   17597 	   12 
 123387 	   19237 	   13 	   18974 	   13 
 124482 	   20312 	   20 	   21229 	   19 
 122638 	   16819 	   19 	   17015 	   18 
 124250 	   18684 	   23 	   19488 	   21 
 122871 	   21470 	   26 	   20110 	   24 
 124934 	   16251 	   12 	   17994 	   12 
 125611 	   16208 	   17 	   17332 	   15 
 124777 	   19711 	   21 	   21800 	   20 
 124809 	   21630 	   21 	   19885 	   21 
 123321 	   15475 	   14 	   15220 	   13 
 123538 	   23293 	   31 	   23253 	   32 
 123604 	   15366 	   16 	   16210 	   16 
 124475 	   23216 	   17 	   22055 	   17 
 123891 	   20859 	   21 	   20486 	   21 
 123615 	   15883 	   14 	   17099 	   13 
 123820 	   21960 	   21 	   21257 	   20 
 123334 	   17094 	   13 	   16571 	   13 
 125136 	   23449 	   42 	   23564 	   37 
 124469 	   19187 	   18 	   18539 	   18 
 125084 	   18169 	   13 	   18914 	   13 
 124375 	   20506 	   17 	   20690 	   17 
 123863 	   15174 	   13 	   15433 	   13 
 125486 	   17753 	   20 	   18132 	   18 
 124850 	   23413 	   27 	   21895 	   27 
 125421 	   25772 	   64 	   24357 	   63 
 121437 	   37029 	   76 	   23460 	   77 
 118854 	   18917 	   11 	   13256 	   11 
 118904 	   21703 	   15 	   16736 	   15 
 121887 	   14721 	   14 	   15115 	   14 
 120929 	   25237 	   27 	   19435 	   27 
 121676 	   29613 	   21 	   21852 	   20 
 123527 	   15323 	   15 	   16287 	   15 
 124372 	   28674 	   22 	   26234 	   22 
 125819 	   26089 	   19 	   29096 	   19 
 127972 	   24919 	   22 	   31999 	   22 
 124033 	   34315 	   31 	   31474 	   31 
 124032 	   26903 	   19 	   25877 	   19 
 122474 	   16404 	   16 	   18343 	   16 
 124456 	   22632 	   19 	   22731 	   19 
 123963 	   24631 	   18 	   25350 	   18 
 125522 	   31165 	   43 	   34283 	   43 
 123329 	   16615 	   13 	   18169 	   13 
 122673 	   23191 	   13 	   22271 	   13 
 124145 	   28664 	   22 	   28030 	   22 
 124806 	   18086 	   17 	   20627 	   17 
 122897 	   14447 	   12 	   15733 	   12 
 124319 	   22807 	   36 	   27037 	   36 
 129614 	   38809 	   42 	   46670 	   43 
 118370 	   27323 	   39 	   17526 	   37 
 119619 	   21729 	   10 	   17736 	   10 
 120522 	   19372 	   17 	   19739 	   17 
 121428 	   17330 	   16 	   17825 	   16 
 122003 	   18872 	   21 	   16668 	   20 
 118110 	   23348 	   22 	   13763 	   21 
 121264 	   13031 	   16 	   11968 	   15 
 116237 	   35058 	   30 	   18340 	   29 
 124445 	   24381 	   18 	   26682 	   18 
 121987 	   18815 	   15 	   19814 	   15 
 125248 	   17307 	   22 	   23654 	   22 
 125214 	   17930 	   17 	   24899 	   17 
 120809 	   31319 	   30 	   28069 	   30 
 127732 	   19672 	   21 	   25670 	   21 
 121161 	   19876 	   15 	   15863 	   15 
 123732 	   17007 	   16 	   18545 	   16 
 122035 	   21997 	   17 	   17703 	   17 
 127968 	   19339 	   29 	   28168 	   29 
 133515 	   26595 	   49 	   42461 	   49 
 126046 	   14081 	   24 	   22030 	   24 
 123699 	   34985 	   59 	   33265 	   60 
 121018 	   14499 	   10 	   13263 	   10 
 119822 	   17213 	   18 	   17941 	   18 
 122480 	   19381 	   14 	   19135 	   14 
 120780 	   17180 	   15 	   16355 	   15 
 120915 	   21270 	   29 	   18502 	   29 
 120510 	   21725 	   17 	   17331 	   17 
 121303 	   20003 	   17 	   17480 	   17 
 120455 	   25649 	   30 	   19929 	   30 
 123988 	   20272 	   19 	   22508 	   19 
 123829 	   22701 	   18 	   25482 	   17 
 122440 	   17329 	   16 	   19170 	   15 
 124458 	   18742 	   17 	   20161 	   17 
 125297 	   29232 	   46 	   31561 	   46 
 124075 	   21630 	   13 	   22236 	   13 
 122656 	   16589 	   12 	   17640 	   12 
 124542 	   20689 	   20 	   19440 	   20 
 122808 	   20149 	   14 	   18487 	   14 
 126281 	   26250 	   33 	   29506 	   35 
 125456 	   16277 	   19 	   21729 	   18 
 125132 	   17017 	   21 	   19793 	   21 
 121596 	   19142 	   48 	   19993 	   48 
 120822 	   16093 	   19 	   16318 	   19 
 120591 	   16484 	   19 	   15996 	   19 
 120945 	   13449 	   16 	   13487 	   16 
 120892 	   10303 	    9 	   10974 	    9 
 121413 	   14815 	   25 	   13859 	   25 
 120171 	   16572 	   14 	   13325 	   14 
 118779 	   21829 	   16 	   15728 	   19 
 121033 	   19419 	   13 	   17209 	   13 
 120070 	   20766 	   29 	   16048 	   29 
 121426 	   15150 	   18 	   15674 	   18 
 121567 	   15383 	   17 	   14665 	   17 
 119652 	   21769 	   16 	   17460 	   16 
 119823 	   24404 	   20 	   19256 	   20 
 118322 	   24835 	   20 	   17272 	   20 
 130788 	   38051 	   62 	   50678 	   61 
 129789 	   29706 	   34 	   42925 	   32 
 125776 	   18976 	   17 	   26586 	   17 
 123053 	   14106 	   13 	   15895 	   13 
 123575 	   11614 	   14 	   12190 	   14 
 124212 	   25438 	  149 	   24175 	  157 
 123102 	   29603 	   25 	   26300 	   26 
 124803 	   22206 	   15 	   22835 	   14 
 124872 	   33348 	   39 	   30063 	   39 
 123198 	   20252 	   12 	   18133 	   12 
 126077 	   20961 	   22 	   23985 	   22 
 121957 	   23510 	   21 	   20831 	   21 
 123583 	   19881 	   13 	   19823 	   12 
 125518 	   19369 	   21 	   22224 	   19 
 125468 	   16488 	   46 	   17727 	   48 
 125202 	   21109 	   21 	   20913 	   23 
 124700 	   16548 	   13 	   17311 	   12 
 125760 	   27001 	   37 	   26385 	   39 
 125047 	   23654 	   20 	   24214 	   18 
 123870 	   21798 	   23 	   21057 	   23 
 123816 	   15573 	   13 	   17231 	   12 
 124635 	   19481 	   17 	   20693 	   17 
 123567 	   23283 	   38 	   19876 	   35 
 124123 	   23723 	   24 	   22708 	   24 
 126345 	   21289 	   26 	   20909 	   27 
 124422 	   18105 	   22 	   17216 	   21 
 124539 	   17907 	   15 	   16827 	   15 
 125575 	   22081 	   24 	   22690 	   24 
 124415 	   22386 	   15 	   21370 	   15 
 125684 	   21354 	   14 	   22997 	   14 
 127269 	   26777 	   31 	   31555 	   30 
 126589 	   24365 	   36 	   26080 	   30 
 125449 	   18236 	   16 	   18397 	   16 
 125756 	   23611 	   23 	   24626 	   21 
 125888 	   22929 	   25 	   22413 	   24 
 124688 	   27865 	   45 	   26009 	   44 
 124171 	   21518 	   13 	   22427 	   13 
 125288 	   22717 	   15 	   21215 	   15 
 125130 	   22267 	   20 	   23677 	   17 
 123694 	   17922 	   19 	   18579 	   19 
 124474 	   21699 	   19 	   21082 	   18 
 123920 	   20454 	   13 	   22017 	   12 
 125028 	   23121 	   24 	   23702 	   24 
 125777 	   41227 	   76 	   40057 	   75 
 122232 	   19460 	   20 	   17264 	   21 
 123128 	   17154 	   14 	   18026 	   14 
 124500 	   24101 	   27 	   25757 	   27 
 122549 	   18753 	   17 	   17360 	   17 
 123689 	   18081 	   14 	   17863 	   12 
 124841 	   26988 	   40 	   28121 	   38 
 122861 	   23524 	   21 	   22560 	   22 
 124173 	   18907 	   13 	   18510 	   13 
 125507 	   23757 	   23 	   23861 	   24 
 124096 	   17812 	   15 	   17617 	   14 
 124528 	   16915 	   15 	   17319 	   15 
 125361 	   29622 	   48 	   31905 	   53 
 123641 	   15628 	   14 	   16582 	   13 
 123944 	   18588 	   17 	   19761 	   16 
 122742 	   22693 	   26 	   20931 	   23 
 123707 	   14601 	   13 	   15700 	   11 
 124600 	   18395 	   18 	   20086 	   17 
 123461 	   23768 	   40 	   22955 	   42 
 124682 	   14964 	   13 	   16703 	   13 
 124725 	   20027 	   18 	   22258 	   17 
 124103 	   22596 	   24 	   20615 	   21 
 125974 	   17830 	   23 	   19924 	   21 
 123809 	   14957 	   15 	   13898 	   14 
 123450 	   24038 	   30 	   23702 	   32 
 123972 	   17617 	   12 	   18268 	   12 
 124004 	   19146 	   16 	   18641 	   16 
 123649 	   25456 	   20 	   24671 	   19 
 123604 	   15879 	   14 	   16985 	   12 
 124028 	   22218 	   17 	   21747 	   16 
 123604 	   16003 	   15 	   15758 	   13 
 125069 	   24430 	   63 	   24936 	   59 
 124636 	   17320 	   17 	   16501 	   17 
 123685 	   16046 	   13 	   16830 	   13 
 125074 	   22514 	   25 	   21487 	   24 
 125116 	   15853 	   15 	   16564 	   14 
 125167 	   18418 	   19 	   17798 	   19 
 124804 	   20600 	   26 	   19861 	   26 
 125035 	   23072 	   41 	   22781 	   42 
 122335 	   33730 	   73 	   23167 	   73 
 122086 	   24452 	   16 	   19749 	   16 
 125233 	   21300 	   16 	   23694 	   16 
 127750 	   24640 	   27 	   29281 	   25 
 122319 	   19891 	   19 	   16566 	   19 
 123223 	   18289 	   16 	   18711 	   16 
 127326 	   23573 	   33 	   27050 	   33 
 122868 	   18442 	   15 	   17169 	   16 
 123928 	   19144 	   18 	   19127 	   18 
 123534 	   26256 	   30 	   26950 	   30 
 124566 	   19406 	   14 	   22314 	   14 
 124189 	   15212 	   18 	   16361 	   18 
 118427 	   37276 	   41 	   26801 	   39 
 120252 	   19854 	   17 	   16032 	   15 
 120462 	   19892 	   15 	   15633 	   14 
 121854 	   18508 	   27 	   18849 	   28 
 123341 	   18622 	   14 	   17319 	   17 
 123976 	   16368 	   14 	   18128 	   14 
 123436 	   25494 	   24 	   23981 	   22 
 123738 	   19538 	   18 	   22099 	   17 
 123756 	   18565 	   20 	   18192 	   19 
 123730 	   17965 	   30 	   21582 	   30 
 130085 	   35804 	   44 	   43915 	   43 
 119356 	   29065 	   37 	   18991 	   36 
 122886 	   21392 	   18 	   19540 	   18 
 122992 	   19197 	   27 	   20562 	   28 
 126016 	   15546 	   13 	   23889 	   13 
 124241 	   11854 	   15 	   16486 	   14 
 122946 	   21506 	   27 	   20635 	   27 
 123484 	   20606 	   18 	   19606 	   19 
 125575 	   16344 	   24 	   19811 	   25 
 124339 	   13671 	   26 	   15908 	   25 
 123652 	   16475 	   16 	   16146 	   16 
 123006 	   17765 	   34 	   17602 	   33 
 121302 	   12994 	   15 	   12879 	   15 
 119816 	   13483 	   11 	   11466 	   12 
 121600 	   15686 	   21 	   14775 	   18 
 121342 	   14314 	   18 	   14536 	   18 
 119327 	   23032 	   23 	   16477 	   23 
 118723 	   22378 	   23 	   14220 	   23 
 120099 	   20053 	   19 	   16450 	   18 
 130268 	   27096 	   36 	   37626 	   35 
 125686 	   13283 	   27 	   18288 	   27 
 124392 	   35140 	  115 	   36203 	  111 
 120879 	   13171 	   12 	   12059 	   13 
 120861 	   14881 	   18 	   15426 	   16 
 121617 	   17110 	   16 	   16369 	   15 
 120627 	   17436 	   15 	   16367 	   14 
 121446 	   19435 	   24 	   17150 	   26 
 122863 	   15951 	   16 	   17795 	   15 
 123883 	   16927 	   17 	   20197 	   17 
 123374 	   19018 	   23 	   19770 	   22 
 123322 	   18791 	   16 	   20626 	   16 
 125217 	   27684 	   50 	   30003 	   50 
 120284 	   19788 	   16 	   16683 	   14 
 121692 	   18716 	   20 	   15456 	   22 
 121407 	   23809 	   25 	   20259 	   26 
 123875 	   18507 	   12 	   17592 	   12 
 122964 	   15105 	   13 	   15843 	   11 
 124149 	   20284 	   26 	   19380 	   24 
 123264 	   16416 	   13 	   15912 	   13 
 125376 	   20500 	   30 	   21701 	   28 
 125766 	   17114 	   24 	   23116 	   19 
 125067 	   16511 	   24 	   19173 	   22 
 121995 	   17471 	   48 	   19808 	   44 
 120734 	   13840 	   19 	   13705 	   20 
 120740 	   15863 	   25 	   15177 	   25 
 120790 	   11988 	   18 	   12201 	   19 
 120998 	   10031 	   12 	   10195 	   13 
 121073 	   14462 	   23 	   13952 	   23 
 120187 	   17612 	   16 	   13584 	   16 
 119705 	   19230 	   17 	   15420 	   21 
 120325 	   18734 	   13 	   14973 	   13 
 128922 	   19447 	   42 	   33524 	   42 
 120754 	   15562 	   31 	   13671 	   33 
 122120 	   14460 	   13 	   15645 	   13 
 121591 	   15672 	   15 	   15250 	   16 
 119041 	   22056 	   17 	   17586 	   18 
 120518 	   23239 	   21 	   17449 	   22 
 118096 	   37345 	   40 	   24991 	   33 
 130017 	   30288 	   35 	   44168 	   32 
 126052 	   19171 	   25 	   26170 	   21 
 123190 	   13843 	   13 	   15512 	   13 
 123393 	   11524 	   15 	   12131 	   14 
 125946 	   20915 	  103 	   21834 	  109 
 125302 	   23726 	   19 	   25700 	   19 
 123919 	   17507 	   16 	   18082 	   16 
 125247 	   27119 	   26 	   26245 	   24 
 124004 	   21641 	   22 	   21594 	   20 
 124318 	   17100 	   15 	   18808 	   15 
 125435 	   25770 	   33 	   25450 	   33 
 124382 	   20750 	   25 	   19718 	   21 
 123015 	   14076 	   14 	   16067 	   13 
 124285 	   17791 	   27 	   17009 	   26 
 122944 	   17522 	   19 	   16938 	   16 
 123790 	   23027 	   39 	   23780 	   38 
 124263 	   15631 	   16 	   16860 	   15 
 123606 	   20029 	   27 	   19356 	   25 
 124177 	   21526 	   25 	   21664 	   20 
 123416 	   19269 	   25 	   18882 	   21 
 122523 	   12681 	   13 	   12640 	   12 
 125144 	   24456 	   26 	   31444 	   27 
 123659 	   18282 	   16 	   22186 	   16 
 122662 	   16739 	   16 	   19092 	   16 
 121895 	   16858 	   23 	   16662 	   21 
 119923 	   23515 	   20 	   18629 	   16 
 127597 	   46003 	   89 	   46238 	   84 
 123014 	   19973 	   23 	   19735 	   19 
 122537 	   16298 	   14 	   16881 	   12 
 122479 	   17686 	   25 	   16078 	   23 
 120580 	   21273 	   19 	   18162 	   25 
 121886 	   23664 	   30 	   21516 	   32 
 123631 	   14614 	   24 	   15282 	   18 
 125012 	   12225 	   16 	   14850 	   16 
 123043 	   22675 	   28 	   20113 	   25 
 123301 	   16017 	   19 	   16432 	   23 
 123971 	   15307 	   15 	   15983 	   16 
 121991 	   18310 	   30 	   18595 	   31 
 121964 	   15022 	   10 	   17678 	   10 
 121808 	   15241 	   16 	   16006 	   16 
 121200 	   12420 	   16 	   12986 	   15 
 122737 	   24193 	   34 	   19818 	   38 
 126204 	   15104 	   20 	   23025 	   20 
 122222 	   11633 	   14 	   13030 	   14 
 123603 	   25635 	   23 	   26673 	   24 
 121686 	   15947 	   21 	   13242 	   21 
 119605 	   22844 	   33 	   14540 	   32 
 127480 	   27700 	   87 	   34616 	   90 
 122895 	   16204 	   23 	   15776 	   19 
 120731 	   23518 	   23 	   19968 	   26 
 122820 	   13891 	   13 	   14757 	   13 
 121586 	   18582 	   21 	   15915 	   25 
 121242 	   18339 	   20 	   18297 	   28 
 121592 	   14850 	   19 	   15808 	   19 
 121486 	   13980 	   14 	   14672 	   18 
 122238 	   12484 	   15 	   15286 	   15 
 121524 	   10083 	   14 	   10471 	   12 
 124152 	   26978 	   48 	   22181 	   49 
 123334 	   18255 	   22 	   17895 	   23 
 123527 	   16215 	   20 	   15974 	   23 
 124819 	   12909 	   15 	   15416 	   13 
 123292 	   22790 	   23 	   19879 	   23 
 124751 	   17679 	   22 	   20096 	   23 
 124487 	   15168 	   19 	   19874 	   16 
 124913 	   14712 	   18 	   20447 	   18 
 122102 	   29152 	   32 	   25343 	   28 
 122158 	   13483 	   15 	   12469 	   14 
 119189 	   27024 	   75 	   19319 	   72 
 120452 	   10005 	   13 	   10504 	   15 
 120962 	   10486 	   14 	   10477 	   14 
 120633 	   14150 	   18 	   13924 	   18 
 120995 	   12743 	   13 	   13029 	   17 
 121476 	   15799 	   33 	   15263 	   33 
 121573 	   13038 	   13 	   14215 	   13 
 125084 	   17751 	   18 	   24114 	   18 
 121842 	   12831 	   14 	   12980 	   14 
 122097 	   26699 	   34 	   25555 	   38 
 119382 	   23502 	   31 	   17370 	   34 
 121033 	   15815 	   16 	   16438 	   14 
 121827 	   15997 	   17 	   15341 	   17 
 125285 	   13213 	   16 	   20272 	   16 
 120958 	   26550 	   31 	   21858 	   36 
 120518 	   18989 	   23 	   16198 	   27 
 127776 	   16622 	   20 	   29044 	   20 
 122465 	   30296 	   31 	   24763 	   31 
 118904 	   23120 	   26 	   15481 	   24 
 123539 	   14447 	   21 	   14254 	   19 
 127298 	   22683 	  133 	   29097 	  160 
 124954 	   15945 	   17 	   16969 	   17 
 128999 	   24433 	   57 	   31398 	   73 
 125644 	   17991 	   17 	   21255 	   17 
 127595 	   21787 	   49 	   24266 	   56 
 127300 	   18397 	   25 	   25233 	   25 
 126660 	   19328 	   22 	   22248 	   22 
 124011 	   22262 	   18 	   18682 	   18 
 126538 	   15800 	   14 	   18088 	   13 
 127392 	   20945 	   29 	   25403 	   31 
 122563 	   22660 	   17 	   18153 	   17 
 127281 	   16291 	   14 	   18417 	   14 
 124086 	   22227 	   18 	   20024 	   21 
 123238 	   26062 	   28 	   20781 	   28 
 127109 	   26114 	   28 	   27606 	   29 
 125264 	   15642 	   17 	   15725 	   16 
 126365 	   15645 	   20 	   17118 	   17 
 125833 	   15207 	   16 	   15245 	   14 
 125446 	   20728 	   18 	   19854 	   17 
 125509 	   18007 	   15 	   17851 	   13 
 125820 	   18282 	   22 	   19367 	   22 
 123198 	   21072 	   18 	   17109 	   18 
 126854 	   12827 	   13 	   15188 	   13 
 123130 	   23883 	   29 	   19129 	   31 
 124120 	   15545 	   19 	   12931 	   21 
 126504 	   22923 	   27 	   22925 	   28 
 125404 	   15564 	   12 	   16019 	   12 
 126600 	   18101 	   17 	   19312 	   17 
 126123 	   12462 	   14 	   14163 	   14 
 125592 	   19705 	   21 	   18793 	   21 
 125541 	   15848 	   14 	   16525 	   13 
 125290 	   20703 	   37 	   19425 	   34 
 125434 	   17990 	   13 	   17338 	   12 
 125138 	   28957 	   44 	   26490 	   51 
 127311 	   23133 	   41 	   26122 	   46 
 125452 	   14329 	   12 	   14408 	   12 
 125987 	   17746 	   17 	   18269 	   18 
 125477 	   15755 	   15 	   15331 	   15 
 125261 	   13927 	   16 	   13380 	   17 
 126948 	   18806 	   59 	   22761 	   73 
 126061 	   15059 	   23 	   19470 	   21 
 125523 	   19749 	   21 	   21797 	   21 
 123650 	   18537 	   20 	   15064 	   20 
 125884 	   17325 	   14 	   20086 	   14 
 122706 	   24624 	   22 	   19084 	   20 
 124255 	   17874 	   24 	   16650 	   24 
 126928 	   15742 	   22 	   19501 	   22 
 125238 	   18987 	   26 	   20384 	   24 
 124148 	   15510 	   17 	   15891 	   17 
 124224 	   14562 	   12 	   15135 	   11 
 124772 	   17796 	   15 	   20939 	   15 
 123921 	   20885 	   12 	   19492 	   12 
 122151 	   17960 	   22 	   16328 	   24 
 125126 	   24148 	   32 	   24206 	   31 
 124111 	   16327 	   14 	   15568 	   14 
 124464 	   19189 	   18 	   20103 	   17 
 123615 	   14904 	   11 	   14432 	   12 
 124590 	   12902 	   17 	   12992 	   16 
 123347 	   16048 	   66 	   18338 	   77 
 124082 	   16678 	   11 	   17618 	   11 
 121882 	   18799 	   14 	   17164 	   14 
 122985 	   11927 	   12 	   11688 	   12 
 123283 	   13514 	   15 	   13456 	   15 
 125203 	   20637 	   28 	   23991 	   30 
 122621 	   13197 	    9 	   12568 	    9 
 123982 	   14924 	   14 	   15078 	   15 
 122847 	   19385 	   14 	   17711 	   13 
 124452 	   17638 	   15 	   17681 	   15 
 123621 	   17027 	   22 	   17361 	   20 
 123966 	   13472 	   15 	   13846 	   15 
 123328 	   12156 	    8 	   12792 	    8 
 124703 	   18183 	   17 	   18720 	   17 
 123857 	   16156 	   13 	   15847 	   13 
 124466 	   18780 	   27 	   18026 	   27 
 124579 	   17337 	   25 	   17861 	   23 
 124511 	   15547 	   13 	   15552 	   12 
 124443 	   17487 	   15 	   17341 	   14 
 124737 	   13307 	   12 	   13446 	   12 
 124361 	   23794 	   64 	   23165 	   71 
 125248 	   15343 	   18 	   13235 	   19 
 125877 	   12411 	   16 	   14271 	   15 
 124754 	   18572 	   17 	   17756 	   17 
 124581 	   14903 	   13 	   15044 	   12 
 124528 	   24719 	   45 	   20718 	   47 
 124099 	   12743 	   11 	   12430 	   11 
 124860 	   25802 	   70 	   25057 	   70 
 125924 	   16533 	   22 	   17643 	   22 
 125102 	   19158 	   19 	   19019 	   17 
 124705 	   14396 	   12 	   14474 	   12 
 125600 	   18451 	   27 	   19287 	   31 
 124977 	   15767 	   17 	   16571 	   18 
 124199 	   17925 	   19 	   17219 	   20 
 124808 	   15007 	   18 	   15220 	   17 
 124558 	   18007 	   19 	   17465 	   18 
 123926 	   12218 	   14 	   12297 	   14 
 124695 	   16273 	   37 	   15008 	   41 
 126057 	   16691 	   21 	   17198 	   21 
 125050 	   13343 	   12 	   13100 	   12 
 124866 	   18036 	   19 	   17393 	   20 
 124938 	   13972 	   11 	   13672 	   10 
 125685 	   17959 	   31 	   18233 	   32 
 124182 	   15527 	   29 	   14826 	   27 
 124649 	   12251 	   12 	   12112 	   12 
 124190 	   19700 	   20 	   19801 	   22 
 124689 	   19608 	   37 	   19509 	   34 
 124006 	   16217 	   17 	   15834 	   17 
 124018 	   15632 	   17 	   15228 	   16 
 123935 	   12582 	   13 	   12824 	   13 
 123468 	   21990 	   55 	   21226 	   45 
 124230 	   15611 	   43 	   15785 	   50 
 124956 	   16187 	   24 	   16623 	   24 
 124864 	   19931 	   54 	   20978 	   63 
 123946 	   15800 	   19 	   14975 	   19 
 123679 	   12958 	   12 	   13208 	   12 
 124011 	   18929 	   21 	   18404 	   22 
 123450 	   12445 	   12 	   12477 	   11 
 123934 	   15226 	   17 	   14978 	   17 
 124289 	   19440 	   29 	   18832 	   32 
 124223 	   14014 	   20 	   14177 	   21 
 124785 	   19119 	   18 	   18369 	   19 
 124271 	   15540 	   16 	   15556 	   15 
 124596 	   19220 	   16 	   18540 	   13 
 125137 	   16327 	   17 	   17200 	   17 
 124289 	   20753 	   37 	   20575 	   43 
 123998 	   20642 	   30 	   21311 	   30 
 123151 	   16635 	   17 	   15014 	   19 
 123315 	   15909 	   17 	   15167 	   21 
 123367 	   15298 	   19 	   15151 	   19 
 123161 	   12362 	   14 	   12517 	   14 
 124119 	   16963 	   27 	   17020 	   28 
 125943 	   19371 	   22 	   20910 	   21 
 125423 	   13981 	   29 	   16081 	   26 
 123883 	   21258 	   31 	   19200 	   32 
 123901 	   13364 	   16 	   13360 	   15 
 123684 	   17020 	   22 	   15828 	   23 
 126553 	   21885 	   74 	   25972 	   86 
 123228 	   15236 	   18 	   12008 	   19 
 124983 	   16397 	   17 	   16618 	   17 
 124790 	   17069 	   17 	   17164 	   15 
 124763 	   12609 	   15 	   14659 	   15 
 125547 	   20105 	   21 	   20535 	   20 
 124724 	   23241 	   23 	   22163 	   22 
 126211 	   15285 	   21 	   18220 	   23 
 125476 	   18813 	   40 	   20018 	   43 
 123232 	   12817 	   13 	   12641 	   12 
 125212 	   11913 	   14 	   14463 	   13 
 123170 	   21176 	   24 	   19232 	   27 
 123240 	   16521 	   17 	   15811 	   17 
 123405 	   12611 	   13 	   13534 	   13 
 124660 	   20044 	   30 	   18746 	   30 
 124437 	   15272 	   15 	   15621 	   13 
 125801 	   20040 	   25 	   22587 	   24 
 123329 	   16689 	   17 	   15344 	   14 
 124599 	   18404 	   56 	   18916 	   62 
 124435 	   14983 	   13 	   12775 	   14 
 125839 	   15392 	   16 	   15751 	   16 
 125023 	   17441 	   20 	   17183 	   19 
 124833 	   21607 	   22 	   18877 	   21 
 124456 	   15583 	   15 	   15814 	   14 
 124309 	   22449 	   53 	   20159 	   64 
 123779 	   15658 	   29 	   14811 	   29 
 125871 	   16815 	   49 	   17746 	   52 
 125779 	   19477 	   25 	   20783 	   27 
 124948 	   15234 	   13 	   15287 	   13 
 125457 	   19006 	   27 	   18334 	   30 
 125336 	   15371 	   17 	   15466 	   16 
 125369 	   18233 	   18 	   17825 	   16 
 124726 	   16070 	   17 	   15497 	   16 
 125117 	   12888 	   16 	   12727 	   15 
 124769 	   17495 	   18 	   16996 	   15 
 125290 	   17030 	   33 	   17319 	   32 
 125167 	   18997 	   33 	   19151 	   30 
 124532 	   16863 	   16 	   16401 	   16 
 124698 	   14336 	   18 	   14733 	   16 
 124714 	   18127 	   18 	   18072 	   16 
 124264 	   14792 	   16 	   14608 	   17 
 124243 	   12414 	   12 	   12499 	   13 
 124267 	   17826 	   29 	   17689 	   31 
 124942 	   15447 	   28 	   15289 	   30 
 124545 	   23777 	   34 	   23776 	   32 
 124487 	   13018 	   14 	   13532 	   15 
 123420 	   18285 	   26 	   16870 	   28 
 124105 	   12562 	   14 	   13102 	   15 
 123820 	   18522 	   52 	   18660 	   50 
 122676 	   15247 	   16 	   15149 	   17 
 122755 	   12671 	   13 	   12534 	   12 
 122805 	   15467 	   25 	   14919 	   26 
 123195 	   16798 	   15 	   16904 	   15 
 124106 	   16182 	   27 	   16740 	   28 
 122947 	   14175 	   17 	   13499 	   17 
 124026 	   14776 	   17 	   15359 	   15 
 124000 	   19488 	   22 	   20106 	   20 
 123663 	   14717 	   13 	   14273 	   14 
 123798 	   11679 	   13 	   12222 	   13 
 123797 	   13705 	   36 	   14314 	   35 
 123623 	   15979 	   13 	   15985 	   13 
 124189 	   16645 	   25 	   16825 	   20 
 124085 	   12544 	   14 	   12687 	   14 
 125002 	   15678 	   21 	   16544 	   22 
 124086 	   19668 	   23 	   18821 	   24 
 124304 	   12803 	   12 	   12897 	   12 
 124337 	   14472 	   15 	   15036 	   14 
 124785 	   17191 	   22 	   16678 	   20 
 124803 	   15791 	   20 	   16948 	   21 
 123855 	   20770 	   73 	   21384 	   83 
 124815 	   18189 	   43 	   18310 	   45 
 124771 	   13839 	   13 	   14379 	   13 
 124411 	   17359 	   46 	   17484 	   52 
 123814 	   14877 	   18 	   14892 	   18 
 123607 	   14016 	   16 	   14076 	   15 
 123736 	   17377 	   14 	   16637 	   11 
 123996 	   14492 	   15 	   14588 	   17 
 123903 	   14552 	   16 	   14558 	   15 
 124012 	   18064 	   27 	   18458 	   35 
 124681 	   17819 	   36 	   18874 	   34 
 123157 	   13004 	   15 	   12924 	   18 
 123110 	   12905 	   15 	   12367 	   16 
 122807 	   17966 	   24 	   16135 	   24 
 123726 	   14202 	   18 	   15176 	   19 
 123824 	   17593 	   29 	   16045 	   30 
 124721 	   15030 	   17 	   15196 	   22 
 124331 	   15724 	   17 	   15694 	   15 
 124333 	   17718 	   24 	   16504 	   21 
 125266 	   15113 	   18 	   15562 	   17 
 124564 	   14840 	   20 	   14755 	   18 
 124827 	   15332 	   29 	   16247 	   30 
 125543 	   14531 	   31 	   16453 	   28 
 125506 	   19145 	   30 	   19980 	   28 
 123504 	   16489 	   19 	   15128 	   26 
 123988 	   16950 	   30 	   15481 	   27 
 123694 	   13988 	   13 	   12754 	   13 
 125052 	   20025 	  100 	   20411 	  102 
 124620 	   12588 	   11 	   12496 	   10 
 124596 	   12687 	   16 	   12275 	   16 
 124623 	   18316 	   18 	   17611 	   17 
 124248 	   12509 	   14 	   12629 	   14 
 124827 	   13738 	   22 	   14317 	   19 
 123514 	   18670 	   33 	   17665 	   37 
 123916 	   14696 	   16 	   14226 	   16 
 123672 	   11927 	   18 	   12109 	   16 
 123441 	   15518 	   19 	   15226 	   16 
 123517 	   15377 	   18 	   14974 	   18 
 122997 	   14213 	   42 	   14000 	   45 
 124005 	   12393 	   16 	   13298 	   16 
 123910 	   16359 	   22 	   15493 	   20 
 123491 	   16143 	   19 	   15802 	   16 
 123594 	   12335 	   20 	   11858 	   18 
 123105 	   14080 	   17 	   14079 	   14 
 123648 	   17410 	   30 	   17428 	   33 
 122503 	   14465 	   17 	   14022 	   19 
 122377 	   10930 	   12 	   11078 	   13 
 122545 	   12738 	   19 	   12431 	   18 
 122124 	   12884 	   18 	   13291 	   14 
 122829 	   17057 	   69 	   18126 	   75 
 122922 	   16203 	   19 	   16303 	   19 
 122646 	   13545 	   19 	   12964 	   16 
 122745 	   15032 	   22 	   14668 	   21 
 122471 	   16336 	   18 	   16198 	   15 
 123112 	   15795 	   37 	   16446 	   39 
 123864 	   13679 	   19 	   13870 	   18 
 123858 	   15984 	   20 	   15534 	   18 
 124068 	   16679 	   29 	   16914 	   25 
 123769 	   13830 	   20 	   13385 	   18 
 123758 	   13135 	   17 	   13537 	   17 
 122381 	   16420 	   36 	   15516 	   41 
 121992 	   14897 	   20 	   14814 	   18 
 121962 	   14907 	   23 	   15114 	   21 
 121290 	   10654 	   21 	   14025 	   16 
 121678 	   10292 	   12 	   12406 	   11 
 122689 	   14869 	   32 	   15335 	   34 
 123167 	   17153 	   20 	   17293 	   18 
 122964 	   15318 	   23 	   14741 	   23 
 122419 	   10500 	   12 	   11168 	   11 
 123351 	   12790 	   19 	   13623 	   16 
 122836 	   19308 	   68 	   19982 	   77 
 122955 	   16743 	   19 	   15717 	   19 
 121791 	   16059 	   18 	   15449 	   18 
 122942 	   12520 	   18 	   12489 	   17 
 122700 	   13856 	   19 	   14006 	   15 
 122613 	   16316 	   31 	   16161 	   37 
 121728 	   12794 	   20 	   13022 	   19 
 121353 	   13134 	   24 	   16040 	   23 
 122168 	   10766 	   13 	   11070 	   12 
 121569 	   12748 	   17 	   14627 	   15 
 123952 	   16294 	   41 	   18658 	   40 
 123020 	   16263 	   23 	   15008 	   19 
 123070 	   12481 	   12 	   13467 	   13 
 125036 	   18448 	   20 	   18863 	   20 
 124777 	   20416 	   26 	   21060 	   22 
 122900 	   17032 	   35 	   14488 	   38 
 122605 	   11895 	   14 	   12149 	   13 
 122237 	   13630 	   18 	   14184 	   18 
 123774 	   18249 	   25 	   19884 	   20 
 122603 	   17974 	   25 	   16240 	   20 
 123426 	   12985 	   16 	   14916 	   15 
 123128 	   26440 	   58 	   44097 	   78 
 122654 	   15683 	   24 	   29883 	   23 
 122681 	   14306 	   12 	   29054 	   10 
 122127 	   12217 	   16 	   22743 	   13 
 121669 	   13986 	   31 	   14785 	   34 
 122063 	   12981 	   19 	   13345 	   17 
 121958 	   15301 	   20 	   16220 	   17 
 122056 	   13418 	   17 	   14022 	   15 
 122575 	   11651 	   42 	   11801 	   43 
 121538 	   10056 	   14 	   10860 	   13 
 121864 	   12492 	   17 	   14042 	   16 
 121992 	   15235 	   22 	   16156 	   18 
 122627 	   15769 	   22 	   16236 	   19 
 122466 	   17108 	   31 	   16451 	   30 
 122425 	   10969 	   13 	   11448 	   12 
 124072 	   15586 	   19 	   17780 	   19 
 123187 	   20919 	   22 	   21180 	   22 
 123387 	   18287 	   25 	   20353 	   21 
 122584 	   17717 	   18 	   15723 	   18 
 115511 	  131961 	  164 	   54944 	  166 
 124647 	   15911 	   16 	   17547 	   16 
 126146 	   14399 	   16 	   16961 	   17 
 125235 	   16932 	   53 	   18213 	   59 
 125285 	   16728 	   20 	   16722 	   23 
 126825 	   24381 	   44 	   26499 	   49 
 125211 	   18558 	   17 	   19121 	   17 
 125452 	   18617 	   18 	   17888 	   18 
 126002 	   15445 	   15 	   16437 	   15 
 124614 	   18570 	   24 	   18708 	   23 
 124580 	   16727 	   15 	   15545 	   14 
 125614 	   19146 	   22 	   18257 	   21 
 125719 	   19388 	   15 	   18812 	   15 
 123525 	   22552 	   31 	   19928 	   31 
 128018 	   27716 	   31 	   30634 	   35 
 125984 	   14407 	   15 	   16213 	   15 
 126629 	   18594 	   20 	   19708 	   20 
 124950 	   15908 	   12 	   15840 	   12 
 126158 	   20886 	   21 	   20930 	   20 
 125684 	   15789 	   15 	   15180 	   15 
 124730 	   18015 	   22 	   17777 	   21 
 124950 	   17204 	   15 	   16823 	   14 
 125801 	   18894 	   19 	   19360 	   18 
 124884 	   19287 	   17 	   18348 	   16 
 125369 	   21600 	   30 	   20428 	   26 
 126324 	   27465 	   36 	   27890 	   38 
 125602 	   18217 	   13 	   18590 	   13 
 126187 	   21212 	   18 	   21570 	   18 
 125759 	   14219 	   12 	   14604 	   12 
 125574 	   18081 	   18 	   18278 	   18 
 125338 	   16148 	   12 	   16490 	   12 
 125579 	   20733 	   26 	   19666 	   29 
 125499 	   16714 	   13 	   15716 	   13 
 124226 	   21476 	   28 	   18471 	   28 
 129088 	   29193 	   48 	   34722 	   55 
 125389 	   15925 	   14 	   15661 	   14 
 125971 	   18445 	   19 	   19645 	   17 
 125965 	   14369 	   13 	   15149 	   13 
 125076 	   19410 	   20 	   18154 	   20 
 126019 	   12959 	   15 	   14533 	   14 
 127091 	   18454 	   57 	   24014 	   61 
 126872 	   15627 	   22 	   20488 	   22 
 123157 	   15870 	   12 	   14824 	   11 
 125392 	   21208 	   24 	   20182 	   24 
 123585 	   17107 	   17 	   15141 	   17 
 124339 	   15198 	    9 	   15534 	    9 
 125033 	   22291 	   24 	   22626 	   24 
 121526 	   21322 	   14 	   16726 	   14 
 123873 	   15114 	   18 	   15925 	   18 
 126738 	   14976 	   17 	   19479 	   17 
 122893 	   13049 	   15 	   13645 	   15 
 123238 	   30317 	   37 	   25993 	   38 
 125783 	   15817 	   18 	   18789 	   19 
 129130 	   21963 	   32 	   30017 	   31 
 125873 	   13118 	   12 	   16203 	   12 
 120556 	   23893 	   15 	   17423 	   16 
 124461 	   16401 	   18 	   16729 	   18 
 126635 	   12680 	   18 	   18133 	   17 
 126435 	   18802 	   48 	   23708 	   49 
 121606 	   16796 	   13 	   15373 	   13 
 123077 	   14584 	   18 	   14821 	   17 
 122681 	   12768 	   14 	   12312 	   14 
 123073 	   14454 	   12 	   14207 	   12 
 123239 	   15910 	   33 	   14722 	   31 
 123510 	   11677 	   13 	   11665 	   13 
 124210 	   13497 	   15 	   13996 	   18 
 123655 	   18021 	   13 	   17627 	   13 
 125554 	   14052 	   15 	   18207 	   15 
 123149 	   20207 	   27 	   15886 	   26 
 128000 	   20924 	   31 	   28706 	   33 
 121880 	   13495 	   12 	   11579 	   13 
 120585 	   21274 	   19 	   14761 	   18 
 123738 	   18091 	   19 	   17435 	   18 
 125845 	   15426 	   16 	   19936 	   16 
 126527 	   17567 	   24 	   23416 	   24 
 124201 	   12987 	   13 	   13003 	   13 
 125007 	   16124 	   16 	   16211 	   18 
 124561 	   16419 	   16 	   17021 	   15 
 129672 	   19874 	   75 	   31773 	   81 
 124869 	   14377 	   13 	   14008 	   13 
 124666 	   24636 	   25 	   21809 	   25 
 125896 	   17380 	   14 	   19262 	   12 
 125347 	   16737 	   14 	   17292 	   14 
 123298 	   21861 	   25 	   17739 	   24 
 122915 	   27378 	   37 	   21628 	   35 
 121342 	   22616 	   22 	   16254 	   22 
 118935 	   27488 	   82 	   16947 	   84 
 120330 	   25038 	   35 	   14030 	   41 
 124219 	   13270 	   11 	   13292 	   11 
 127078 	   27547 	   62 	   30200 	   67 
 125569 	   15493 	   16 	   16584 	   16 
 125146 	   13814 	   13 	   13870 	   13 
 127381 	   18616 	   29 	   22667 	   28 
 126266 	   17651 	   17 	   22619 	   17 
 124028 	   12901 	   12 	   12809 	   12 
 123989 	   16955 	   20 	   14861 	   19 
 124081 	   21995 	   21 	   20067 	   24 
 126358 	   14009 	   17 	   17951 	   17 
 125018 	   18913 	   31 	   19427 	   34 
 124913 	   18379 	   22 	   16742 	   23 
 125270 	   17292 	   14 	   17602 	   10 
 125471 	   13795 	   12 	   14662 	   12 
 124535 	   17087 	   25 	   16198 	   23 
 124520 	   17848 	   18 	   16470 	   18 
 122793 	   24172 	   28 	   19178 	   29 
 122299 	   19465 	   18 	   15258 	   17 
 125367 	   27521 	   42 	   27412 	   43 
 127264 	   17135 	   25 	   22130 	   23 
 126590 	   15490 	   18 	   21637 	   18 
 123470 	   14219 	   11 	   12606 	   12 
 124994 	   15980 	   16 	   17218 	   16 
 124231 	   15633 	   28 	   17016 	   28 
 125303 	   11490 	   14 	   15035 	   14 
 124533 	   15501 	   11 	   16478 	   12 
 123354 	   20682 	   23 	   19628 	   24 
 123592 	   19912 	   19 	   19447 	   23 
 126082 	   15975 	   19 	   19968 	   19 
 123889 	   11836 	   12 	   12570 	   12 
 125118 	   14553 	   18 	   15327 	   18 
 129112 	   16114 	   21 	   24907 	   22 
 120402 	   23706 	   17 	   15373 	   18 
 124818 	   17520 	   17 	   17086 	   20 
 126892 	   11251 	   20 	   16967 	   17 
 124994 	   19953 	   37 	   21521 	   40 
 119856 	   26139 	   43 	   15357 	   47 
 122656 	   13415 	   11 	   11135 	   14 
 123442 	   17387 	   17 	   13225 	   18 
 124454 	   22662 	   35 	   22711 	   35 
 125645 	   14416 	   18 	   17817 	   16 
 124016 	   16966 	   15 	   18490 	   19 
 122238 	   15401 	   14 	   14186 	   14 
 123918 	   12418 	   14 	   13144 	   13 
 129179 	   18093 	   31 	   27622 	   29 
 122623 	   15472 	   12 	   12426 	   13 
 126468 	   17241 	   13 	   22151 	   13 
 125595 	   19239 	   63 	   21606 	   78 
 124410 	   17629 	   19 	   17644 	   20 
 125044 	   18271 	   21 	   18903 	   19 
 124692 	   12589 	   11 	   12469 	    9 
 123766 	   15300 	   21 	   14750 	   21 
 124784 	   19007 	   21 	   18831 	   20 
 124781 	   13376 	   14 	   13861 	   14 
 125400 	   16452 	   26 	   16363 	   27 
 124490 	   19231 	   41 	   18276 	   42 
 123820 	   14710 	   15 	   14858 	   15 
 123905 	   15984 	   21 	   15426 	   19 
 124035 	   19379 	   21 	   19910 	   20 
 123211 	   12172 	   14 	   12585 	   14 
 123206 	   15883 	   22 	   15053 	   20 
 124888 	   21554 	   28 	   20773 	   30 
 124240 	   14350 	   13 	   14316 	   12 
 124087 	   23064 	   26 	   22136 	   25 
 123955 	   13548 	   14 	   13788 	   14 
 124167 	   14225 	   18 	   14140 	   17 
 125124 	   18502 	   47 	   18436 	   51 
 125756 	   17902 	   19 	   17928 	   19 
 125198 	   19354 	   15 	   19472 	   14 
 125169 	   23798 	   26 	   21781 	   24 
 124557 	   15284 	   12 	   15255 	   12 
 125189 	   18239 	   55 	   17920 	   58 
 124582 	   16689 	   30 	   16634 	   28 
 126009 	   22144 	   54 	   24192 	   57 
 125900 	   20343 	   23 	   21524 	   23 
 124722 	   14345 	   14 	   13861 	   13 
 125577 	   19493 	   21 	   19140 	   21 
 124745 	   14941 	   20 	   14309 	   21 
 125360 	   16453 	   16 	   16380 	   16 
 125851 	   13285 	   13 	   14470 	   12 
 124366 	   18850 	   22 	   17200 	   20 
 124920 	   14561 	   14 	   14200 	   15 
 125448 	   17101 	   31 	   18003 	   35 
 125823 	   17271 	   27 	   18822 	   26 
 124704 	   15441 	   16 	   15415 	   16 
 125160 	   14824 	   16 	   15072 	   15 
 124446 	   16623 	   15 	   16444 	   16 
 124099 	   15592 	   15 	   15678 	   17 
 124684 	   14385 	   18 	   14845 	   16 
 124403 	   18096 	   21 	   17345 	   25 
 123684 	   17395 	   27 	   15642 	   28 
 124787 	   20135 	   28 	   20523 	   30 
 124423 	   14217 	   14 	   14613 	   13 
 125116 	   18750 	   22 	   20014 	   22 
 123899 	   15426 	   14 	   15592 	   13 
 123682 	   17604 	   44 	   16810 	   44 
 122467 	   11319 	   12 	   11174 	   13 
 123115 	   13334 	   21 	   13156 	   21 
 122806 	   15991 	   22 	   16061 	   23 
 123188 	   14142 	   19 	   14517 	   20 
 123062 	   12109 	   12 	   11833 	   12 
 123104 	   18569 	   26 	   17865 	   29 
 124116 	   15864 	   17 	   16437 	   19 
 122650 	   22302 	   21 	   19779 	   22 
 123950 	   12335 	   10 	   13680 	   11 
 123764 	   15084 	   16 	   14468 	   15 
 123057 	   19294 	   37 	   17690 	   37 
 123739 	   14927 	   25 	   15427 	   23 
 123701 	   13034 	   17 	   12686 	   16 
 124430 	   15824 	   22 	   16061 	   21 
 123450 	   18109 	   22 	   16676 	   23 
 125270 	   12541 	   18 	   14155 	   17 
 124175 	   14260 	   26 	   14024 	   28 
 124085 	   17432 	   19 	   17027 	   20 
 124181 	   19237 	   21 	   17940 	   20 
 124400 	   13866 	   19 	   13552 	   18 
 124185 	   23491 	   57 	   23305 	   60 
 125091 	   14720 	   56 	   17536 	   67 
 125797 	   15814 	   27 	   18030 	   28 
 124645 	   18748 	   60 	   18846 	   56 
 123652 	   12971 	   13 	   12964 	   12 
 123893 	   15171 	   18 	   15418 	   17 
 123719 	   16985 	   16 	   16398 	   14 
 123871 	   13007 	   15 	   13253 	   15 
 124138 	   15931 	   20 	   15846 	   17 
 123862 	   17649 	   25 	   17448 	   29 
 123155 	   16501 	   30 	   15327 	   31 
 124029 	   18107 	   29 	   19205 	   30 
 123272 	   15151 	   15 	   14613 	   14 
 124261 	   17787 	   22 	   18622 	   22 
 123440 	   15351 	   14 	   15607 	   13 
 123809 	   17117 	   29 	   16841 	   29 
 124471 	   12728 	   15 	   12797 	   16 
 124574 	   14850 	   16 	   14975 	   16 
 124377 	   18144 	   17 	   17439 	   17 
 125035 	   15408 	   19 	   15282 	   16 
 124955 	   17229 	   19 	   17533 	   17 
 124509 	   20213 	   30 	   19370 	   31 
 124587 	   15044 	   30 	   15023 	   29 
 124929 	   13609 	   19 	   13931 	   18 
 124574 	   19367 	   31 	   19489 	   32 
 124010 	   14193 	   14 	   14303 	   13 
 125108 	   15311 	   24 	   15989 	   25 
 124909 	   20925 	  106 	   19869 	  114 
 124776 	   12486 	   14 	   13982 	   14 
 124775 	   16060 	   18 	   15934 	   18 
 124291 	   16312 	   20 	   16195 	   20 
 124656 	   12680 	   13 	   12940 	   13 
 122865 	   17241 	   13 	   14503 	   12 
 125735 	   18523 	   26 	   20304 	   25 
 121669 	   18588 	   18 	   14768 	   17 
 126259 	   16397 	   23 	   20718 	   23 
 123455 	   17212 	   23 	   17306 	   25 
 123546 	   14628 	   14 	   13988 	   14 
 122092 	   14555 	   13 	   12714 	   14 
 124252 	   18427 	   48 	   19554 	   49 
 124784 	   15327 	   19 	   16457 	   21 
 123485 	   11706 	   11 	   11691 	   11 
 123633 	   15735 	   22 	   15140 	   22 
 122349 	   17661 	   14 	   16576 	   13 
 124177 	   17417 	   28 	   18295 	   27 
 123253 	   11131 	   14 	   11502 	   15 
 122690 	   12022 	   14 	   12147 	   15 
 122296 	   15166 	   23 	   14616 	   23 
 122328 	   15480 	   13 	   15528 	   14 
 119787 	   20529 	   56 	   15483 	   54 
 121612 	   23870 	   25 	   20309 	   27 
 125879 	   16205 	   16 	   22195 	   16 
 121841 	   17973 	   21 	   17387 	   25 
 122915 	   14718 	   13 	   15544 	   13 
 123235 	   11566 	   13 	   12396 	   14 
 118945 	   27992 	   27 	   16798 	   29 
 123744 	   15613 	   15 	   14332 	   14 
 128148 	   19513 	   26 	   27759 	   30 
 120860 	   21179 	   24 	   14947 	   27 
 126695 	   18546 	   18 	   24996 	   17 
 123586 	   16262 	   50 	   17746 	   49 
 121613 	   13825 	   20 	   12767 	   20 
 121860 	   12356 	   15 	   11329 	   13 
 120635 	   14997 	   25 	   15234 	   23 
 119717 	   14278 	   11 	   13064 	   11 
 120915 	   18725 	   32 	   16207 	   32 
 121950 	   16425 	   15 	   15534 	   13 
 123220 	   15249 	   17 	   15631 	   17 
 123022 	   16589 	   30 	   15881 	   28 
 121872 	   19079 	   17 	   17200 	   18 
 123232 	   19300 	   82 	   21451 	   99 
 123369 	   12402 	   13 	   13536 	   13 
 122414 	   11951 	   13 	   11304 	   13 
 122255 	   19931 	   25 	   19479 	   22 
 123613 	   17608 	   15 	   18184 	   15 
 122826 	   15930 	   24 	   16317 	   24 
 121964 	   10521 	   12 	   10567 	   13 
 120221 	   12267 	   11 	   11656 	   12 
 120822 	   15361 	   22 	   14553 	   20 
 121158 	   15757 	   11 	   15185 	   12 
 121542 	   18967 	   46 	   17488 	   43 
 124193 	   14310 	   17 	   15679 	   17 
 123145 	   14086 	   16 	   14259 	   15 
 123834 	   17612 	   16 	   17220 	   20 
 124173 	   19157 	   23 	   18017 	   20 
 124518 	   13993 	   17 	   16255 	   17 
 122785 	   21059 	   26 	   19528 	   29 
 122859 	   16451 	   14 	   17888 	   16 
 121978 	   16375 	   26 	   15520 	   23 
 123456 	   14401 	   13 	   15079 	   13 
 122613 	   20733 	   18 	   19019 	   18 
 114150 	   32761 	   47 	   27823 	   50 
 109607 	   36726 	   12 	   23696 	   13 
 112417 	   29104 	   25 	   22372 	   23 
 114017 	   22648 	   12 	   19021 	   13 
 120512 	   16508 	   28 	   14947 	   30 
 121181 	   17588 	   18 	   16235 	   18 
 121962 	   15264 	   30 	   15711 	   29 
 121107 	   11861 	   13 	   11158 	   13 
 122037 	   17275 	   17 	   14907 	   18 
 121906 	   15530 	   47 	   17423 	   48 
 121127 	   15838 	   15 	   15579 	   15 
 121900 	   16775 	   29 	   15976 	   26 
 121327 	   17115 	   20 	   16315 	   19 
 122697 	   18191 	   16 	   18722 	   15 
 122253 	   18651 	   31 	   18822 	   33 
 122576 	   19854 	   17 	   19345 	   17 
 123071 	   23400 	   33 	   20903 	   28 
 122938 	   15505 	   18 	   18905 	   17 
 123969 	   15596 	   18 	   16112 	   16 
 163268 	   61264 	  116 	  104349 	  122 
 130124 	   24600 	   71 	   28839 	   71 
 125467 	   19496 	   25 	   19139 	   25 
 125051 	   13164 	   13 	   13307 	   13 
 124533 	   16680 	   17 	   16827 	   14 
 125428 	   16627 	   14 	   17095 	   14 
 124146 	   13727 	   11 	   13023 	   10 
 123591 	   19345 	   22 	   15846 	   20 
 124096 	   22732 	   35 	   19173 	   33 
 126046 	   34587 	   60 	   34701 	   59 
 124643 	   15114 	   14 	   14421 	   14 
 125105 	   12571 	   11 	   13460 	   11 
 124661 	   16716 	   14 	   15768 	   14 
 126004 	   16449 	   14 	   16815 	   14 
 126426 	   18942 	   24 	   19865 	   24 
 126624 	   15975 	   25 	   17660 	   22 
 126804 	   16540 	   20 	   20865 	   19 
 125736 	   14487 	   11 	   14892 	   10 
 124450 	   19283 	   15 	   17117 	   15 
 124259 	   15992 	   15 	   14579 	   14 
 127036 	   18717 	   25 	   20668 	   26 
 125726 	   13032 	   12 	   14030 	   12 
 124774 	   18337 	   22 	   16571 	   22 
 126017 	   14149 	   20 	   15028 	   19 
 126062 	   18117 	   16 	   17982 	   16 
 124693 	   20780 	   16 	   18142 	   16 
 125130 	   22614 	   56 	   22276 	   60 
 128062 	   21256 	   19 	   24207 	   18 
 125644 	   17781 	   14 	   18823 	   13 
 124961 	   15244 	   13 	   14079 	   13 
 126509 	   14819 	   30 	   16078 	   23 
 125280 	   18862 	   29 	   18560 	   29 
 125059 	   13986 	   13 	   14058 	   11 
 125399 	   23029 	   37 	   21708 	   38 
 125193 	   15335 	   15 	   15759 	   15 
 125221 	   19377 	   14 	   18977 	   14 
 125741 	   13394 	   15 	   14018 	   13 
 125223 	   22407 	   22 	   21758 	   21 
 125535 	   20522 	   25 	   20609 	   23 
 124903 	   16105 	   12 	   16269 	   12 
 125472 	   19304 	   28 	   19902 	   26 
 125144 	   16406 	   32 	   15077 	   31 
 125883 	   16192 	   22 	   16477 	   20 
 125329 	   16848 	   17 	   17109 	   15 
 125251 	   19865 	   20 	   18448 	   19 
 124463 	   24299 	   45 	   21357 	   40 
 125118 	   14889 	   16 	   14051 	   16 
 124278 	   24984 	   35 	   21302 	   34 
 126550 	   16227 	   20 	   19557 	   18 
 125780 	   18808 	   19 	   19130 	   18 
 124500 	   15609 	   13 	   14537 	   14 
 124926 	   25897 	   26 	   24087 	   26 
 126956 	   17956 	   18 	   21894 	   15 
 124934 	   17992 	   13 	   17271 	   13 
 124120 	   21388 	   24 	   18639 	   23 
 125312 	   18324 	   19 	   17453 	   18 
 125542 	   14333 	   14 	   15091 	   13 
 124698 	   15489 	   16 	   13353 	   17 
 123473 	   26044 	   32 	   20698 	   33 
 124563 	   29332 	  106 	   27070 	  116 
 124985 	   18636 	   30 	   18264 	   33 
 124878 	   17318 	   24 	   17912 	   21 
 124555 	   19642 	   20 	   19998 	   18 
 124574 	   15096 	   21 	   15579 	   20 
 124610 	   13839 	   12 	   14051 	   10 
 125402 	   23694 	   31 	   24106 	   29 
 125039 	   16884 	   13 	   17619 	   13 
 125322 	   20073 	   16 	   20776 	   16 
 125702 	   16170 	   17 	   16118 	   17 
 124954 	   17929 	   16 	   17495 	   16 
 125427 	   17977 	   20 	   18201 	   19 
 124979 	   15244 	   15 	   15094 	   14 
 124669 	   29851 	   52 	   27959 	   51 
 124414 	   12051 	   14 	   14083 	   12 
 124048 	   14126 	   18 	   14712 	   14 
 124177 	   18838 	   26 	   18870 	   25 
 123142 	   15931 	   15 	   15891 	   14 
 122940 	   14477 	   18 	   13390 	   15 
 125943 	   27615 	   32 	   28815 	   31 
 124254 	   15261 	   13 	   15969 	   13 
 124653 	   17887 	   31 	   17566 	   29 
 123854 	   14194 	   16 	   14341 	   15 
 124542 	   13117 	   21 	   13377 	   20 
 124339 	   15418 	   23 	   15733 	   19 
 126772 	   23220 	   51 	   27546 	   48 
 127074 	   23372 	   43 	   26983 	   42 
 125814 	   15861 	   13 	   17374 	   13 
 124820 	   18561 	   15 	   18598 	   15 
 124743 	   15897 	   15 	   14409 	   14 
 125908 	   24149 	   21 	   24647 	   21 
 125991 	   13587 	   14 	   15910 	   12 
 124346 	   17424 	   17 	   17105 	   15 
 125074 	   21595 	   26 	   21921 	   27 
 123211 	   19154 	   17 	   15726 	   18 
 124221 	   21120 	   25 	   19337 	   23 
 125114 	   15894 	   19 	   17902 	   18 
 124935 	   13996 	   12 	   14687 	   11 
 121921 	   30168 	   31 	   23546 	   31 
 126256 	   26811 	   45 	   29298 	   45 
 124010 	   16580 	   13 	   16283 	   13 
 124963 	   16264 	   24 	   17412 	   27 
 125584 	   18512 	   31 	   20134 	   29 
 125951 	   16617 	   23 	   19196 	   22 
 122112 	   19479 	   16 	   17662 	   16 
 124006 	   23541 	   30 	   23300 	   29 
 124165 	   18617 	   21 	   19269 	   21 
 123116 	   13994 	   16 	   15660 	   15 
 122062 	   28921 	   32 	   22588 	   29 
 123958 	   16690 	   21 	   17476 	   20 
 123147 	   17779 	   15 	   16429 	   15 
 124467 	   25836 	   42 	   23209 	   41 
 124659 	   18001 	   18 	   16684 	   17 
 124432 	   15681 	   28 	   16033 	   30 
 125133 	   16955 	   20 	   15892 	   19 
 124663 	   19905 	   23 	   19793 	   22 
 123995 	   19766 	   22 	   19371 	   21 
 123407 	   20314 	   95 	   20337 	  101 
 122460 	   18995 	   22 	   17035 	   21 
 122887 	   17680 	   18 	   19097 	   18 
 122939 	   17073 	   22 	   16939 	   28 
 122774 	   22522 	   19 	   19723 	   19 
 124491 	   21407 	   36 	   23431 	   36 
 123030 	   18023 	   18 	   18006 	   18 
 123628 	   17719 	   29 	   17092 	   29 
 123692 	   18911 	   26 	   18024 	   26 
 123267 	   13721 	   15 	   14256 	   14 
 124135 	   18583 	   24 	   19974 	   23 
 124186 	   14786 	   21 	   16005 	   21 
 123551 	   20550 	   46 	   18850 	   54 
 123059 	   19608 	   19 	   19566 	   20 
 124272 	   22042 	   26 	   21436 	   21 
 123104 	   19667 	   22 	   19405 	   21 
 125496 	   19540 	   26 	   22278 	   22 
 124786 	   25387 	   39 	   22749 	   36 
 123984 	   16167 	   15 	   16543 	   15 
 123602 	   23584 	   24 	   21099 	   25 
 124339 	   25526 	   25 	   24831 	   24 
 125561 	   17892 	   26 	   17630 	   23 
 123252 	   17053 	   14 	   17616 	   14 
 126646 	   20790 	   22 	   24051 	   20 
 125258 	   19974 	   68 	   23480 	   63 
 124419 	   20609 	   25 	   20719 	   29 
 123450 	   16940 	   14 	   17654 	   13 
 124646 	   20349 	   35 	   22848 	   34 
 123370 	   15475 	   19 	   17439 	   17 
 121663 	   29971 	   30 	   25877 	   28 
 123981 	   19974 	   19 	   23213 	   19 
 122223 	   19699 	   15 	   17388 	   15 
 122716 	   22779 	   22 	   21263 	   22 
 122735 	   18043 	   15 	   16284 	   13 
 123688 	   20471 	   23 	   19163 	   24 
 123738 	   25942 	   54 	   25216 	   52 
 124231 	   15930 	   15 	   15967 	   15 
 124640 	   26579 	   27 	   26332 	   28 
 124366 	   20167 	   20 	   21294 	   20 
 124723 	   18590 	   17 	   19027 	   15 
 125864 	   24007 	   35 	   25179 	   33 
 123067 	   19391 	   18 	   19592 	   18 
 123256 	   25615 	   29 	   22430 	   22 
 124791 	   22447 	   24 	   25309 	   24 
 123778 	   20956 	   18 	   21446 	   18 
 123633 	   27047 	   28 	   23205 	   28 
 123083 	   20072 	   16 	   21056 	   15 
 124357 	   24232 	   25 	   22629 	   23 
 124386 	   23320 	   41 	   22303 	   43 
 123761 	   19141 	   21 	   18816 	   20 
 123544 	   22278 	   21 	   22495 	   19 
 123849 	   18397 	   18 	   17808 	   19 
 124143 	   19723 	   23 	   20274 	   23 
 124242 	   21833 	   37 	   21000 	   42 
 124962 	   20661 	   24 	   21549 	   22 
 124069 	   23712 	   23 	   24191 	   21 
 125101 	   17579 	   16 	   18367 	   16 
 128231 	   30262 	  147 	   36490 	  155 
 125074 	   15763 	   22 	   16331 	   25 
 126587 	   20054 	   50 	   22683 	   53 
 124969 	   14661 	   16 	   14606 	   16 
 125880 	   20215 	   41 	   22231 	   46 
 126156 	   21507 	   20 	   22686 	   20 
 124820 	   15126 	   15 	   14453 	   15 
 125527 	   17037 	   20 	   18144 	   21 
 126242 	   17869 	   21 	   17980 	   21 
 124956 	   16809 	   17 	   16341 	   15 
 124821 	   21885 	   31 	   21751 	   29 
 125631 	   16689 	   13 	   16698 	   13 
 124694 	   15557 	   12 	   15293 	   12 
 123708 	   28916 	   26 	   22820 	   29 
 125196 	   16330 	   14 	   15695 	   13 
 125586 	   19021 	   29 	   19356 	   24 
 125355 	   18268 	   16 	   18192 	   15 
 125020 	   20509 	   20 	   18765 	   19 
 126683 	   23301 	   44 	   24773 	   48 
 125726 	   12950 	   15 	   15674 	   16 
 127044 	   19073 	   16 	   20999 	   16 
 125545 	   17982 	   11 	   18298 	   11 
 125742 	   24377 	   25 	   23262 	   25 
 125858 	   17642 	   17 	   18655 	   16 
 125743 	   12941 	   15 	   13687 	   14 
 125514 	   15173 	   21 	   14842 	   22 
 126210 	   18489 	   12 	   18056 	   12 
 125676 	   15482 	   14 	   16173 	   14 
 125383 	   22135 	   19 	   21165 	   19 
 126344 	   16232 	   20 	   17183 	   19 
 125851 	   13663 	   12 	   14451 	   12 
 124700 	   18584 	   28 	   16213 	   30 
 125904 	   13619 	   13 	   14383 	   12 
 127016 	   33286 	   47 	   34385 	   56 
 125842 	   16521 	   16 	   17737 	   16 
 126275 	   15437 	   15 	   16600 	   15 
 125172 	   14373 	   14 	   13702 	   14 
 125506 	   15479 	   16 	   16300 	   16 
 126311 	   16222 	   21 	   17535 	   22 
 129334 	   24451 	   54 	   30728 	   60 
 123676 	   15417 	   11 	   16378 	   11 
 123583 	   19698 	   21 	   17487 	   21 
 126405 	   25266 	   23 	   26839 	   25 
 125035 	   17605 	   11 	   17919 	   11 
 122924 	   22704 	   16 	   18442 	   14 
 124909 	   20178 	   23 	   22071 	   23 
 123011 	   16828 	   14 	   14764 	   13 
 123209 	   14885 	   17 	   15464 	   18 
 123972 	   20016 	   23 	   20262 	   26 
 125573 	   17142 	   18 	   21128 	   17 
 123022 	   18406 	   22 	   17184 	   24 
 126822 	   28962 	   37 	   30603 	   41 
 124628 	   13868 	   10 	   13656 	   10 
 127941 	   19983 	   29 	   27274 	   30 
 123253 	   17843 	   14 	   15263 	   14 
 123686 	   12905 	   15 	   12827 	   15 
 126428 	   18137 	   22 	   22306 	   22 
 126203 	   17375 	   49 	   22352 	   50 
 122526 	   11425 	   14 	   11520 	   14 
 122234 	   14293 	   19 	   13025 	   19 
 123348 	   16073 	   23 	   16681 	   26 
 124951 	   17095 	   18 	   19863 	   18 
 121371 	   14327 	   13 	   11453 	   14 
 123043 	   16137 	   32 	   14686 	   32 
 124276 	   17063 	   18 	   17652 	   19 
 123891 	   15901 	   24 	   15163 	   28 
 123443 	   11930 	   12 	   12643 	   12 
 128736 	   14586 	   21 	   22707 	   21 
 120111 	   26022 	   33 	   16791 	   37 
 126292 	   16165 	   22 	   22189 	   21 
 120306 	   22560 	   19 	   15968 	   21 
 125041 	   17758 	   18 	   19537 	   18 
 125995 	   14096 	   17 	   18030 	   17 
 123814 	   11409 	   12 	   13190 	   12 
 125045 	   14079 	   25 	   16370 	   25 
 124591 	   16844 	   16 	   17328 	   17 
 124293 	   14125 	   13 	   12919 	   13 
 125756 	   14227 	   20 	   18562 	   18 
 128406 	   23508 	   71 	   28251 	   63 
 123900 	   20260 	   25 	   16115 	   25 
 126197 	   12050 	   13 	   14972 	   13 
 125688 	   15326 	   14 	   15896 	   15 
 123932 	   19231 	   21 	   17460 	   19 
 121993 	   27276 	   38 	   18620 	   40 
 123194 	   16274 	   20 	   13410 	   20 
 120463 	   22103 	   85 	   14989 	   92 
 118927 	   28053 	   41 	   15555 	   43 
 121800 	   20062 	   18 	   14676 	   19 
 126843 	   19637 	   70 	   23507 	   74 
 126673 	   15795 	   21 	   18628 	   21 
 125201 	   19185 	   20 	   19613 	   17 
 125400 	   13507 	   14 	   14183 	   15 
 127376 	   17025 	   28 	   22006 	   27 
 125149 	   15359 	   17 	   17482 	   17 
 125910 	   18819 	   20 	   20908 	   19 
 121021 	   21733 	   19 	   14819 	   20 
 128081 	   16000 	   21 	   21732 	   23 
 124565 	   11968 	   14 	   13506 	   14 
 124083 	   17109 	   23 	   14970 	   22 
 126664 	   16573 	   28 	   17729 	   28 
 124309 	   13530 	   11 	   11856 	   12 
 125421 	   16977 	   13 	   18350 	   13 
 125603 	   13879 	   11 	   13985 	   13 
 121453 	   25179 	   29 	   18046 	   31 
 124605 	   13743 	   12 	   13862 	   12 
 122030 	   19684 	   15 	   15374 	   15 
 126237 	   26377 	   40 	   26871 	   42 
 129175 	   18831 	   28 	   28922 	   29 
 124418 	   15685 	   16 	   16536 	   15 
 124300 	   15705 	   13 	   15582 	   13 
 123602 	   12894 	   16 	   12535 	   16 
 125204 	   16039 	   30 	   19139 	   31 
 126424 	   15539 	   18 	   20695 	   18 
 123711 	   13126 	   12 	   12922 	   13 
 120988 	   23359 	   26 	   17494 	   28 
 125209 	   11636 	   14 	   14150 	   14 
 124478 	   15557 	   14 	   16634 	   14 
 127273 	   17566 	   19 	   23679 	   20 
 126158 	   14131 	   15 	   17807 	   15 
 124914 	   20235 	   20 	   20070 	   20 
 123352 	   15492 	   19 	   12875 	   20 
 123158 	   23090 	   19 	   19425 	   19 
 128694 	   14047 	   22 	   23463 	   20 
 121564 	   20119 	   38 	   14541 	   40 
 121320 	   20195 	   37 	   13752 	   39 
 120327 	   26611 	   17 	   16476 	   17 
 124944 	   12746 	   14 	   13697 	   14 
 125105 	   19189 	   41 	   21245 	   43 
 125848 	   15037 	   19 	   19798 	   21 
 123729 	   11993 	   15 	   13204 	   15 
 122862 	   15934 	   13 	   14318 	   12 
 124849 	   17199 	   27 	   19803 	   27 
 126252 	   15228 	   17 	   20169 	   16 
 125444 	   15428 	   16 	   17481 	   16 
 124586 	   13906 	   13 	   14027 	   13 
 126241 	   23056 	   40 	   27027 	   46 
 125017 	   17263 	   18 	   17295 	   18 
 123758 	   13130 	   13 	   12739 	   14 
 125177 	   21945 	   22 	   21798 	   21 
 124935 	   16962 	   17 	   15915 	   16 
 124445 	   14190 	   15 	   14844 	   12 
 124236 	   20819 	   32 	   20007 	   33 
 123775 	   14639 	   18 	   14362 	   16 
 123244 	   11521 	   14 	   11729 	   14 
 123560 	   16580 	   24 	   15487 	   24 
 124479 	   17052 	   17 	   17796 	   16 
 123043 	   12433 	   16 	   12211 	   16 
 125609 	   21556 	   34 	   20900 	   34 
 125138 	   17613 	   32 	   17381 	   37 
 124342 	   12890 	   12 	   12891 	   12 
 123764 	   21194 	   21 	   20483 	   20 
 124069 	   13434 	   17 	   14017 	   17 
 124402 	   18143 	   25 	   18036 	   23 
 124464 	   20862 	   59 	   20872 	   59 
 125490 	   14886 	   20 	   14339 	   22 
 125492 	   18328 	   22 	   17922 	   17 
 125382 	   16468 	   17 	   16280 	   16 
 124622 	   17419 	   14 	   16673 	   14 
 125392 	   17109 	   42 	   16758 	   45 
 124432 	   12888 	   14 	   13108 	   14 
 124316 	   21311 	   57 	   20520 	   57 
 122545 	   11132 	   13 	   11088 	   13 
 122735 	   13667 	   21 	   14091 	   21 
 123129 	   16575 	   26 	   16306 	   23 
 123193 	   14632 	   19 	   15007 	   20 
 123154 	   11704 	   13 	   11935 	   13 
 123518 	   15760 	   32 	   15635 	   34 
 123893 	   17406 	   23 	   16736 	   25 
 124147 	   15064 	   22 	   14967 	   23 
 123427 	   11979 	   11 	   12313 	   11 
 123559 	   17875 	   17 	   16858 	   16 
 125265 	   16557 	   35 	   16537 	   38 
 123196 	   12879 	   21 	   13290 	   20 
 123867 	   17321 	   22 	   16751 	   21 
 123766 	   16141 	   22 	   16237 	   21 
 123252 	   13808 	   18 	   12698 	   16 
 123353 	   11919 	   12 	   11811 	   12 
 124038 	   16180 	   24 	   15289 	   27 
 124399 	   16273 	   21 	   16016 	   21 
 124644 	   13338 	   13 	   13523 	   13 
 123397 	   16827 	   16 	   15768 	   18 
 124376 	   28081 	   66 	   26280 	   74 
 125612 	   17995 	   42 	   21349 	   40 
 125232 	   16617 	   22 	   18644 	   22 
 125798 	   20393 	   61 	   21249 	   66 
 126032 	   17147 	   20 	   17825 	   18 
 125115 	   14983 	   18 	   15283 	   16 
 125340 	   13322 	   20 	   14354 	   20 
 124508 	   18109 	   26 	   16139 	   24 
 126490 	   16257 	   26 	   17665 	   27 
 125037 	   13179 	   12 	   12527 	   12 
 124344 	   18209 	   12 	   17319 	   12 
 124949 	   14241 	   14 	   14449 	   14 
 123874 	   21977 	   24 	   19245 	   22 
 124899 	   14345 	   17 	   14969 	   16 
 124356 	   18396 	   15 	   17112 	   15 
 124067 	   12465 	   12 	   12540 	   12 
 125082 	   21508 	   21 	   21696 	   23 
 124389 	   14204 	   19 	   14534 	   19 
 124748 	   22101 	   27 	   21714 	   27 
 123874 	   13651 	   10 	   13188 	   10 
 124613 	   21803 	   38 	   20226 	   42 
 126021 	   13256 	   22 	   16413 	   22 
 125244 	   17965 	   32 	   19724 	   33 
 125260 	   16730 	   17 	   18085 	   17 
 123894 	   14484 	   17 	   14340 	   15 
 124391 	   12505 	   15 	   13718 	   15 
 123994 	   16717 	   53 	   17186 	   61 
 123692 	   16667 	   18 	   16198 	   17 
 123979 	   13122 	   13 	   13054 	   13 
 123999 	   19600 	   23 	   19146 	   22 
 123944 	   14385 	   19 	   14877 	   19 
 123721 	   12931 	   13 	   12798 	   12 
 123529 	   19940 	   30 	   19420 	   32 
 123631 	   18699 	   26 	   17570 	   25 
 124555 	   14331 	   16 	   14383 	   16 
 124248 	   19402 	   19 	   18455 	   18 
 125367 	   15416 	   20 	   16069 	   18 
 124678 	   17938 	   19 	   17375 	   19 
 124486 	   15229 	   21 	   15642 	   21 
 124500 	   19708 	   32 	   18983 	   32 
 124708 	   19361 	   20 	   19734 	   21 
 124914 	   14756 	   16 	   14773 	   16 
 123885 	   13973 	   36 	   14321 	   34 
 123261 	   12556 	   16 	   12904 	   16 
 123854 	   17356 	   15 	   17647 	   14 
 123448 	   16130 	   19 	   15858 	   16 
 124773 	   19374 	   35 	   21105 	   39 
 124164 	   15688 	   14 	   15563 	   13 
 124610 	   19265 	   21 	   19594 	   20 
 124401 	   15614 	   15 	   16202 	   15 
 125459 	   20264 	  115 	   20522 	  127 
 124621 	   16095 	   16 	   16074 	   14 
 124094 	   13645 	   12 	   12741 	   12 
 124567 	   19109 	   16 	   18197 	   16 
 124754 	   15278 	   15 	   16527 	   15 
 124684 	   12811 	   25 	   14047 	   26 
 123809 	   16384 	   22 	   15666 	   22 
 121390 	   25420 	   29 	   18339 	   28 
 126054 	   13101 	   16 	   18512 	   16 
 123925 	   13793 	   17 	   15333 	   17 
 123108 	   15716 	   15 	   15396 	   15 
 123842 	   16093 	   27 	   16057 	   27 
 121880 	   19350 	   24 	   15013 	   25 
 124331 	   24174 	   24 	   24766 	   23 
 123559 	   11720 	   12 	   12020 	   12 
 125094 	   16603 	   21 	   18983 	   21 
 122875 	   13552 	   13 	   13167 	   13 
 122264 	   20503 	   28 	   18446 	   28 
 124054 	   17155 	   15 	   19636 	   15 
 122227 	   15888 	   18 	   15415 	   18 
 122721 	   10947 	   10 	   11401 	   10 
 121662 	   12426 	   12 	   11994 	   12 
 118513 	   29511 	   58 	   20234 	   63 
 125289 	   12465 	   14 	   17839 	   14 
 124197 	   13333 	   18 	   15795 	   18 
 122738 	   12131 	   15 	   12091 	   15 
 121021 	   20243 	   14 	   15497 	   14 
 123131 	   20091 	   20 	   21336 	   20 
 122408 	   19350 	   18 	   14455 	   18 
 122274 	   24896 	   25 	   20668 	   27 
 125830 	   15359 	   18 	   20699 	   18 
 124305 	   13638 	   15 	   16132 	   15 
 124572 	   12977 	   12 	   16142 	   12 
 123245 	   16144 	   36 	   17163 	   36 
 121533 	   17014 	   13 	   14213 	   13 
 121736 	   16444 	   16 	   17922 	   16 
 119196 	   15836 	   15 	   14200 	   15 
 119301 	   19314 	   34 	   14892 	   35 
 123369 	   11703 	   15 	   14509 	   13 
 120589 	   21736 	   17 	   15918 	   17 
 124390 	   22321 	   22 	   26338 	   22 
 120555 	   26322 	   22 	   19673 	   22 
 125292 	   10896 	   13 	   17940 	   13 
 121447 	   26490 	   64 	   23555 	   69 
 123239 	   14735 	   14 	   16461 	   14 
 123097 	   12351 	   17 	   12929 	   17 
 123692 	   12035 	   13 	   14100 	   12 
 122162 	   15972 	   16 	   14425 	   16 
 122992 	   17623 	   28 	   18976 	   28 
 121201 	   15850 	   18 	   15162 	   18 
 119648 	   16745 	   17 	   15826 	   17 
 122284 	   12416 	   16 	   12739 	   16 
 120344 	   12615 	   14 	   11876 	   14 
 122882 	   26490 	   33 	   23632 	   33 
 123481 	   16434 	   13 	   17040 	   13 
 124769 	   23144 	   21 	   23376 	   20 
 122402 	   16823 	   16 	   14883 	   16 
 125277 	   22073 	   20 	   24899 	   20 
 123780 	   26155 	   34 	   25458 	   33 
 123352 	   14057 	   17 	   15698 	   17 
 121332 	   16347 	   15 	   15381 	   15 
 122697 	   21642 	   19 	   20994 	   19 
 122990 	   25575 	   20 	   25291 	   20 
 122438 	   19523 	   59 	   21995 	   64 
 106770 	   42086 	   18 	   27997 	   18 
 111883 	   31089 	   20 	   23281 	   20 
 112194 	   28025 	   17 	   21279 	   17 
 118720 	   18082 	   34 	   15583 	   36 
 120806 	   11189 	   12 	   10985 	   12 
 121622 	   15474 	   22 	   13747 	   22 
 121203 	   17867 	   20 	   17789 	   20 
 121858 	   23876 	   18 	   21035 	   18 
 122536 	   17533 	   42 	   20266 	   45 
 121332 	   13579 	   18 	   13964 	   18 
 120864 	   16001 	   13 	   13756 	   13 
 122624 	   18486 	   23 	   19574 	   23 
 120868 	   24305 	   20 	   21474 	   20 
 123115 	   24662 	   39 	   25085 	   39 
 122050 	   21002 	   20 	   19344 	   20 
 122402 	   19449 	   17 	   20987 	   16 
 121811 	   28825 	   22 	   26642 	   22 
 124142 	   26872 	   20 	   28940 	   20 
 142601 	   38864 	  107 	   60790 	  123 
 153365 	   51673 	   67 	   81026 	   66 
 124238 	   14947 	   23 	   13832 	   25 
 125215 	   14629 	   18 	   15470 	   17 
 124805 	   18138 	   22 	   17838 	   18 
 124862 	   13190 	   16 	   13499 	   16 
 124581 	   16427 	   12 	   15322 	   12 
 124071 	   18913 	   21 	   16890 	   21 
 123161 	   24905 	   43 	   20296 	   39 
 124372 	   25001 	   61 	   22093 	   62 
 126760 	   19954 	   27 	   23195 	   27 
 124617 	   14569 	   16 	   13764 	   16 
 126182 	   18278 	   22 	   19729 	   21 
 125598 	   14620 	   13 	   14998 	   13 
 124348 	   15616 	   16 	   13991 	   16 
 126574 	   14565 	   21 	   16327 	   20 
 127552 	   18872 	   52 	   23349 	   57 
 126047 	   14948 	   17 	   16353 	   17 
 125471 	   17932 	   22 	   17955 	   22 
 125077 	   14866 	   13 	   14909 	   13 
 122908 	   21225 	   17 	   16451 	   17 
 128228 	   16444 	   22 	   21566 	   22 
 125506 	   18619 	   21 	   17888 	   21 
 125623 	   15885 	   19 	   16518 	   22 
 125419 	   18593 	   15 	   17525 	   14 
 124816 	   16278 	   23 	   14243 	   22 
 124807 	   13240 	   16 	   12454 	   14 
 126092 	   24212 	   44 	   23364 	   40 
 127114 	   18461 	   32 	   21642 	   26 
 126261 	   19100 	   18 	   19645 	   18 
 125846 	   18687 	   23 	   18689 	   23 
 125406 	   19491 	   32 	   19638 	   31 
 124756 	   15013 	   16 	   14637 	   15 
 125494 	   17662 	   29 	   17013 	   26 
 125158 	   24915 	   33 	   24163 	   33 
 125098 	   14950 	   15 	   14734 	   15 
 125195 	   15545 	   20 	   15409 	   20 
 125855 	   19245 	   16 	   19820 	   15 
 124909 	   18147 	   13 	   18027 	   14 
 125820 	   18025 	   23 	   17925 	   20 
 125166 	   17024 	   28 	   17047 	   24 
 125595 	   20728 	   46 	   21224 	   44 
 125285 	   17222 	   16 	   16520 	   15 
 125857 	   13937 	   15 	   14848 	   14 
 125048 	   23080 	   26 	   21249 	   25 
 125072 	   19570 	   56 	   18550 	   51 
 125038 	   14538 	   14 	   14166 	   15 
 123674 	   20278 	   17 	   17396 	   17 
 127135 	   24793 	   37 	   25784 	   37 
 125469 	   13612 	   16 	   14229 	   15 
 125608 	   19176 	   26 	   19984 	   27 
 123407 	   19385 	   17 	   16476 	   17 
 126068 	   19994 	   20 	   20412 	   20 
 126350 	   16227 	   14 	   19120 	   14 
 123607 	   19963 	   20 	   16184 	   19 
 124593 	   14766 	   14 	   13707 	   13 
 125723 	   16883 	   20 	   16429 	   20 
 125841 	   18895 	   15 	   19601 	   15 
 124164 	   23791 	   25 	   20678 	   21 
 123771 	   38041 	  109 	   31214 	  116 
 124585 	   19006 	   29 	   19328 	   28 
 124636 	   15693 	   14 	   15563 	   13 
 124016 	   17565 	   19 	   16841 	   18 
 125424 	   23782 	   22 	   25087 	   22 
 124958 	   18288 	   23 	   18123 	   18 
 124815 	   19242 	   37 	   18903 	   36 
 123465 	   17759 	   17 	   18048 	   18 
 123380 	   17858 	   22 	   18525 	   21 
 124273 	   18532 	   21 	   18696 	   19 
 123802 	   15488 	   13 	   15505 	   13 
 123474 	   20149 	   22 	   18929 	   21 
 125730 	   26691 	   33 	   28920 	   32 
 125015 	   16538 	   15 	   16658 	   15 
 125339 	   20823 	   15 	   20559 	   15 
 124805 	   19493 	   20 	   19446 	   18 
 125570 	   17746 	   16 	   18954 	   16 
 125857 	   21186 	   19 	   20651 	   18 
 124476 	   16972 	   12 	   17347 	   11 
 125681 	   28237 	   30 	   27447 	   29 
 125172 	   19441 	   30 	   19062 	   28 
 124443 	   16651 	   20 	   17143 	   20 
 123818 	   15967 	   13 	   16125 	   13 
 124070 	   18961 	   22 	   18709 	   22 
 124660 	   17924 	   14 	   19004 	   15 
 123897 	   14296 	   16 	   15294 	   15 
 124059 	   20881 	   75 	   21189 	   89 
 121897 	   18083 	   21 	   18041 	   23 
 123232 	   22691 	   25 	   20162 	   23 
 122866 	   16384 	   15 	   17477 	   17 
 122656 	   22618 	   20 	   21395 	   18 
 124646 	   26363 	   39 	   26262 	   50 
 123826 	   15338 	   21 	   16159 	   23 
 121938 	   20180 	   22 	   16939 	   16 
 124593 	   25034 	   28 	   26936 	   27 
 125399 	   22329 	   21 	   24587 	   17 
 124122 	   15712 	   16 	   15642 	   14 
 124163 	   25446 	   47 	   24638 	   47 
 123400 	   20491 	   22 	   19360 	   22 
 123216 	   16141 	   13 	   17192 	   13 
 123792 	   17560 	   23 	   16642 	   23 
 123287 	   21035 	   19 	   19803 	   18 
 123746 	   16152 	   13 	   17701 	   14 
 124924 	   35852 	   43 	   33673 	   40 
 123842 	   19574 	   26 	   18856 	   25 
 124691 	   19273 	   25 	   18733 	   24 
 124423 	   17618 	   17 	   16996 	   17 
 124291 	   18877 	   25 	   20621 	   25 
 124530 	   15981 	   13 	   18085 	   13 
 125083 	   15843 	   18 	   18574 	   16 
 130369 	   25921 	   62 	   32722 	   61 
 126022 	   16646 	   17 	   19196 	   17 
 125772 	   17222 	   17 	   17649 	   17 
 125977 	   19525 	   18 	   21394 	   18 
 123893 	   18544 	   17 	   15580 	   18 
 125586 	   18316 	   17 	   18872 	   17 
 125268 	   19055 	   16 	   19209 	   16 
 125710 	   24637 	   39 	   25479 	   41 
 124825 	   16935 	   14 	   18321 	   14 
 125138 	   22904 	   22 	   21663 	   20 
 124261 	   18554 	   13 	   19505 	   13 
 124700 	   19189 	   23 	   21112 	   23 
 123555 	   19378 	   14 	   16067 	   14 
 123940 	   21780 	   18 	   19426 	   18 
 125172 	   16155 	   15 	   17988 	   14 
 125337 	   13704 	   12 	   17032 	   12 
 121404 	   33782 	   32 	   24766 	   32 
 127252 	   26681 	   27 	   30362 	   27 
 123803 	   17405 	   26 	   17589 	   25 
 124559 	   14226 	   24 	   15781 	   22 
 121909 	   14878 	   14 	   12634 	   13 
 122876 	   16616 	   24 	   16209 	   23 
 122511 	   26026 	   27 	   22263 	   27 
 123567 	   19529 	   17 	   17626 	   17 
 124008 	   14804 	   14 	   16420 	   14 
 123236 	   32667 	   36 	   26818 	   36 
 124921 	   13296 	   15 	   13335 	   15 
 124835 	   21084 	   29 	   21013 	   29 
 124243 	   16878 	   12 	   17214 	   10 
 124901 	   26326 	   22 	   26605 	   21 
 124160 	   21295 	   19 	   20694 	   17 
 124837 	   30118 	   59 	   28761 	   53 
 123631 	   16685 	   13 	   18449 	   13 
 124160 	   18846 	   20 	   18385 	   19 
 125115 	   31364 	   46 	   31035 	   46 
 124262 	   19520 	   13 	   19490 	   13 
 124376 	   24188 	   19 	   25431 	   18 
 124392 	   21801 	   14 	   20898 	   14 
 125787 	   28613 	   40 	   30264 	   40 
 124214 	   16635 	   28 	   18502 	   26 
 123760 	   18640 	   25 	   22822 	   25 
 121485 	   21687 	   20 	   18611 	   20 
 122923 	   21581 	   21 	   21458 	   20 
 121437 	   24063 	   19 	   20303 	   18 
 123916 	   19005 	   25 	   20096 	   25 
 122736 	   30475 	   22 	   27509 	   21 
 123448 	   18285 	   12 	   18722 	   12 
 124781 	   37051 	   35 	   36140 	   35 
 124100 	   23097 	   25 	   23319 	   24 
 124823 	   22675 	   22 	   26034 	   23 
 123504 	   15617 	   13 	   14612 	   13 
 123482 	   17324 	   23 	   17419 	   23 
 122171 	   24322 	   23 	   21047 	   22 
 124029 	   26396 	   31 	   24450 	   31 
 123624 	   28357 	   21 	   27749 	   18 
 124525 	   31692 	   39 	   30034 	   41 
 123278 	   17934 	   14 	   18528 	   13 
 124010 	   23184 	   21 	   23398 	   20 
 123919 	   18515 	   19 	   18080 	   16 
 123902 	   20563 	   25 	   20881 	   25 
 123936 	   24559 	   28 	   23137 	   28 
 124110 	   17362 	   15 	   17965 	   12 
 124836 	   25634 	   23 	   25709 	   23 
 124848 	   19223 	   16 	   19972 	   16 
 126325 	   31354 	  138 	   33985 	  138 
 124646 	   12639 	   20 	   13138 	   23 
 124729 	   15792 	   21 	   15877 	   16 
 125112 	   16062 	   23 	   15891 	   17 
 124738 	   13014 	   15 	   13484 	   15 
 125315 	   16832 	   22 	   16822 	   13 
 124718 	   18516 	   27 	   18487 	   26 
 125608 	   20244 	   42 	   20528 	   40 
 125022 	   14032 	   22 	   14709 	   19 
 126177 	   26027 	   61 	   27070 	   73 
 124980 	   15062 	   16 	   14914 	   16 
 125876 	   17264 	   20 	   17445 	   20 
 125069 	   14283 	   10 	   14634 	   10 
 125632 	   18013 	   17 	   18183 	   14 
 125902 	   16044 	   16 	   16340 	   16 
 125855 	   22087 	   46 	   23187 	   46 
 125370 	   17160 	   18 	   17265 	   18 
 125515 	   15192 	   19 	   15558 	   18 
 125317 	   13065 	   16 	   13361 	   16 
 125546 	   17665 	   19 	   17764 	   18 
 125539 	   13970 	   17 	   14327 	   16 
 125965 	   18872 	   36 	   19364 	   34 
 125476 	   14419 	   13 	   14008 	   13 
 125994 	   17717 	   18 	   18218 	   21 
 124973 	   14360 	   13 	   13666 	   13 
 125408 	   20187 	   20 	   18937 	   19 
 126140 	   27074 	   32 	   27022 	   26 
 127204 	   21547 	   26 	   24209 	   25 
 125952 	   19307 	   21 	   19617 	   19 
 124924 	   17430 	   17 	   16356 	   14 
 126898 	   17492 	   40 	   19716 	   40 
 124791 	   13143 	   13 	   13264 	   13 
 125235 	   16709 	   24 	   15150 	   26 
 125632 	   24492 	   29 	   24589 	   29 
 124265 	   14752 	   14 	   13133 	   14 
 125768 	   14711 	   17 	   16417 	   18 
 126686 	   19167 	   19 	   21449 	   15 
 125990 	   17802 	   22 	   18776 	   19 
 125058 	   16626 	   15 	   15517 	   15 
 124542 	   13777 	   16 	   13692 	   15 
 123138 	   24829 	   47 	   19526 	   48 
 125178 	   15246 	   17 	   13907 	   17 
 126801 	   13816 	   15 	   15943 	   14 
 123931 	   24001 	   26 	   21025 	   26 
 123891 	   19885 	   58 	   16115 	   55 
 125425 	   12912 	   17 	   13366 	   16 
 124887 	   18130 	   21 	   16528 	   20 
 126653 	   24538 	   33 	   25334 	   33 
 125727 	   14849 	   13 	   15901 	   13 
 125559 	   19398 	   24 	   19859 	   21 
 125284 	   17478 	   17 	   17107 	   17 
 125204 	   17759 	   17 	   18700 	   19 
 125077 	   14823 	   11 	   14685 	   11 
 124436 	   16258 	   15 	   15463 	   14 
 124879 	   18202 	   29 	   16287 	   28 
 126665 	   18621 	   17 	   20150 	   17 
 124111 	   18968 	   15 	   16773 	   15 
 124517 	   21438 	   24 	   17991 	   23 
 124351 	   32064 	  132 	   28920 	  140 
 127953 	   17737 	   42 	   23760 	   39 
 124276 	   15466 	   14 	   14959 	   13 
 126196 	   17728 	   17 	   21076 	   16 
 121717 	   25938 	   23 	   20372 	   26 
 124805 	   17839 	   16 	   16884 	   16 
 123808 	   19292 	   13 	   19046 	   14 
 125842 	   25197 	   31 	   27421 	   30 
 121583 	   20638 	   18 	   17150 	   18 
 123252 	   17889 	   24 	   15888 	   22 
 124837 	   14538 	   13 	   17352 	   14 
 125627 	   16297 	   20 	   20586 	   17 
 123254 	   32831 	   38 	   28000 	   38 
 123801 	   16670 	   13 	   14560 	   14 
 127241 	   19032 	   16 	   22311 	   16 
 125165 	   19508 	   18 	   20181 	   17 
 126315 	   17766 	   14 	   20756 	   14 
 126182 	   16274 	   16 	   17975 	   16 
 124998 	   19650 	   17 	   18618 	   16 
 126734 	   30464 	   34 	   32536 	   33 
 125320 	   13430 	   21 	   14511 	   22 
 124189 	   20368 	   16 	   21639 	   16 
 125565 	   18379 	   15 	   22455 	   15 
 121927 	   25115 	   31 	   18401 	   29 
 123123 	   19656 	   13 	   15766 	   13 
 122872 	   19137 	   16 	   17872 	   16 
 122362 	   25880 	   69 	   24147 	   67 
 122643 	   20040 	   18 	   19471 	   18 
 122445 	   18113 	   16 	   17880 	   14 
 127965 	   20528 	   24 	   28111 	   22 
 122679 	   16430 	   18 	   16815 	   18 
 123872 	   31850 	   38 	   29427 	   38 
 124217 	   16904 	   23 	   20743 	   23 
 122125 	   17863 	   16 	   16066 	   16 
 122909 	   28514 	   26 	   25587 	   28 
 124884 	   19447 	   20 	   20855 	   20 
 125984 	   20280 	   18 	   25799 	   18 
 122254 	   35449 	   51 	   28367 	   50 
 125130 	   16463 	   21 	   19735 	   21 
 125816 	   16794 	   16 	   22754 	   16 
 129739 	   22331 	   31 	   33871 	   29 
 126993 	   21382 	   31 	   27576 	   32 
 127320 	   19907 	   21 	   22783 	   21 
 122538 	   23092 	   15 	   21035 	   15 
 122578 	   26754 	   24 	   22658 	   24 
 123215 	   20281 	   12 	   18894 	   12 
 122540 	   17538 	   15 	   16956 	   15 
 120607 	   31168 	   26 	   22124 	   28 
 121964 	   19206 	   13 	   16776 	   13 
 122361 	   19940 	   16 	   16068 	   16 
 124291 	   30447 	   63 	   25345 	   60 
 129220 	   22412 	   41 	   29267 	   42 
 125707 	   18501 	   17 	   19092 	   17 
 126953 	   21564 	   19 	   25853 	   19 
 124026 	   20942 	   13 	   19642 	   13 
 126583 	   18776 	   14 	   19755 	   14 
 123432 	   21111 	   17 	   19663 	   17 
 126021 	   26478 	   30 	   25644 	   29 
 128379 	   22206 	   24 	   29367 	   23 
 122154 	   18958 	   15 	   14393 	   15 
 128132 	   18282 	   13 	   27037 	   13 
 122530 	   27411 	   24 	   23800 	   24 
 123644 	   18585 	   16 	   17196 	   15 
 125842 	   15751 	   18 	   18151 	   17 
 122547 	   19810 	   16 	   16794 	   16 
 126462 	   16481 	   14 	   18432 	   14 
 122511 	   32230 	   28 	   26926 	   26 
 127758 	   19037 	   27 	   26766 	   27 
 124560 	   20973 	   21 	   22145 	   19 
 123356 	   16254 	   20 	   17394 	   20 
 122463 	   21661 	   14 	   17725 	   14 
 123454 	   17747 	   15 	   20659 	   15 
 119011 	   40775 	   38 	   25963 	   39 
 122399 	   15892 	   14 	   14796 	   14 
 125163 	   22353 	   16 	   22822 	   16 
 124018 	   38021 	   65 	   35773 	   65 
 122835 	   15927 	   16 	   18694 	   15 
 128122 	   21501 	   16 	   29434 	   16 
 129853 	   29618 	   42 	   39465 	   40 
 127884 	   16049 	   18 	   24236 	   18 
 122690 	   16282 	   12 	   14018 	   12 
 126535 	   18436 	   16 	   22834 	   14 
 123874 	   34383 	   45 	   30499 	   45 
 125706 	   18047 	   21 	   23889 	   18 
 125686 	   19701 	   24 	   27597 	   24 
 120943 	   29950 	   20 	   25388 	   20 
 121684 	   21826 	   20 	   17713 	   20 
 117186 	   24825 	   18 	   14267 	   19 
 133200 	   23565 	   37 	   38902 	   36 
 123290 	   16349 	   19 	   16803 	   19 
 128048 	   18510 	   17 	   27270 	   17 
 121326 	   31122 	   21 	   25982 	   21 
 121302 	   26154 	   17 	   21517 	   17 
 120634 	   43026 	   38 	   32095 	   38 
 120825 	   19059 	   14 	   15498 	   14 
 125969 	   20461 	   18 	   25600 	   18 
 117351 	   31706 	   22 	   18639 	   22 
 124595 	   24358 	   23 	   25727 	   26 
 120361 	   31243 	   16 	   20317 	   16 
 119373 	   32981 	   38 	   19993 	   36 
 124853 	   14488 	   18 	   12904 	   18 
 125304 	   21539 	   25 	   21724 	   26 
 124246 	   16985 	   12 	   17599 	   10 
 128205 	   21451 	   21 	   29758 	   21 
 119986 	   30851 	   18 	   20474 	   19 
 122430 	   35641 	   35 	   27534 	   38 
 125195 	   16635 	   20 	   20569 	   19 
 124615 	   13089 	   14 	   17412 	   12 
 120823 	   19734 	   19 	   12631 	   19 
 120738 	   23094 	   25 	   16832 	   25 
 123190 	   25907 	   28 	   20803 	   29 
 126590 	   17776 	   15 	   24016 	   13 
 125139 	   24049 	   18 	   25095 	   18 
 121575 	   23029 	   21 	   14960 	   21 
 117935 	   44008 	  140 	   25571 	  143 
 123675 	   43708 	   63 	   36106 	   65 
 124456 	   24184 	   17 	   23917 	   17 
 125475 	   30871 	   24 	   30118 	   24 
 124609 	   19410 	   17 	   19131 	   16 
 124671 	   30319 	   20 	   26007 	   20 
 126286 	   24295 	   16 	   24961 	   16 
 128161 	   34133 	   49 	   38497 	   54 
 124613 	   20703 	   13 	   21138 	   13 
 124596 	   20846 	   25 	   21104 	   27 
 124432 	   22247 	   25 	   21410 	   20 
 124446 	   18226 	   14 	   17574 	   14 
 124786 	   18780 	   23 	   17656 	   20 
 124780 	   26168 	   38 	   25749 	   38 
 124901 	   17084 	   16 	   17446 	   15 
 124784 	   26276 	   22 	   24638 	   21 
 125100 	   18820 	   15 	   18891 	   15 
 125031 	   27723 	   19 	   27305 	   22 
 125333 	   21298 	   17 	   22250 	   17 
 124742 	   19792 	   15 	   20219 	   15 
 126549 	   22136 	   26 	   21739 	   26 
 125386 	   20868 	   41 	   20563 	   44 
 124533 	   24096 	   21 	   24158 	   21 
 125333 	   16233 	   15 	   16163 	   15 
 125580 	   27976 	   25 	   26260 	   24 
 124701 	   19400 	   14 	   19551 	   14 
 125127 	   27242 	   21 	   26598 	   21 
 125407 	   19055 	   15 	   21072 	   15 
 125792 	   28505 	   36 	   26998 	   40 
 125894 	   16938 	   15 	   16864 	   15 
 126497 	   22969 	   28 	   25402 	   26 
 124230 	   37673 	   63 	   29566 	   67 
 124691 	   21276 	   26 	   20791 	   27 
 124130 	   23888 	   22 	   19937 	   23 
 123452 	   22401 	   15 	   22307 	   17 
 126349 	   21786 	   16 	   24317 	   16 
 124632 	   30054 	   20 	   27934 	   24 
 125023 	   23361 	   16 	   22887 	   15 
 125569 	   23534 	   18 	   24788 	   18 
 127182 	   25589 	   30 	   26738 	   31 
 122958 	   20572 	   18 	   19907 	   18 
 124664 	   21104 	   18 	   21986 	   18 
 126296 	   28311 	   25 	   27663 	   27 
 125456 	   19452 	   18 	   24290 	   18 
 127537 	   33998 	   45 	   37214 	   47 
 122869 	   28513 	   20 	   22112 	   20 
 125086 	   25523 	   18 	   26834 	   18 
 127707 	   18736 	   12 	   24662 	   12 
 122972 	   20216 	   23 	   15667 	   23 
 125414 	   19850 	   13 	   17186 	   13 
 125844 	   19495 	   19 	   21684 	   19 
 127561 	   28309 	   26 	   31750 	   26 
 124530 	   24088 	   15 	   24207 	   15 
 128021 	   23818 	   25 	   29202 	   24 
 129307 	   28925 	   47 	   35580 	   46 
 127019 	   28668 	   65 	   30529 	   74 
 122069 	   32222 	   30 	   23425 	   30 
 125125 	   27454 	   28 	   27879 	   28 
 123722 	   27498 	   18 	   24806 	   18 
 124604 	   21605 	   17 	   20824 	   17 
 126271 	   27148 	   18 	   25043 	   18 
 123280 	   24649 	   15 	   23783 	   15 
 126080 	   23382 	   17 	   26612 	   17 
 125090 	   28654 	   19 	   27980 	   19 
 126697 	   35773 	   28 	   37183 	   28 
 122984 	   25551 	   20 	   20403 	   20 
 124124 	   22233 	   14 	   21238 	   14 
 126944 	   28101 	   21 	   25698 	   21 
 122597 	   23389 	   13 	   20167 	   13 
 125114 	   25314 	   19 	   28806 	   19 
 127692 	   24499 	   18 	   27779 	   17 
 127860 	   29353 	   28 	   33744 	   28 
 124123 	   23359 	   17 	   22911 	   17 
 128457 	   26371 	   23 	   30675 	   21 
 126074 	   34659 	   44 	   36216 	   45 
 124848 	   14862 	   14 	   19014 	   14 
 123684 	   20773 	   16 	   19129 	   16 
 124819 	   30613 	   22 	   31911 	   22 
 127676 	   22588 	   18 	   27756 	   18 
 130048 	   31750 	   53 	   41075 	   54 
 125592 	   29685 	   39 	   29072 	   46 
 130501 	   19859 	   58 	   31671 	   78 
