% num_local_points | num_send_points | num_send_procs | num_recv_points | num_recv_procs 
 124310 	   36259 	   77 	   28059 	   76 
 123151 	   25885 	   25 	   22997 	   25 
 123749 	   31566 	   20 	   25647 	   20 
 124357 	   21304 	   15 	   21610 	   15 
 126038 	   35920 	   22 	   34704 	   22 
 125220 	   21915 	   14 	   20631 	   14 
 127476 	   23034 	   21 	   25464 	   19 
 124541 	   16864 	   14 	   19574 	   14 
 127339 	   34280 	   41 	   35455 	   41 
 123844 	   29031 	   26 	   24920 	   26 
 124317 	   22994 	   17 	   19145 	   17 
 125427 	   21634 	   15 	   23862 	   15 
 125859 	   33597 	   25 	   31105 	   23 
 124721 	   23230 	   17 	   21942 	   16 
 125720 	   25700 	   18 	   28077 	   18 
 125876 	   20463 	   16 	   23532 	   16 
 126301 	   31171 	   26 	   30038 	   26 
 124935 	   27800 	   19 	   26376 	   19 
 125254 	   20766 	   15 	   22720 	   15 
 125502 	   32810 	   22 	   31150 	   22 
 125529 	   23704 	   15 	   25134 	   13 
 125554 	   28260 	   25 	   29078 	   24 
 125415 	   18502 	   15 	   19892 	   15 
 125638 	   20819 	   27 	   21742 	   27 
 124270 	   46906 	   78 	   35110 	   79 
 122965 	   21907 	   17 	   19370 	   17 
 121594 	   22853 	   14 	   20376 	   14 
 124271 	   36545 	   26 	   32944 	   27 
 119777 	   34186 	   24 	   24116 	   24 
 123342 	   25266 	   14 	   25513 	   14 
 123826 	   15883 	   16 	   16794 	   15 
 122408 	   22405 	   18 	   21223 	   18 
 126836 	   27406 	   20 	   32791 	   20 
 119596 	   51467 	   49 	   39549 	   50 
 120583 	   25722 	   22 	   19615 	   20 
 119975 	   25935 	   19 	   21031 	   19 
 123694 	   23938 	   18 	   26164 	   18 
 120237 	   22378 	   13 	   19575 	   13 
 127802 	   22298 	   27 	   33410 	   27 
 124098 	   22470 	   23 	   24865 	   23 
 117584 	   33063 	   23 	   20107 	   24 
 122734 	   23647 	   17 	   22630 	   17 
 122491 	   21471 	   18 	   20882 	   18 
 124015 	   21541 	   20 	   24309 	   20 
 125144 	   18042 	   18 	   23054 	   17 
 120939 	   40978 	   56 	   28911 	   55 
 123105 	   26428 	   18 	   24520 	   18 
 123219 	   25332 	   18 	   25234 	   17 
 122855 	   33415 	   23 	   27615 	   24 
 122716 	   23344 	   15 	   22573 	   15 
 123126 	   20997 	   20 	   18397 	   20 
 118892 	   27424 	   20 	   18550 	   21 
 124870 	   19110 	   16 	   24201 	   15 
 126496 	   20742 	   41 	   25100 	   39 
 119132 	   27151 	   43 	   17895 	   42 
 122818 	   19794 	   17 	   19307 	   17 
 120258 	   22020 	   11 	   18313 	   11 
 121961 	   25642 	   23 	   24696 	   23 
 119026 	   20588 	   17 	   15082 	   15 
 125371 	   17591 	   23 	   25391 	   23 
 121829 	   26452 	   24 	   23296 	   23 
 121982 	   24400 	   17 	   21455 	   17 
 120004 	   24732 	   23 	   19727 	   24 
 121087 	   21740 	   21 	   20200 	   20 
 124372 	   17731 	   20 	   22043 	   21 
 121852 	   30718 	   37 	   24260 	   36 
 122288 	   25936 	   22 	   21004 	   23 
 121948 	   22320 	   16 	   17046 	   16 
 122269 	   21194 	   19 	   19634 	   18 
 123861 	   25669 	   16 	   27499 	   16 
 124354 	   37926 	   28 	   36807 	   28 
 119839 	   26085 	   14 	   21427 	   13 
 122336 	   32882 	   18 	   31778 	   18 
 123713 	   20801 	   14 	   25685 	   15 
 122623 	   24953 	   19 	   22797 	   18 
 121550 	   22787 	   15 	   21276 	   15 
 123145 	   19429 	   12 	   21682 	   12 
 125834 	   30575 	   35 	   36485 	   35 
 121209 	   23538 	   13 	   20626 	   13 
 123446 	   28759 	   18 	   27253 	   19 
 126604 	   27267 	   24 	   33996 	   22 
 128959 	   29235 	   39 	   41824 	   39 
 124867 	   28127 	   46 	   28545 	   45 
 123513 	   25191 	   12 	   24577 	   12 
 125529 	   21152 	   14 	   26157 	   15 
 127878 	   27078 	   37 	   34403 	   36 
 123999 	   30824 	   54 	   32864 	   55 
 118771 	   26459 	   20 	   19426 	   22 
 124620 	   25723 	   19 	   29916 	   19 
 124607 	   17979 	   15 	   22935 	   15 
 122266 	   20738 	   21 	   22147 	   21 
 124644 	   23320 	   18 	   26376 	   18 
 125266 	   18586 	   17 	   23568 	   17 
 121455 	   30878 	   35 	   25982 	   35 
 122613 	   18877 	   16 	   20103 	   16 
 121929 	   28962 	   19 	   23544 	   19 
 124216 	   23706 	   21 	   24044 	   21 
 122886 	   18991 	   13 	   20418 	   13 
 121278 	   27004 	   17 	   20698 	   17 
 126580 	   21217 	   20 	   27338 	   21 
 129967 	   23028 	   46 	   35565 	   46 
 131617 	   21670 	   63 	   37425 	   63 
 124804 	   25771 	   78 	   24558 	   79 
 123208 	   31817 	   19 	   25842 	   19 
 124783 	   18741 	   18 	   21401 	   17 
 123453 	   34568 	   37 	   29272 	   36 
 123115 	   23214 	   19 	   20627 	   19 
 123926 	   24029 	   15 	   23186 	   15 
 124876 	   27926 	   19 	   29367 	   19 
 123259 	   16833 	   15 	   18039 	   14 
 125823 	   23217 	   41 	   24884 	   42 
 121302 	   28566 	   29 	   26158 	   29 
 122611 	   22224 	   20 	   19279 	   21 
 122068 	   18561 	   15 	   20296 	   15 
 123950 	   21131 	   21 	   23525 	   20 
 122917 	   23508 	   21 	   22049 	   20 
 124074 	   22014 	   20 	   23574 	   18 
 123770 	   31261 	   36 	   29113 	   37 
 123003 	   19132 	   13 	   19155 	   13 
 123660 	   20662 	   16 	   20868 	   14 
 124748 	   24620 	   21 	   24727 	   21 
 123164 	   19973 	   13 	   19876 	   13 
 125726 	   31897 	   55 	   32718 	   55 
 124604 	   22936 	   22 	   23367 	   23 
 124518 	   22129 	   15 	   22335 	   14 
 124642 	   21407 	   22 	   20594 	   22 
 124204 	   16939 	   15 	   18470 	   15 
 123765 	   20998 	   16 	   21398 	   16 
 124444 	   26250 	   21 	   26764 	   20 
 123837 	   17971 	   18 	   19037 	   17 
 123989 	   22502 	   17 	   22548 	   19 
 123061 	   32352 	   42 	   28084 	   39 
 124189 	   26138 	   24 	   24813 	   24 
 124297 	   21455 	   17 	   20917 	   16 
 125514 	   29814 	   21 	   30067 	   21 
 124065 	   22104 	   15 	   22395 	   15 
 124877 	   34017 	   25 	   31450 	   25 
 124556 	   20779 	   12 	   21222 	   12 
 127411 	   26263 	   23 	   29025 	   20 
 124297 	   15841 	   14 	   19162 	   13 
 126768 	   33239 	   45 	   35240 	   40 
 123901 	   16873 	   12 	   16438 	   12 
 123427 	   26382 	   20 	   25882 	   20 
 124431 	   21513 	   23 	   22063 	   23 
 123426 	   19170 	   16 	   20246 	   16 
 125485 	   30229 	   21 	   30344 	   20 
 123404 	   20191 	   14 	   21645 	   14 
 125159 	   23972 	   34 	   25188 	   34 
 125113 	   22677 	   45 	   21731 	   43 
 125701 	   27425 	   24 	   28077 	   22 
 124309 	   18650 	   14 	   20410 	   14 
 125132 	   27856 	   43 	   28261 	   44 
 125684 	   36057 	   65 	   38259 	   66 
 122899 	   17622 	   13 	   18349 	   12 
 122610 	   19673 	   13 	   19562 	   13 
 123463 	   20892 	   20 	   21781 	   19 
 121993 	   18347 	   19 	   18466 	   18 
 123573 	   19607 	   23 	   20700 	   21 
 122032 	   21918 	   26 	   20674 	   24 
 124149 	   16742 	   12 	   18006 	   12 
 124460 	   16411 	   17 	   17624 	   15 
 123754 	   20365 	   21 	   22442 	   20 
 123725 	   22657 	   21 	   20857 	   21 
 122346 	   16320 	   14 	   15574 	   13 
 122129 	   22995 	   31 	   23127 	   32 
 122269 	   15925 	   16 	   16180 	   16 
 122587 	   23356 	   17 	   22739 	   17 
 123099 	   21830 	   21 	   21721 	   21 
 122346 	   16229 	   14 	   17540 	   13 
 122598 	   23131 	   21 	   21948 	   20 
 122822 	   17871 	   13 	   18149 	   13 
 123973 	   24549 	   42 	   24237 	   37 
 123636 	   20265 	   18 	   19685 	   18 
 123912 	   19410 	   13 	   19906 	   14 
 123370 	   21612 	   17 	   21948 	   18 
 122627 	   16003 	   13 	   16297 	   13 
 124056 	   19721 	   20 	   19007 	   18 
 124019 	   25349 	   27 	   24041 	   27 
 124783 	   26025 	   64 	   26226 	   63 
 121218 	   37474 	   76 	   24612 	   78 
 118430 	   19288 	   11 	   13489 	   11 
 118472 	   21861 	   15 	   16907 	   15 
 121320 	   14392 	   14 	   14525 	   14 
 119857 	   24432 	   27 	   18530 	   27 
 120524 	   28891 	   21 	   21835 	   20 
 123009 	   16092 	   15 	   16690 	   15 
 123959 	   29691 	   22 	   27064 	   22 
 125442 	   26470 	   19 	   29799 	   19 
 127730 	   25312 	   22 	   32458 	   22 
 123824 	   34655 	   31 	   32011 	   31 
 123729 	   27239 	   19 	   26202 	   19 
 122235 	   16533 	   16 	   18493 	   16 
 124130 	   23455 	   19 	   23077 	   19 
 123894 	   25140 	   18 	   26320 	   18 
 125248 	   31721 	   43 	   34691 	   43 
 123099 	   16741 	   13 	   18460 	   13 
 122214 	   23443 	   13 	   22394 	   13 
 123780 	   28777 	   22 	   28078 	   22 
 124499 	   18421 	   17 	   20898 	   17 
 122781 	   14655 	   12 	   16336 	   12 
 124175 	   22984 	   36 	   27289 	   36 
 129611 	   38875 	   42 	   46919 	   43 
 118378 	   27334 	   39 	   17663 	   37 
 119755 	   21636 	   10 	   17872 	   10 
 120419 	   19560 	   17 	   19682 	   17 
 121421 	   17399 	   16 	   17884 	   16 
 122107 	   18636 	   21 	   16832 	   20 
 118311 	   23201 	   22 	   14413 	   21 
 121089 	   13543 	   16 	   11951 	   15 
 116414 	   35164 	   30 	   18896 	   30 
 124309 	   24807 	   18 	   27423 	   18 
 121756 	   19399 	   15 	   20867 	   15 
 124946 	   18392 	   22 	   24705 	   22 
 124649 	   18780 	   17 	   25188 	   17 
 120794 	   31330 	   30 	   28574 	   30 
 127026 	   20556 	   21 	   26601 	   21 
 121071 	   20629 	   15 	   16759 	   15 
 123104 	   17113 	   16 	   18816 	   16 
 121834 	   22367 	   17 	   18782 	   17 
 127232 	   20845 	   29 	   28458 	   29 
 132717 	   27251 	   49 	   42011 	   50 
 125843 	   14272 	   24 	   22106 	   24 
 123014 	   35731 	   59 	   33094 	   59 
 120549 	   14878 	   10 	   13827 	   10 
 119286 	   18196 	   18 	   18374 	   18 
 121984 	   19805 	   14 	   19842 	   14 
 120188 	   17627 	   15 	   16814 	   15 
 120481 	   22495 	   29 	   19270 	   29 
 120081 	   22221 	   17 	   18320 	   17 
 120534 	   20655 	   17 	   17717 	   17 
 119588 	   26566 	   30 	   20372 	   30 
 123452 	   20830 	   19 	   23643 	   19 
 123315 	   23191 	   18 	   26124 	   17 
 121805 	   18165 	   16 	   19320 	   15 
 123957 	   18762 	   17 	   21278 	   17 
 124842 	   30036 	   46 	   32017 	   46 
 123881 	   21691 	   13 	   22798 	   13 
 122364 	   16693 	   12 	   17629 	   12 
 123966 	   20957 	   20 	   19459 	   20 
 122229 	   20563 	   14 	   18729 	   14 
 126108 	   26519 	   33 	   30003 	   36 
 125433 	   16500 	   19 	   22228 	   18 
 125281 	   16933 	   21 	   20269 	   21 
 121729 	   19007 	   48 	   20073 	   49 
 120823 	   16099 	   19 	   16338 	   19 
 120546 	   16504 	   19 	   15980 	   19 
 120939 	   13418 	   16 	   13407 	   16 
 120843 	   10344 	    9 	   10906 	    9 
 121383 	   14848 	   25 	   13814 	   25 
 120418 	   16344 	   14 	   13920 	   14 
 118792 	   22349 	   16 	   16467 	   19 
 120826 	   19730 	   13 	   17459 	   13 
 119892 	   20674 	   29 	   16229 	   29 
 121216 	   15538 	   18 	   15919 	   18 
 121389 	   15887 	   17 	   15344 	   17 
 119422 	   22442 	   16 	   17529 	   16 
 119581 	   24622 	   20 	   19112 	   20 
 118386 	   24853 	   20 	   17448 	   20 
 130334 	   38594 	   62 	   50666 	   60 
 129888 	   29625 	   34 	   43182 	   33 
 125733 	   19007 	   17 	   26564 	   18 
 123010 	   14161 	   13 	   15871 	   14 
 123486 	   11757 	   14 	   12133 	   14 
 124086 	   25451 	  147 	   24320 	  159 
 122905 	   29979 	   25 	   26154 	   26 
 124548 	   22138 	   15 	   23206 	   14 
 124591 	   33924 	   39 	   30069 	   38 
 122792 	   20355 	   12 	   18357 	   12 
 125843 	   21510 	   22 	   24219 	   22 
 121600 	   23459 	   21 	   20785 	   20 
 123023 	   19896 	   13 	   19957 	   11 
 125352 	   21659 	   46 	   22384 	   18 
 125058 	   14682 	   19 	   18673 	   48 
 125285 	   20967 	   21 	   21123 	   24 
 124520 	   16674 	   13 	   17183 	   12 
 125747 	   27180 	   37 	   26472 	   40 
 125066 	   23685 	   20 	   24508 	   18 
 123845 	   21808 	   23 	   21037 	   23 
 123776 	   15605 	   13 	   17272 	   12 
 124640 	   19509 	   17 	   20704 	   17 
 123473 	   23386 	   38 	   19915 	   35 
 124157 	   23871 	   24 	   22913 	   24 
 126313 	   21341 	   26 	   21023 	   26 
 124405 	   18139 	   22 	   17236 	   21 
 124554 	   17950 	   15 	   16884 	   15 
 125523 	   22154 	   24 	   22726 	   24 
 124371 	   22488 	   15 	   21329 	   15 
 125558 	   21412 	   14 	   23110 	   14 
 127207 	   26839 	   31 	   31612 	   30 
 126580 	   24268 	   36 	   26140 	   30 
 125376 	   18297 	   16 	   18377 	   17 
 125558 	   23912 	   23 	   24660 	   22 
 125570 	   23379 	   25 	   22721 	   25 
 124484 	   28529 	   45 	   26511 	   45 
 123943 	   21736 	   13 	   22785 	   13 
 124898 	   22605 	   15 	   21221 	   15 
 124820 	   22668 	   20 	   23952 	   17 
 123343 	   18499 	   19 	   19028 	   19 
 124226 	   22249 	   19 	   21582 	   18 
 123586 	   20705 	   14 	   21824 	   12 
 124673 	   22690 	   24 	   24036 	   24 
 125157 	   42006 	   76 	   40124 	   74 
 121549 	   19786 	   20 	   17685 	   20 
 122360 	   17737 	   14 	   18464 	   13 
 123953 	   26456 	   27 	   26710 	   26 
 121966 	   19266 	   16 	   18872 	   17 
 122624 	   18587 	   14 	   18237 	   12 
 124343 	   27694 	   40 	   29049 	   38 
 121878 	   23979 	   21 	   22626 	   22 
 123087 	   19563 	   13 	   19161 	   13 
 124506 	   24897 	   23 	   24805 	   25 
 123123 	   18277 	   15 	   18260 	   14 
 123376 	   17872 	   15 	   17966 	   15 
 124300 	   29880 	   48 	   32485 	   53 
 122594 	   15998 	   14 	   16888 	   13 
 122899 	   19138 	   17 	   20443 	   16 
 121760 	   23582 	   26 	   21707 	   23 
 122752 	   16381 	   13 	   16662 	   11 
 123751 	   18803 	   18 	   21243 	   17 
 122302 	   24514 	   40 	   23785 	   42 
 123722 	   16707 	   13 	   18168 	   13 
 123734 	   21428 	   18 	   23678 	   17 
 122888 	   24739 	   24 	   22092 	   21 
 125004 	   19181 	   23 	   22126 	   21 
 122510 	   16511 	   15 	   14832 	   14 
 122152 	   25529 	   30 	   24663 	   32 
 122458 	   18470 	   12 	   19841 	   12 
 122481 	   20544 	   16 	   19401 	   15 
 121972 	   26426 	   20 	   26115 	   20 
 122425 	   18038 	   14 	   18216 	   12 
 122932 	   22514 	   17 	   23231 	   16 
 122517 	   16620 	   14 	   16766 	   13 
 123781 	   24682 	   63 	   24833 	   58 
 123118 	   20309 	   17 	   17626 	   17 
 122858 	   17732 	   13 	   20115 	   13 
 123791 	   24544 	   25 	   23062 	   24 
 123895 	   17114 	   15 	   18298 	   14 
 123655 	   19603 	   19 	   18903 	   18 
 123563 	   23053 	   27 	   21572 	   26 
 124044 	   23612 	   41 	   24450 	   42 
 121894 	   34477 	   73 	   24449 	   73 
 121483 	   25653 	   16 	   20655 	   16 
 124770 	   22013 	   16 	   25042 	   16 
 127318 	   25862 	   27 	   29955 	   25 
 121809 	   20249 	   19 	   16519 	   19 
 121940 	   17761 	   16 	   19126 	   16 
 126921 	   24639 	   33 	   27771 	   33 
 122518 	   18853 	   15 	   17939 	   16 
 123303 	   20331 	   18 	   19462 	   18 
 123119 	   26848 	   30 	   28172 	   30 
 124037 	   19683 	   14 	   22565 	   14 
 123713 	   15308 	   18 	   16593 	   18 
 117887 	   37990 	   41 	   26848 	   39 
 119805 	   20550 	   17 	   17037 	   15 
 120168 	   20616 	   15 	   16683 	   14 
 121324 	   18844 	   27 	   19265 	   28 
 122825 	   19471 	   14 	   17936 	   17 
 123580 	   17882 	   14 	   19009 	   14 
 122942 	   25909 	   24 	   25090 	   22 
 123199 	   20056 	   18 	   22540 	   16 
 123400 	   18939 	   20 	   18564 	   18 
 123228 	   17992 	   30 	   21741 	   29 
 129788 	   35846 	   44 	   44443 	   43 
 119350 	   28907 	   37 	   19203 	   37 
 122907 	   21191 	   18 	   19609 	   18 
 122972 	   19160 	   27 	   20532 	   28 
 125934 	   15694 	   13 	   23881 	   13 
 124132 	   11938 	   15 	   16522 	   14 
 123010 	   21485 	   27 	   20746 	   27 
 123495 	   20646 	   18 	   19696 	   19 
 125318 	   16436 	   24 	   19456 	   25 
 123998 	   14046 	   26 	   15895 	   26 
 123414 	   16959 	   16 	   16444 	   16 
 122758 	   17902 	   34 	   17750 	   35 
 120974 	   12941 	   15 	   12980 	   15 
 119574 	   13783 	   11 	   11653 	   12 
 121292 	   15920 	   21 	   15077 	   18 
 121068 	   14490 	   18 	   14623 	   18 
 119317 	   22907 	   23 	   16882 	   23 
 118888 	   22268 	   23 	   14469 	   23 
 120043 	   20114 	   19 	   16304 	   18 
 129885 	   27476 	   36 	   37597 	   35 
 125434 	   13614 	   27 	   18500 	   27 
 123484 	   36019 	  115 	   36362 	  112 
 120171 	   13603 	   12 	   12668 	   13 
 120090 	   15804 	   18 	   15850 	   16 
 120972 	   17692 	   16 	   17199 	   15 
 119976 	   17829 	   15 	   17040 	   14 
 120640 	   19936 	   24 	   17622 	   26 
 122248 	   16598 	   16 	   18500 	   14 
 123334 	   17298 	   17 	   20660 	   17 
 122857 	   19463 	   23 	   20254 	   21 
 122756 	   19770 	   16 	   20730 	   16 
 124629 	   27481 	   50 	   30725 	   50 
 119754 	   19734 	   16 	   16721 	   14 
 120930 	   19633 	   20 	   15580 	   22 
 120795 	   23468 	   25 	   20080 	   26 
 123084 	   18274 	   12 	   17933 	   12 
 122588 	   15526 	   13 	   16322 	   11 
 123363 	   21188 	   26 	   19665 	   24 
 122637 	   16677 	   13 	   16450 	   13 
 124972 	   21158 	   30 	   22567 	   28 
 125572 	   18034 	   24 	   23847 	   19 
 125031 	   16439 	   24 	   19925 	   22 
 121823 	   17287 	   48 	   19970 	   44 
 120703 	   13873 	   19 	   13766 	   20 
 120627 	   15914 	   25 	   15146 	   25 
 120712 	   12065 	   18 	   12265 	   19 
 120907 	   10081 	   12 	   10214 	   13 
 120869 	   14528 	   23 	   13899 	   23 
 120356 	   17431 	   16 	   13878 	   16 
 119864 	   19030 	   17 	   15677 	   21 
 120296 	   18617 	   13 	   15031 	   13 
 128520 	   19858 	   42 	   33208 	   42 
 120636 	   15668 	   31 	   13501 	   34 
 122027 	   14441 	   13 	   15699 	   13 
 121483 	   15756 	   15 	   15238 	   16 
 118791 	   22383 	   17 	   17642 	   18 
 120107 	   23421 	   21 	   17349 	   22 
 117919 	   38034 	   40 	   25286 	   33 
 129797 	   30194 	   35 	   44789 	   32 
 125916 	   19406 	   25 	   26627 	   20 
 123030 	   14004 	   13 	   15710 	   13 
 123179 	   11741 	   15 	   12142 	   14 
 125836 	   21055 	  103 	   22264 	  108 
 125307 	   23944 	   19 	   26044 	   19 
 123840 	   17717 	   16 	   18220 	   16 
 125219 	   27266 	   26 	   26470 	   25 
 123905 	   21833 	   22 	   21774 	   20 
 124347 	   17056 	   15 	   18892 	   15 
 125427 	   25716 	   33 	   25478 	   33 
 124340 	   20892 	   25 	   19734 	   21 
 123034 	   14125 	   14 	   16235 	   13 
 124311 	   17746 	   27 	   17037 	   26 
 122894 	   17542 	   19 	   16848 	   16 
 123839 	   22958 	   39 	   23876 	   38 
 124359 	   15504 	   16 	   16945 	   15 
 123550 	   19955 	   27 	   19258 	   25 
 124142 	   21532 	   25 	   21548 	   20 
 123412 	   19237 	   25 	   18856 	   21 
 122549 	   12585 	   13 	   12621 	   12 
 125174 	   24272 	   26 	   31600 	   27 
 123695 	   18332 	   16 	   22356 	   16 
 122600 	   16980 	   16 	   19079 	   16 
 121871 	   16924 	   23 	   16966 	   21 
 119753 	   23755 	   20 	   18617 	   16 
 127500 	   46222 	   89 	   46246 	   84 
 122975 	   20098 	   23 	   19748 	   19 
 122546 	   16283 	   14 	   16875 	   12 
 122452 	   17678 	   25 	   16031 	   23 
 120535 	   21280 	   19 	   18090 	   25 
 121935 	   23574 	   30 	   21552 	   32 
 123681 	   14434 	   24 	   15315 	   18 
 124760 	   12397 	   16 	   14650 	   16 
 123167 	   22485 	   28 	   20033 	   25 
 123365 	   15935 	   19 	   16572 	   23 
 123867 	   15542 	   15 	   15927 	   16 
 122047 	   18312 	   30 	   18681 	   31 
 121928 	   15080 	   10 	   17664 	   10 
 121811 	   15183 	   16 	   15979 	   16 
 121215 	   12436 	   16 	   13320 	   15 
 122768 	   24508 	   34 	   20035 	   38 
 126080 	   15246 	   20 	   22986 	   20 
 122180 	   11682 	   14 	   13003 	   14 
 123472 	   25803 	   23 	   26564 	   24 
 121762 	   15890 	   21 	   13279 	   21 
 119849 	   22578 	   33 	   14847 	   32 
 127391 	   27833 	   87 	   34657 	   91 
 122813 	   16149 	   23 	   15795 	   19 
 120626 	   23567 	   23 	   19857 	   26 
 122779 	   14022 	   13 	   14817 	   13 
 121501 	   18647 	   21 	   15993 	   25 
 121187 	   18400 	   20 	   18340 	   28 
 121551 	   14866 	   19 	   15943 	   19 
 121402 	   13982 	   14 	   14671 	   18 
 122117 	   12432 	   15 	   15130 	   15 
 121519 	   10089 	   14 	   10531 	   12 
 124034 	   26747 	   48 	   22363 	   49 
 123047 	   18121 	   21 	   17782 	   23 
 123127 	   16307 	   22 	   16213 	   23 
 124491 	   13026 	   15 	   15121 	   13 
 123279 	   22737 	   23 	   20229 	   23 
 124500 	   17742 	   22 	   20185 	   23 
 124393 	   15397 	   19 	   19818 	   16 
 124715 	   15003 	   18 	   20398 	   18 
 122020 	   29204 	   32 	   25179 	   28 
 122185 	   13338 	   15 	   12578 	   14 
 119224 	   26794 	   75 	   19490 	   72 
 120233 	   10003 	   13 	   10565 	   15 
 120612 	   10605 	   14 	   10770 	   14 
 120341 	   14483 	   18 	   14241 	   18 
 120808 	   13387 	   13 	   13492 	   17 
 121263 	   16142 	   33 	   15627 	   33 
 121375 	   13354 	   13 	   14424 	   13 
 124855 	   18073 	   18 	   24191 	   18 
 121801 	   12938 	   14 	   13482 	   14 
 122005 	   27132 	   34 	   25846 	   38 
 119278 	   23721 	   31 	   17593 	   34 
 120890 	   16018 	   16 	   16553 	   14 
 121654 	   16106 	   17 	   15413 	   17 
 125086 	   13493 	   16 	   20343 	   16 
 120961 	   26609 	   31 	   22161 	   36 
 120402 	   19191 	   23 	   16213 	   27 
 127601 	   16690 	   20 	   29107 	   20 
 122416 	   30482 	   31 	   24717 	   31 
 118873 	   23127 	   26 	   15500 	   24 
 123489 	   14512 	   21 	   14204 	   19 
 127032 	   21835 	  133 	   30324 	  158 
 124460 	   16983 	   20 	   17570 	   17 
 128103 	   24890 	   56 	   33193 	   70 
 123793 	   19393 	   17 	   23415 	   17 
 124138 	   22234 	   48 	   26314 	   55 
 124822 	   20968 	   25 	   27551 	   26 
 123192 	   22169 	   22 	   26393 	   23 
 119536 	   26847 	   18 	   22964 	   19 
 122682 	   19867 	   14 	   23286 	   14 
 122440 	   25592 	   29 	   30727 	   30 
 116702 	   27373 	   17 	   21938 	   17 
 121657 	   20721 	   15 	   23470 	   14 
 118721 	   26758 	   18 	   23983 	   21 
 117813 	   30146 	   28 	   24236 	   29 
 122661 	   30359 	   28 	   32953 	   29 
 120158 	   20572 	   17 	   21172 	   16 
 121289 	   20814 	   20 	   22943 	   16 
 120023 	   21354 	   17 	   21886 	   14 
 119031 	   26173 	   18 	   25288 	   18 
 119748 	   24012 	   15 	   24436 	   14 
 119658 	   25514 	   22 	   25696 	   23 
 117278 	   25188 	   16 	   23139 	   18 
 122119 	   20247 	   16 	   21641 	   13 
 117077 	   29892 	   29 	   23558 	   32 
 118929 	   21125 	   19 	   17395 	   21 
 121818 	   27509 	   27 	   28598 	   27 
 120346 	   20835 	   12 	   22143 	   12 
 121374 	   23869 	   17 	   26773 	   17 
 120178 	   20195 	   14 	   21764 	   14 
 119440 	   26978 	   21 	   26065 	   21 
 119474 	   23508 	   14 	   23470 	   15 
 117954 	   26709 	   37 	   27362 	   36 
 117222 	   26383 	   13 	   25088 	   12 
 117355 	   36746 	   44 	   32148 	   52 
 121939 	   29195 	   41 	   34971 	   48 
 117867 	   22832 	   12 	   22502 	   11 
 118186 	   25224 	   17 	   26408 	   18 
 116268 	   21781 	   14 	   23578 	   15 
 116837 	   25364 	   19 	   21731 	   17 
 119484 	   26926 	   59 	   30487 	   75 
 119036 	   22578 	   23 	   28112 	   22 
 117173 	   28872 	   21 	   31119 	   22 
 113724 	   26340 	   19 	   23676 	   21 
 116987 	   25192 	   15 	   28441 	   14 
 113796 	   34087 	   24 	   28710 	   20 
 114739 	   25097 	   13 	   25385 	   23 
 119050 	   26968 	   27 	   30353 	   22 
 115242 	   29326 	   27 	   27790 	   24 
 116303 	   23762 	   15 	   26980 	   16 
 115914 	   26504 	   14 	   26781 	   12 
 114840 	   27834 	   14 	   28965 	   15 
 114321 	   28250 	   14 	   28589 	   13 
 112410 	   25121 	   11 	   24807 	   26 
 115190 	   35075 	   32 	   33095 	   30 
 114347 	   25204 	   15 	   24132 	   13 
 115509 	   27932 	   18 	   29052 	   15 
 113707 	   23842 	    9 	   24170 	   12 
 114591 	   23455 	   17 	   25087 	   15 
 113465 	   28863 	   66 	   29542 	   76 
 114347 	   27221 	   11 	   28384 	   11 
 111521 	   29064 	   15 	   26720 	   14 
 112497 	   22276 	   12 	   22927 	   14 
 113780 	   25072 	   15 	   25178 	   15 
 115147 	   31358 	   29 	   37781 	   30 
 111724 	   29424 	   17 	   23618 	    9 
 113530 	   25295 	   14 	   27694 	   15 
 111463 	   31154 	   14 	   29419 	   13 
 112490 	   27930 	   13 	   29405 	   15 
 111780 	   29184 	   23 	   28673 	   20 
 111844 	   23500 	   14 	   25397 	   15 
 112024 	   25465 	   13 	   25943 	   10 
 112949 	   32017 	   17 	   31053 	   17 
 111973 	   28045 	   13 	   27763 	   13 
 112891 	   30389 	   27 	   31006 	   28 
 112731 	   29916 	   25 	   29287 	   23 
 112321 	   26519 	   14 	   26504 	   13 
 112730 	   29019 	   15 	   29127 	   15 
 112503 	   25608 	   12 	   25343 	   12 
 112885 	   34839 	   64 	   34341 	   74 
 114444 	   26416 	   14 	   26050 	   19 
 115258 	   25289 	   18 	   26796 	   16 
 112979 	   32342 	   17 	   30874 	   16 
 113001 	   28536 	   13 	   27997 	   12 
 112236 	   32174 	   21 	   31930 	   46 
 114404 	   29689 	   44 	   23293 	   11 
 115317 	   36436 	   70 	   35300 	   69 
 117223 	   26570 	   22 	   28568 	   23 
 114802 	   28131 	   18 	   28074 	   19 
 115186 	   25030 	   12 	   25253 	   13 
 116140 	   29440 	   27 	   30364 	   32 
 114607 	   26442 	   17 	   29029 	   19 
 112765 	   29362 	   19 	   27331 	   21 
 113951 	   26011 	   18 	   25995 	   15 
 113804 	   28766 	   19 	   28589 	   19 
 113176 	   23710 	   14 	   24184 	   13 
 114064 	   28927 	   37 	   25623 	   39 
 115457 	   24756 	   17 	   26178 	   21 
 114269 	   23479 	   14 	   23199 	   12 
 114264 	   27865 	   21 	   27228 	   20 
 114766 	   24597 	   11 	   24743 	   11 
 115619 	   28930 	   30 	   29773 	   32 
 113457 	   24619 	   19 	   25535 	   26 
 113730 	   26736 	   28 	   23447 	   10 
 113583 	   30356 	   20 	   30602 	   22 
 115139 	   30872 	   38 	   30795 	   33 
 113368 	   26765 	   17 	   27253 	   17 
 113646 	   26416 	   17 	   24836 	   17 
 113490 	   22838 	   13 	   23825 	   12 
 112150 	   31515 	   55 	   31242 	   44 
 114153 	   27604 	   43 	   26080 	   50 
 115419 	   26274 	   23 	   26952 	   25 
 115262 	   31102 	   55 	   30707 	   61 
 113980 	   22796 	   12 	   25120 	   18 
 113706 	   25084 	   21 	   23207 	   14 
 114289 	   28716 	   20 	   28919 	   23 
 113522 	   23041 	   13 	   23768 	   11 
 113305 	   26267 	   17 	   25666 	   17 
 113298 	   27295 	   28 	   28044 	   30 
 113495 	   23293 	   12 	   24897 	   21 
 113618 	   30920 	   21 	   28127 	   19 
 114288 	   25939 	   15 	   27929 	   15 
 112952 	   31399 	   15 	   28218 	   13 
 114791 	   26790 	   18 	   27908 	   16 
 113423 	   30342 	   34 	   29770 	   43 
 114161 	   30228 	   31 	   29588 	   30 
 113518 	   26234 	   16 	   25534 	   19 
 113930 	   27137 	   17 	   25955 	   20 
 113770 	   24469 	   19 	   25497 	   18 
 113044 	   23113 	   15 	   22630 	   13 
 114134 	   27144 	   27 	   27014 	   28 
 115661 	   29007 	   22 	   30233 	   22 
 114974 	   22614 	   12 	   26914 	   26 
 114424 	   32871 	   36 	   29391 	   31 
 114508 	   23699 	   16 	   23838 	   14 
 113401 	   28044 	   22 	   25662 	   23 
 115146 	   29270 	   74 	   36029 	   85 
 113268 	   27454 	   23 	   24273 	   20 
 114646 	   27602 	   17 	   27606 	   17 
 113547 	   27667 	   17 	   26689 	   15 
 113972 	   22954 	   15 	   25931 	   15 
 114150 	   31070 	   21 	   31592 	   21 
 112458 	   32189 	   23 	   32573 	   23 
 114910 	   26819 	   21 	   30994 	   24 
 114049 	   32297 	   40 	   32540 	   42 
 112423 	   26657 	   14 	   26026 	   13 
 113171 	   25422 	   14 	   27524 	   13 
 110764 	   33126 	   24 	   30048 	   27 
 110948 	   26158 	   17 	   25718 	   17 
 112040 	   24070 	   14 	   26040 	   14 
 112866 	   32732 	   28 	   30752 	   31 
 112452 	   26923 	   15 	   27729 	   13 
 113703 	   32062 	   25 	   35101 	   24 
 109960 	   27988 	   17 	   26028 	   14 
 111270 	   28397 	   50 	   30361 	   62 
 111898 	   28375 	   32 	   24981 	   14 
 114698 	   27654 	   16 	   29545 	   16 
 113426 	   30311 	   17 	   31592 	   18 
 112110 	   36729 	   26 	   29437 	   20 
 113071 	   27009 	   15 	   27217 	   14 
 112632 	   31769 	   53 	   29112 	   64 
 113537 	   24978 	   29 	   24124 	   32 
 116957 	   27898 	   49 	   29053 	   55 
 115871 	   30093 	   25 	   31602 	   27 
 114137 	   26311 	   13 	   26420 	   12 
 114989 	   29855 	   25 	   29211 	   29 
 114822 	   25968 	   17 	   25884 	   15 
 114242 	   28452 	   17 	   27926 	   15 
 114024 	   24673 	   12 	   26617 	   16 
 115177 	   26743 	   19 	   23278 	   15 
 114265 	   27063 	   18 	   26123 	   16 
 115468 	   26986 	   33 	   29239 	   34 
 114796 	   30641 	   34 	   30797 	   30 
 113683 	   27850 	   15 	   27169 	   16 
 114495 	   25226 	   18 	   26000 	   16 
 113296 	   29785 	   18 	   30151 	   16 
 112325 	   27805 	   16 	   27305 	   19 
 113441 	   24754 	   15 	   24820 	   13 
 112992 	   29532 	   28 	   29514 	   31 
 113701 	   27572 	   28 	   26465 	   31 
 113845 	   33970 	   34 	   34132 	   30 
 113821 	   23257 	   13 	   23965 	   13 
 112888 	   29677 	   24 	   29917 	   27 
 112938 	   25936 	   20 	   25607 	   13 
 112617 	   30373 	   52 	   29583 	   48 
 110806 	   25929 	   16 	   25545 	   17 
 111452 	   24677 	   13 	   25420 	   12 
 111153 	   27984 	   25 	   26976 	   28 
 111228 	   28049 	   15 	   28410 	   15 
 111195 	   26933 	   26 	   27154 	   28 
 111400 	   25028 	   18 	   25286 	   18 
 112788 	   27141 	   17 	   27893 	   16 
 111191 	   30682 	   22 	   31712 	   20 
 110549 	   25665 	   12 	   27194 	   14 
 110733 	   26201 	   16 	   26951 	   13 
 110339 	   29844 	   39 	   29157 	   35 
 110572 	   30474 	   13 	   29792 	   14 
 110516 	   28487 	   25 	   28747 	   21 
 110569 	   25588 	   14 	   25304 	   14 
 112147 	   26598 	   11 	   30676 	   21 
 111057 	   34108 	   27 	   30610 	   24 
 110702 	   26052 	   12 	   25855 	   12 
 111487 	   27419 	   15 	   29244 	   14 
 110830 	   30664 	   22 	   29983 	   20 
 111360 	   28985 	   16 	   33018 	   20 
 110131 	   39094 	   62 	   36242 	   84 
 111491 	   31056 	   60 	   29491 	   44 
 112699 	   25931 	   11 	   26439 	   14 
 112454 	   29681 	   47 	   29295 	   53 
 111730 	   26780 	   15 	   27311 	   19 
 111512 	   26445 	   17 	   27128 	   16 
 110739 	   30033 	   15 	   29069 	   13 
 111214 	   27087 	   15 	   27395 	   17 
 111303 	   27182 	   16 	   28100 	   16 
 110652 	   30405 	   25 	   30624 	   37 
 111741 	   27925 	   32 	   32235 	   33 
 111117 	   29722 	   29 	   23549 	   18 
 112161 	   23371 	   14 	   23334 	   13 
 111907 	   28889 	   25 	   29506 	   23 
 110872 	   27700 	   18 	   27982 	   20 
 111351 	   30186 	   29 	   28760 	   28 
 111694 	   27599 	   16 	   27856 	   21 
 111984 	   27679 	   15 	   30119 	   15 
 111616 	   32135 	   21 	   29212 	   20 
 112806 	   27998 	   20 	   28992 	   17 
 112189 	   29737 	   19 	   29490 	   19 
 112167 	   30140 	   29 	   30752 	   32 
 112708 	   28688 	   31 	   28612 	   28 
 112694 	   30065 	   29 	   30958 	   28 
 111865 	   28110 	   18 	   28687 	   26 
 110806 	   28193 	   21 	   26783 	   27 
 111074 	   26474 	   23 	   26193 	   13 
 111489 	   34614 	  101 	   32704 	  105 
 111788 	   25586 	   10 	   27971 	   12 
 112095 	   28352 	   16 	   25586 	   17 
 111156 	   29361 	   18 	   29107 	   17 
 111587 	   25682 	   14 	   26110 	   12 
 112956 	   28193 	   22 	   28747 	   19 
 110879 	   32005 	   32 	   30136 	   37 
 110828 	   26143 	   16 	   24590 	   16 
 111466 	   23989 	   18 	   25636 	   16 
 111597 	   28786 	   19 	   27073 	   17 
 111065 	   26693 	   18 	   26657 	   19 
 110305 	   23947 	   13 	   26329 	   47 
 111886 	   27563 	   38 	   25784 	   15 
 112562 	   28816 	   23 	   28151 	   19 
 111281 	   27451 	   19 	   26505 	   15 
 111925 	   23713 	   20 	   23503 	   17 
 111449 	   25815 	   17 	   25466 	   14 
 111809 	   28060 	   30 	   29818 	   35 
 110877 	   26935 	   18 	   24833 	   20 
 111566 	   22646 	   12 	   24052 	   14 
 110990 	   26467 	   19 	   26092 	   18 
 110643 	   26339 	   21 	   25798 	   14 
 112064 	   28964 	   68 	   30435 	   74 
 110244 	   26564 	   15 	   24629 	   19 
 111943 	   23333 	   19 	   23949 	   16 
 112518 	   26944 	   22 	   26357 	   23 
 111373 	   27263 	   18 	   27720 	   17 
 111546 	   26960 	   37 	   26466 	   37 
 114201 	   23991 	   20 	   26614 	   16 
 112551 	   28747 	   21 	   26635 	   17 
 112753 	   27628 	   30 	   26930 	   27 
 112434 	   22852 	   14 	   26229 	   18 
 112860 	   26957 	   19 	   24625 	   18 
 111886 	   28307 	   36 	   26917 	   45 
 110529 	   24625 	   20 	   24975 	   18 
 110712 	   25115 	   24 	   24638 	   22 
 110358 	   21158 	   12 	   26223 	   17 
 110663 	   23124 	   17 	   24165 	   11 
 111688 	   25711 	   32 	   25616 	   34 
 112781 	   26810 	   20 	   28908 	   19 
 112597 	   27193 	   23 	   25450 	   23 
 111508 	   21897 	   13 	   23002 	   10 
 111842 	   24362 	   19 	   24974 	   16 
 112204 	   30810 	   69 	   29618 	   77 
 111836 	   25136 	   19 	   25221 	   19 
 110523 	   23263 	   12 	   23069 	   18 
 113410 	   23410 	   21 	   23607 	   17 
 112350 	   25537 	   21 	   24815 	   13 
 112532 	   26620 	   31 	   26058 	   37 
 111479 	   23391 	   20 	   23341 	   19 
 110265 	   21083 	   12 	   26526 	   22 
 112399 	   23399 	   19 	   22185 	   12 
 111215 	   23802 	   17 	   25741 	   12 
 113361 	   27896 	   43 	   29889 	   38 
 113117 	   27074 	   23 	   25231 	   17 
 113056 	   21930 	   12 	   22680 	   13 
 115340 	   28744 	   20 	   29428 	   21 
 115734 	   30523 	   26 	   31518 	   22 
 112207 	   24876 	   14 	   25319 	   37 
 112485 	   24919 	   34 	   22670 	   13 
 112323 	   24512 	   20 	   24825 	   14 
 113662 	   28428 	   25 	   29200 	   19 
 112451 	   27536 	   25 	   26119 	   19 
 114109 	   23297 	   16 	   26328 	   14 
 112518 	   37363 	   57 	   51985 	   79 
 115276 	   24197 	   15 	   37161 	   22 
 116718 	   23062 	   18 	   34999 	    9 
 117273 	   17741 	   16 	   27894 	   13 
 117359 	   18483 	   31 	   20060 	   35 
 118997 	   18854 	   21 	   19179 	   17 
 118089 	   20747 	   20 	   20052 	   19 
 118686 	   16854 	   17 	   18277 	   15 
 119786 	   15763 	   14 	   18061 	   42 
 117587 	   17371 	   38 	   15559 	   11 
 118316 	   16854 	   17 	   17866 	   14 
 118369 	   19199 	   22 	   19641 	   17 
 119109 	   18859 	   22 	   18593 	   18 
 118635 	   18427 	   31 	   18996 	   31 
 119492 	   14331 	   13 	   14992 	   12 
 121348 	   19448 	   19 	   21859 	   20 
 119734 	   24914 	   22 	   25216 	   22 
 119927 	   22059 	   25 	   24288 	   21 
 118821 	   21639 	   18 	   20272 	   18 
 108678 	  133172 	  163 	   68881 	  168 
 114466 	   28343 	   20 	   27275 	   16 
 113907 	   26860 	   16 	   31066 	   17 
 112949 	   31908 	   53 	   29801 	   60 
 114250 	   25533 	   20 	   26685 	   23 
 115627 	   36200 	   44 	   36391 	   49 
 115726 	   26544 	   14 	   31082 	   18 
 114406 	   31163 	   20 	   26920 	   18 
 115938 	   24813 	   14 	   28949 	   15 
 114391 	   30321 	   24 	   27876 	   24 
 114899 	   26894 	   15 	   27559 	   13 
 116285 	   32067 	   23 	   31121 	   22 
 114543 	   29221 	   15 	   28593 	   16 
 112993 	   31829 	   32 	   28127 	   30 
 116876 	   38235 	   31 	   41297 	   35 
 115244 	   25818 	   15 	   27384 	   14 
 115408 	   28945 	   20 	   30383 	   20 
 114801 	   26915 	   13 	   25313 	   12 
 115787 	   30209 	   21 	   30151 	   20 
 115523 	   23081 	   11 	   26309 	   16 
 114951 	   30126 	   22 	   27326 	   21 
 114793 	   28599 	   15 	   28110 	   14 
 115678 	   29723 	   19 	   30789 	   17 
 114488 	   31007 	   17 	   30162 	   17 
 114300 	   33653 	   30 	   31846 	   26 
 114526 	   37443 	   36 	   39103 	   37 
 114659 	   28048 	   13 	   30407 	   13 
 114247 	   31532 	   18 	   29652 	   18 
 115129 	   26417 	   13 	   26124 	   11 
 114767 	   29512 	   18 	   29154 	   17 
 113356 	   26866 	    9 	   28562 	   10 
 114187 	   32309 	   27 	   31056 	   29 
 114242 	   25946 	   11 	   26841 	   12 
 112018 	   33789 	   28 	   29115 	   28 
 116456 	   41418 	   48 	   46021 	   55 
 113880 	   26642 	   14 	   27551 	   14 
 115250 	   29725 	   19 	   30518 	   17 
 114857 	   26376 	   14 	   26068 	   13 
 114623 	   28409 	   20 	   27319 	   21 
 115791 	   22367 	   14 	   25830 	   13 
 117663 	   31379 	   58 	   34656 	   62 
 115498 	   23394 	   19 	   31016 	   21 
 113860 	   28564 	   19 	   24097 	   11 
 115789 	   31043 	   24 	   30349 	   26 
 111857 	   26798 	   17 	   23629 	   17 
 114250 	   24285 	    8 	   25993 	   10 
 114750 	   32262 	   23 	   33770 	   24 
 111562 	   31944 	   14 	   26361 	   14 
 113002 	   22383 	   16 	   26735 	   18 
 114526 	   26837 	   17 	   30642 	   17 
 112516 	   25826 	   15 	   22766 	   13 
 110415 	   37287 	   36 	   35422 	   39 
 115454 	   26172 	   18 	   27912 	   20 
 118548 	   32370 	   32 	   39908 	   30 
 115513 	   22905 	   12 	   25432 	   12 
 111277 	   32710 	   16 	   26653 	   15 
 113804 	   26442 	   18 	   27275 	   19 
 115940 	   23788 	   18 	   28769 	   17 
 116225 	   28483 	   48 	   34439 	   49 
 111576 	   25524 	   14 	   24241 	   13 
 111913 	   22742 	   11 	   23446 	   17 
 113452 	   24837 	   20 	   22923 	   14 
 113183 	   25818 	   12 	   25610 	   12 
 114025 	   26941 	   33 	   26179 	   32 
 114602 	   21956 	   13 	   22539 	   14 
 114245 	   24584 	   15 	   24659 	   18 
 113008 	   27883 	   13 	   26942 	   14 
 116043 	   23391 	   15 	   27786 	   16 
 113355 	   29840 	   27 	   25849 	   27 
 117354 	   30510 	   30 	   41823 	   33 
 113032 	   28717 	   20 	   22307 	   12 
 111050 	   31380 	   19 	   24584 	   18 
 114459 	   27890 	   19 	   28120 	   19 
 115403 	   24924 	   16 	   28541 	   16 
 116739 	   25892 	   24 	   33173 	   25 
 115728 	   21827 	   13 	   22648 	   14 
 116253 	   26382 	   15 	   25665 	   17 
 114182 	   26222 	   17 	   27052 	   14 
 118520 	   28576 	   64 	   39351 	   83 
 115380 	   25172 	   36 	   23410 	   13 
 114799 	   34112 	   25 	   32333 	   25 
 116004 	   27299 	   14 	   28435 	   12 
 115851 	   25437 	   13 	   27546 	   14 
 112997 	   32549 	   25 	   27904 	   25 
 112831 	   37501 	   37 	   31694 	   37 
 110825 	   32757 	   21 	   27224 	   22 
 107875 	   38441 	   81 	   29125 	   85 
 108997 	   33078 	   35 	   25415 	   41 
 112043 	   28026 	   16 	   25342 	   11 
 113490 	   38512 	   62 	   40627 	   69 
 112215 	   25863 	   16 	   26651 	   15 
 113090 	   25675 	   14 	   24780 	   13 
 114738 	   28868 	   29 	   32488 	   28 
 115303 	   27716 	   17 	   31703 	   17 
 113928 	   23306 	   12 	   23900 	   13 
 113649 	   27477 	   17 	   26598 	   20 
 113651 	   33025 	   22 	   30698 	   24 
 115797 	   25601 	   17 	   28984 	   17 
 113974 	   28982 	   31 	   29607 	   33 
 113957 	   29133 	   21 	   27979 	   23 
 114562 	   27621 	   13 	   27805 	   11 
 114672 	   24779 	   12 	   25378 	   12 
 114247 	   28892 	   25 	   27910 	   23 
 113495 	   28282 	   18 	   26960 	   17 
 111489 	   34991 	   29 	   30753 	   27 
 110605 	   29734 	   18 	   27266 	   18 
 112576 	   39581 	   42 	   38273 	   44 
 112936 	   28016 	   25 	   34270 	   23 
 114580 	   27954 	   18 	   31879 	   20 
 112837 	   25341 	   11 	   24425 	   12 
 113956 	   29036 	   15 	   30184 	   17 
 113039 	   27388 	   28 	   28178 	   27 
 114186 	   22213 	   12 	   26981 	   14 
 113721 	   29053 	   15 	   27302 	   13 
 113348 	   29400 	   19 	   30181 	   26 
 111900 	   30828 	   21 	   28976 	   23 
 113834 	   25070 	   15 	   30257 	   20 
 113348 	   23730 	   12 	   23775 	   13 
 114740 	   25333 	   18 	   26934 	   17 
 118492 	   25538 	   21 	   33225 	   21 
 111125 	   32960 	   17 	   24730 	   18 
 113419 	   26756 	   17 	   25792 	   19 
 116147 	   20250 	   15 	   28813 	   16 
 115465 	   32949 	   37 	   30494 	   42 
 111244 	   27466 	   19 	   23716 	   47 
 112587 	   28443 	   43 	   20830 	   14 
 113801 	   27570 	   17 	   23683 	   17 
 113114 	   32662 	   35 	   32124 	   36 
 115242 	   24801 	   18 	   29445 	   16 
 114596 	   28016 	   15 	   29620 	   19 
 112096 	   25099 	   15 	   21658 	   15 
 114910 	   20833 	   14 	   22181 	   13 
 118612 	   26020 	   29 	   37356 	   27 
 114565 	   26602 	   21 	   20402 	   12 
 117658 	   25423 	   14 	   28639 	   13 
 116606 	   24409 	   63 	   28357 	   79 
 117532 	   24188 	   17 	   26265 	   20 
 116717 	   28545 	   20 	   26454 	   19 
 116539 	   22215 	   13 	   21876 	    9 
 115710 	   24688 	   21 	   23922 	   21 
 117344 	   27844 	   21 	   27654 	   20 
 116723 	   21573 	   13 	   22918 	   14 
 117179 	   26379 	   26 	   24746 	   28 
 115857 	   25248 	   41 	   23958 	   43 
 117246 	   19012 	   14 	   20568 	   15 
 116580 	   23020 	   21 	   21950 	   19 
 116051 	   27144 	   21 	   26646 	   20 
 115673 	   19086 	   14 	   20199 	   14 
 115392 	   24432 	   22 	   23056 	   19 
 116916 	   27641 	   28 	   27672 	   29 
 116615 	   21705 	   14 	   21925 	   12 
 116587 	   31213 	   26 	   29928 	   25 
 116529 	   20805 	   14 	   21374 	   14 
 116382 	   22230 	   18 	   22468 	   17 
 118264 	   27226 	   46 	   27650 	   51 
 117889 	   25651 	   19 	   24813 	   18 
 117467 	   26174 	   15 	   25623 	   13 
 117671 	   31328 	   26 	   30554 	   24 
 116201 	   24108 	   11 	   23968 	   12 
 116650 	   27229 	   55 	   27023 	   59 
 115508 	   25321 	   31 	   25906 	   26 
 115837 	   29734 	   54 	   32407 	   57 
 116820 	   28748 	   23 	   29098 	   23 
 116351 	   22072 	   10 	   22292 	   13 
 116695 	   27970 	   21 	   26482 	   22 
 116490 	   23545 	   20 	   22919 	   22 
 117389 	   23777 	   14 	   24714 	   17 
 117608 	   21763 	   13 	   22469 	   12 
 116543 	   27647 	   22 	   25983 	   21 
 116006 	   22016 	   11 	   23525 	   17 
 116620 	   27445 	   31 	   27016 	   34 
 116053 	   26141 	   27 	   27324 	   25 
 115855 	   24566 	   16 	   24200 	   15 
 117132 	   22386 	   16 	   24475 	   15 
 115724 	   26769 	   16 	   24813 	   16 
 115356 	   24273 	   15 	   24051 	   17 
 116182 	   22857 	   18 	   23496 	   16 
 115662 	   25340 	   22 	   25056 	   26 
 114068 	   25111 	   15 	   23999 	   30 
 114740 	   28928 	   36 	   29464 	   32 
 115311 	   24301 	   14 	   24128 	   13 
 115160 	   27981 	   22 	   28717 	   22 
 114715 	   24655 	   14 	   25106 	   12 
 113886 	   27270 	   44 	   26540 	   46 
 113644 	   20830 	   12 	   21359 	   13 
 114614 	   23840 	   21 	   23845 	   21 
 113380 	   26497 	   22 	   25647 	   23 
 114573 	   23125 	   19 	   24843 	   21 
 113842 	   21731 	   12 	   21463 	   13 
 113463 	   29100 	   26 	   27107 	   28 
 114765 	   24442 	   17 	   25847 	   19 
 113321 	   29006 	   21 	   28297 	   23 
 114440 	   22604 	   12 	   21651 	   12 
 114650 	   24207 	   16 	   24279 	   14 
 113926 	   26884 	   37 	   27061 	   36 
 114097 	   25119 	   25 	   23453 	   23 
 115113 	   20847 	   13 	   24514 	   16 
 114963 	   29498 	   26 	   25656 	   21 
 114757 	   25510 	   20 	   25915 	   23 
 115277 	   22154 	   18 	   23334 	   17 
 114486 	   25902 	   26 	   25064 	   28 
 114698 	   26023 	   17 	   26528 	   19 
 114475 	   30433 	   22 	   28201 	   20 
 114817 	   22982 	   12 	   23862 	   17 
 114461 	   34339 	   58 	   33836 	   59 
 115019 	   26447 	   56 	   27600 	   65 
 115651 	   24998 	   27 	   27739 	   26 
 115315 	   28774 	   60 	   28304 	   56 
 114135 	   22627 	   13 	   22926 	   13 
 114966 	   25674 	   17 	   25863 	   16 
 114574 	   26491 	   17 	   25937 	   14 
 114395 	   22580 	   15 	   21796 	   15 
 115108 	   24323 	   20 	   25064 	   17 
 114097 	   26271 	   24 	   25667 	   29 
 113840 	   26395 	   31 	   25621 	   29 
 114617 	   27999 	   29 	   28860 	   31 
 114773 	   24224 	   15 	   24673 	   14 
 114598 	   26062 	   19 	   27434 	   23 
 114034 	   25877 	   18 	   23905 	   13 
 114649 	   24391 	   28 	   25320 	   29 
 116267 	   20677 	   13 	   21524 	   16 
 115229 	   24098 	   16 	   22644 	   16 
 115015 	   26087 	   17 	   25693 	   17 
 115915 	   23125 	   18 	   24477 	   16 
 116292 	   26207 	   19 	   25501 	   17 
 115357 	   30517 	   30 	   28738 	   29 
 115905 	   22866 	   30 	   23783 	   30 
 116468 	   22722 	   14 	   23819 	   18 
 116063 	   29419 	   30 	   28306 	   33 
 115126 	   23317 	   15 	   21788 	   13 
 117153 	   24308 	   24 	   27398 	   25 
 116389 	   28057 	   87 	   31251 	  114 
 115170 	   24364 	   45 	   20850 	   14 
 115353 	   25418 	   18 	   25839 	   17 
 114832 	   25408 	   20 	   25143 	   19 
 115542 	   21653 	   12 	   22389 	   12 
 113184 	   27609 	   16 	   24733 	   12 
 114861 	   27540 	   26 	   29894 	   26 
 111280 	   27929 	   19 	   23873 	   18 
 115684 	   27240 	   23 	   30751 	   23 
 112751 	   26315 	   23 	   26082 	   25 
 113300 	   21550 	   13 	   24131 	   14 
 113927 	   23611 	   16 	   24561 	   14 
 112375 	   31682 	   47 	   27981 	   50 
 114215 	   26114 	   21 	   26400 	   21 
 113329 	   21842 	   11 	   23235 	   11 
 114172 	   27588 	   22 	   26952 	   22 
 112070 	   27897 	   14 	   26097 	   14 
 112793 	   26610 	   28 	   27338 	   28 
 112659 	   21777 	   14 	   22868 	   15 
 111876 	   24101 	   14 	   24946 	   15 
 111869 	   26717 	   22 	   26897 	   23 
 111326 	   26450 	   16 	   24552 	   14 
 109787 	   27337 	   55 	   24895 	   53 
 111054 	   31904 	   25 	   28555 	   27 
 114544 	   26431 	   16 	   31635 	   15 
 111466 	   28474 	   21 	   26754 	   26 
 113226 	   24584 	   13 	   24985 	   13 
 112667 	   22148 	   13 	   22663 	   14 
 108170 	   38372 	   27 	   27978 	   28 
 112811 	   25870 	   15 	   27561 	   14 
 116122 	   28205 	   17 	   39377 	   30 
 110448 	   35297 	   26 	   24800 	   27 
 115306 	   26059 	   16 	   33094 	   17 
 113175 	   27199 	   50 	   26684 	   48 
 111062 	   24006 	   20 	   21796 	   19 
 113101 	   21241 	   15 	   23688 	   12 
 110373 	   27730 	   25 	   25328 	   24 
 109521 	   26351 	   11 	   23781 	   12 
 111562 	   29396 	   32 	   28333 	   33 
 111697 	   26886 	   15 	   25325 	   13 
 112054 	   24529 	   17 	   26015 	   18 
 112557 	   27643 	   29 	   28132 	   28 
 112713 	   26595 	   16 	   26873 	   18 
 112847 	   31585 	   87 	   29675 	   98 
 112302 	   22527 	   13 	   24047 	   14 
 112490 	   23523 	   16 	   22551 	   13 
 111444 	   30753 	   25 	   29508 	   21 
 113601 	   26161 	   15 	   28621 	   15 
 111776 	   27239 	   25 	   26091 	   24 
 111280 	   21011 	   13 	   22066 	   12 
 110081 	   23767 	   11 	   23232 	   13 
 110323 	   27628 	   22 	   25606 	   21 
 110567 	   26717 	   11 	   26117 	   13 
 110428 	   27595 	   45 	   27492 	   43 
 114463 	   24297 	   20 	   25473 	   18 
 112577 	   24956 	   16 	   24459 	   14 
 113428 	   28235 	   16 	   27150 	   19 
 112789 	   25743 	   22 	   27840 	   20 
 114237 	   26262 	   18 	   25049 	   17 
 112229 	   27476 	   26 	   28265 	   29 
 112693 	   25420 	   15 	   26371 	   17 
 111163 	   28286 	   26 	   26258 	   24 
 112700 	   24637 	   13 	   26009 	   13 
 113339 	   29568 	   17 	   29162 	   18 
 105064 	   39766 	   48 	   35625 	   51 
  99899 	   46557 	   15 	   35132 	   14 
 100416 	   43885 	   25 	   36000 	   23 
 102582 	   35493 	   14 	   31583 	   13 
 109090 	   28743 	   29 	   27534 	   31 
 108782 	   29245 	   21 	   27940 	   18 
 109255 	   27902 	   31 	   27334 	   29 
 110236 	   23744 	   13 	   24365 	   13 
 110145 	   30617 	   17 	   29888 	   19 
 109068 	   31143 	   47 	   30158 	   50 
 109442 	   27604 	   15 	   27909 	   15 
 109994 	   27822 	   30 	   26890 	   26 
 109578 	   23835 	   17 	   23572 	   20 
 110708 	   27652 	   16 	   26803 	   16 
 112032 	   29343 	   31 	   32757 	   32 
 111553 	   34066 	   17 	   33049 	   18 
 110727 	   37801 	   34 	   33293 	   27 
 113707 	   28663 	   17 	   35583 	   16 
 111885 	   33917 	   20 	   30506 	   16 
 144545 	   68323 	  116 	  118830 	  122 
 120672 	   46371 	   70 	   37191 	   70 
 117411 	   25952 	   25 	   27320 	   25 
 116995 	   21485 	   13 	   21008 	   14 
 115770 	   25311 	   15 	   25458 	   14 
 117475 	   24859 	   15 	   25072 	   14 
 115640 	   22289 	   11 	   21165 	   11 
 115609 	   27300 	   22 	   24441 	   21 
 116074 	   30780 	   35 	   27459 	   34 
 115823 	   40487 	   59 	   42317 	   56 
 117709 	   23286 	   17 	   22509 	   13 
 117268 	   21869 	   13 	   21081 	    9 
 115670 	   26217 	   14 	   24953 	   13 
 117335 	   25184 	   14 	   24656 	   14 
 118256 	   26762 	   24 	   27959 	   24 
 117151 	   21350 	   13 	   25985 	   23 
 118429 	   26332 	   23 	   28534 	   17 
 117327 	   22912 	   13 	   23158 	   10 
 116149 	   27535 	   15 	   25186 	   15 
 116511 	   21162 	   11 	   21463 	   14 
 119575 	   27602 	   25 	   28258 	   25 
 117880 	   21346 	   12 	   22523 	   13 
 116533 	   27105 	   22 	   24893 	   21 
 117766 	   22712 	   20 	   23992 	   18 
 118725 	   27234 	   16 	   27683 	   17 
 116327 	   30779 	   17 	   26705 	   15 
 115062 	   28605 	   56 	   28485 	   60 
 117898 	   26024 	   16 	   31652 	   18 
 116957 	   27156 	   16 	   25402 	   13 
 116881 	   21588 	   13 	   21226 	   13 
 119503 	   21417 	   30 	   23845 	   23 
 117074 	   28499 	   34 	   25899 	   26 
 117538 	   21792 	   13 	   22841 	   11 
 117015 	   30806 	   36 	   28971 	   38 
 117300 	   21450 	   17 	   22767 	   15 
 116951 	   26586 	   15 	   25835 	   15 
 117784 	   22136 	   15 	   22860 	   14 
 116453 	   29284 	   22 	   28355 	   21 
 118495 	   27111 	   25 	   26962 	   21 
 117512 	   23382 	   13 	   23028 	   12 
 117731 	   26683 	   28 	   28864 	   26 
 117288 	   26842 	   32 	   24560 	   31 
 118539 	   24637 	   22 	   25462 	   21 
 117323 	   25612 	   17 	   24807 	   16 
 117364 	   28027 	   20 	   26810 	   20 
 116242 	   31931 	   45 	   29031 	   41 
 117589 	   22944 	   16 	   22584 	   15 
 116554 	   31301 	   35 	   27611 	   33 
 120056 	   23588 	   20 	   26981 	   17 
 117949 	   26845 	   19 	   26421 	   18 
 116416 	   22065 	   13 	   21573 	   14 
 117253 	   33488 	   26 	   30903 	   27 
 119152 	   24583 	   18 	   28962 	   15 
 117534 	   24120 	   13 	   25221 	   13 
 115612 	   30226 	   24 	   24735 	   22 
 118030 	   25237 	   19 	   23573 	   19 
 118797 	   21162 	   13 	   22855 	   14 
 117330 	   23963 	   16 	   22415 	   17 
 116507 	   34627 	   30 	   26227 	   33 
 118684 	   33549 	  106 	   31538 	  116 
 119562 	   23390 	   30 	   22317 	   31 
 120221 	   21667 	   24 	   22559 	   20 
 119891 	   24289 	   20 	   24676 	   17 
 119573 	   19095 	   20 	   21106 	   19 
 119268 	   20949 	   20 	   18114 	   11 
 120274 	   27524 	   31 	   28537 	   30 
 119567 	   21625 	   13 	   23090 	   13 
 120638 	   25256 	   16 	   26571 	   17 
 119473 	   20509 	   15 	   20333 	   17 
 119365 	   23902 	   19 	   23147 	   16 
 120304 	   24321 	   21 	   24721 	   19 
 119806 	   21529 	   14 	   22383 	   14 
 118310 	   35568 	   52 	   33667 	   49 
 119159 	   19190 	   16 	   20737 	   13 
 118967 	   22052 	   18 	   21878 	   14 
 118564 	   24823 	   26 	   25544 	   25 
 116581 	   21953 	   15 	   20469 	   14 
 118139 	   19693 	   18 	   20850 	   16 
 121688 	   36585 	   32 	   38186 	   31 
 118577 	   23692 	   13 	   22578 	   14 
 119465 	   24293 	   31 	   25284 	   29 
 118306 	   21819 	   16 	   22418 	   14 
 118179 	   22139 	   22 	   20743 	   19 
 117872 	   21098 	   23 	   20962 	   20 
 119509 	   26660 	   51 	   33337 	   49 
 121095 	   29444 	   43 	   34821 	   41 
 118224 	   24241 	   13 	   25376 	   13 
 117949 	   27457 	   16 	   27344 	   15 
 118451 	   24398 	   14 	   25556 	   14 
 116972 	   35908 	   23 	   31982 	   20 
 119309 	   20224 	   14 	   25640 	   12 
 117319 	   26202 	   17 	   24212 	   14 
 118007 	   30362 	   26 	   30340 	   26 
 115451 	   25765 	   17 	   21731 	   18 
 117585 	   27951 	   24 	   25129 	   24 
 118160 	   19765 	   18 	   24445 	   16 
 118654 	   21576 	   15 	   21550 	   11 
 114127 	   37500 	   31 	   27474 	   31 
 120683 	   31254 	   45 	   36155 	   43 
 116903 	   24141 	   13 	   23438 	   12 
 119428 	   25070 	   25 	   26370 	   26 
 118651 	   25465 	   31 	   28606 	   28 
 119436 	   24885 	   23 	   26421 	   22 
 114676 	   25372 	   16 	   24027 	   17 
 115781 	   29784 	   30 	   28543 	   30 
 117713 	   22917 	   21 	   24889 	   22 
 116283 	   19651 	   17 	   21395 	   16 
 114813 	   34194 	   29 	   26809 	   30 
 117811 	   23103 	   21 	   22308 	   20 
 117149 	   24657 	   15 	   24041 	   15 
 118637 	   32918 	   42 	   27668 	   41 
 120218 	   22355 	   18 	   20385 	   17 
 121492 	   20471 	   28 	   22956 	   29 
 121115 	   21806 	   16 	   22027 	   19 
 119829 	   27659 	   27 	   24532 	   22 
 119033 	   22747 	   19 	   23670 	   21 
 119516 	   26903 	   95 	   24554 	  100 
 118115 	   22312 	   22 	   20788 	   21 
 119522 	   21135 	   18 	   21835 	   18 
 119346 	   20855 	   22 	   20633 	   29 
 118799 	   24577 	   19 	   22041 	   20 
 121027 	   23277 	   36 	   26007 	   36 
 119188 	   22002 	   18 	   21416 	   19 
 119930 	   21528 	   29 	   21231 	   28 
 119648 	   21848 	   26 	   22273 	   26 
 119589 	   17602 	   15 	   16950 	   14 
 120829 	   22384 	   24 	   23715 	   23 
 120258 	   18630 	   18 	   21161 	   20 
 120118 	   26494 	   48 	   22840 	   54 
 119640 	   23823 	   19 	   23659 	   19 
 120583 	   25392 	   26 	   24755 	   20 
 118879 	   22981 	   22 	   24020 	   21 
 122065 	   25836 	   26 	   27184 	   22 
 120783 	   28011 	   39 	   26133 	   35 
 120376 	   19360 	   15 	   19770 	   16 
 119955 	   29638 	   24 	   27507 	   25 
 120483 	   29908 	   25 	   29702 	   25 
 120990 	   19871 	   16 	   24076 	   23 
 119032 	   23533 	   24 	   19709 	   13 
 121823 	   22858 	   22 	   27296 	   21 
 121649 	   25647 	   68 	   28050 	   63 
 119190 	   24659 	   25 	   25178 	   29 
 119142 	   21457 	   13 	   22809 	   12 
 119223 	   24934 	   35 	   27281 	   32 
 118368 	   19273 	   19 	   24022 	   17 
 115771 	   37739 	   30 	   31747 	   28 
 117968 	   26253 	   20 	   27979 	   19 
 116267 	   23630 	   14 	   25804 	   16 
 116324 	   32639 	   27 	   26140 	   22 
 116285 	   21892 	   13 	   20883 	   14 
 117669 	   25412 	   22 	   22830 	   24 
 118388 	   28719 	   54 	   28383 	   52 
 120073 	   21405 	   15 	   21904 	   15 
 119426 	   30984 	   27 	   30462 	   28 
 119925 	   25336 	   20 	   26158 	   20 
 119590 	   23860 	   17 	   24619 	   15 
 121441 	   29370 	   35 	   31259 	   33 
 117186 	   25189 	   18 	   24578 	   18 
 117369 	   28267 	   29 	   26393 	   22 
 120521 	   28121 	   24 	   29795 	   24 
 119534 	   26748 	   18 	   28122 	   18 
 118119 	   33764 	   28 	   28883 	   28 
 117822 	   24074 	   16 	   24761 	   14 
 119764 	   28858 	   25 	   28682 	   23 
 120598 	   30521 	   41 	   28976 	   43 
 117539 	   23181 	   16 	   24240 	   20 
 119031 	   28594 	   24 	   27666 	   19 
 118448 	   23334 	   18 	   22784 	   19 
 119140 	   23111 	   23 	   24019 	   22 
 119212 	   25216 	   37 	   23511 	   39 
 120304 	   23115 	   21 	   25799 	   22 
 119520 	   30318 	   27 	   28188 	   21 
 120657 	   22001 	   16 	   23841 	   17 
 124082 	   36314 	  147 	   40253 	  157 
 120713 	   18172 	   16 	   20334 	   25 
 122697 	   24929 	   51 	   25363 	   53 
 121953 	   17482 	   16 	   18337 	   16 
 122130 	   24113 	   41 	   24850 	   47 
 122522 	   24373 	   20 	   24888 	   20 
 122526 	   17902 	   15 	   18382 	   16 
 122657 	   21034 	   20 	   22334 	   21 
 122489 	   20372 	   20 	   19931 	   22 
 122046 	   18491 	   17 	   18333 	   17 
 121966 	   24474 	   31 	   24201 	   29 
 121465 	   18344 	   15 	   18636 	   13 
 121988 	   18271 	   15 	   17735 	   11 
 120852 	   33271 	   28 	   28157 	   28 
 121815 	   20223 	   14 	   20280 	   14 
 121867 	   23098 	   29 	   23430 	   24 
 121617 	   21678 	   13 	   22122 	   15 
 121344 	   24505 	   22 	   22016 	   19 
 120863 	   23694 	   41 	   28429 	   47 
 122193 	   20063 	   26 	   20199 	   15 
 122655 	   23386 	   16 	   23721 	   17 
 122143 	   20264 	   11 	   22332 	   11 
 122295 	   28540 	   25 	   26171 	   26 
 122041 	   20566 	   16 	   22190 	   16 
 122428 	   16782 	   14 	   18243 	   14 
 121856 	   21559 	   21 	   20113 	   23 
 122142 	   21775 	   12 	   20990 	   13 
 121916 	   18569 	   14 	   18683 	   14 
 121749 	   24910 	   19 	   24338 	   20 
 122882 	   19120 	   20 	   20778 	   20 
 122188 	   17104 	   12 	   17760 	   12 
 121778 	   22933 	   28 	   20307 	   30 
 122737 	   17300 	   13 	   18885 	   12 
 123053 	   37594 	   47 	   38057 	   56 
 121712 	   20261 	   16 	   20805 	   16 
 122327 	   18587 	   15 	   19433 	   15 
 122110 	   16160 	   14 	   17329 	   14 
 122126 	   19424 	   16 	   18036 	   17 
 123434 	   19103 	   21 	   20599 	   23 
 126736 	   27268 	   54 	   32756 	   61 
 121713 	   17782 	   11 	   18900 	   11 
 121320 	   22656 	   21 	   19856 	   21 
 124292 	   27228 	   23 	   28952 	   25 
 122571 	   19454 	   11 	   19951 	   12 
 120327 	   24440 	   16 	   21097 	   14 
 122278 	   22717 	   23 	   23848 	   23 
 120726 	   19123 	   14 	   17658 	   13 
 120725 	   18182 	   17 	   18533 	   18 
 120930 	   22546 	   23 	   22320 	   26 
 122721 	   19247 	   18 	   23434 	   17 
 120219 	   20410 	   22 	   19673 	   24 
 123893 	   31460 	   37 	   33075 	   40 
 122202 	   16624 	   10 	   15867 	   10 
 125475 	   22517 	   29 	   29763 	   30 
 120981 	   19837 	   14 	   17486 	   15 
 121421 	   15510 	   15 	   15201 	   15 
 124084 	   20579 	   22 	   24793 	   22 
 123824 	   19645 	   50 	   24377 	   50 
 120125 	   13529 	   14 	   13871 	   14 
 120209 	   17085 	   19 	   15968 	   19 
 121020 	   19275 	   23 	   19310 	   26 
 123150 	   19062 	   18 	   23241 	   18 
 118992 	   17364 	   13 	   14194 	   13 
 120404 	   19483 	   32 	   17344 	   31 
 121950 	   19200 	   18 	   20082 	   19 
 121256 	   18247 	   24 	   17199 	   27 
 120940 	   14474 	   12 	   15795 	   12 
 125684 	   15561 	   12 	   25219 	   21 
 117873 	   30015 	   34 	   18478 	   37 
 124000 	   18371 	   22 	   24038 	   21 
 118372 	   24540 	   19 	   18350 	   20 
 123076 	   19668 	   17 	   21664 	   17 
 121500 	   14725 	   14 	   19356 	   17 
 121289 	   14030 	   13 	   15702 	   12 
 122952 	   17645 	   25 	   18983 	   24 
 121750 	   18621 	   15 	   19148 	   16 
 122209 	   16239 	   14 	   15543 	   12 
 123040 	   17296 	   20 	   21880 	   17 
 125824 	   26885 	   71 	   30823 	   63 
 121431 	   21955 	   25 	   17989 	   26 
 123557 	   13905 	   13 	   17366 	   13 
 123271 	   18161 	   14 	   18266 	   15 
 121633 	   21206 	   21 	   19429 	   19 
 119817 	   27577 	   38 	   21878 	   40 
 119664 	   19372 	   21 	   15339 	   20 
 117021 	   25562 	   84 	   19285 	   90 
 115250 	   31913 	   40 	   20224 	   42 
 117381 	   25521 	   18 	   19330 	   19 
 121920 	   23629 	   70 	   28520 	   74 
 122511 	   21124 	   21 	   22880 	   21 
 121225 	   23071 	   19 	   23304 	   18 
 121628 	   17979 	   14 	   18234 	   15 
 123774 	   21099 	   28 	   25515 	   27 
 122174 	   18723 	   17 	   20312 	   16 
 122760 	   21252 	   20 	   23006 	   19 
 118486 	   24431 	   19 	   18708 	   20 
 123956 	   20138 	   21 	   25549 	   23 
 121654 	   15175 	   14 	   16838 	   15 
 121613 	   20917 	   23 	   18394 	   22 
 123174 	   19459 	   28 	   22013 	   28 
 121362 	   19350 	   15 	   16133 	   12 
 122269 	   20225 	   13 	   21621 	   13 
 122607 	   16731 	   11 	   17970 	   13 
 118451 	   29079 	   29 	   21542 	   31 
 121048 	   17181 	   12 	   18270 	   12 
 118018 	   24952 	   15 	   20635 	   16 
 122117 	   31339 	   40 	   31990 	   43 
 124724 	   22964 	   28 	   31223 	   29 
 121280 	   18967 	   16 	   20092 	   15 
 121023 	   18824 	   13 	   19110 	   13 
 120304 	   16036 	   16 	   15960 	   16 
 121238 	   19701 	   30 	   22092 	   31 
 122659 	   19132 	   18 	   22828 	   17 
 121414 	   15441 	   12 	   15442 	   13 
 118265 	   25862 	   26 	   21312 	   28 
 121551 	   15055 	   13 	   18397 	   14 
 121163 	   20401 	   19 	   19714 	   14 
 124079 	   20596 	   19 	   26308 	   20 
 123441 	   16884 	   15 	   20061 	   14 
 122735 	   22542 	   20 	   22801 	   20 
 120916 	   18436 	   19 	   15193 	   20 
 121210 	   25098 	   19 	   22040 	   19 
 126241 	   16481 	   22 	   25215 	   20 
 119898 	   22902 	   38 	   17330 	   40 
 119566 	   22273 	   37 	   16545 	   39 
 118510 	   27598 	   16 	   19988 	   17 
 121691 	   17298 	   14 	   17296 	   14 
 121456 	   23651 	   41 	   25172 	   43 
 123025 	   17905 	   19 	   21839 	   21 
 121455 	   14049 	   14 	   15285 	   15 
 120632 	   19147 	   13 	   16149 	   12 
 123201 	   18772 	   27 	   21208 	   27 
 124532 	   16565 	   17 	   20530 	   16 
 124172 	   15780 	   16 	   17950 	   16 
 123682 	   14719 	   13 	   14574 	   13 
 125238 	   23940 	   40 	   27591 	   46 
 124470 	   17829 	   18 	   17943 	   18 
 123060 	   13692 	   13 	   13337 	   14 
 124549 	   22292 	   22 	   22255 	   21 
 124221 	   17432 	   17 	   16175 	   16 
 123784 	   14709 	   15 	   15245 	   12 
 123740 	   21472 	   32 	   20727 	   33 
 123123 	   15144 	   18 	   15140 	   16 
 122676 	   12301 	   14 	   12889 	   14 
 122660 	   17349 	   24 	   16334 	   24 
 123604 	   17807 	   17 	   18552 	   16 
 121955 	   13584 	   16 	   13700 	   16 
 124352 	   23033 	   34 	   21899 	   34 
 123848 	   17876 	   32 	   17039 	   37 
 123870 	   12668 	   12 	   13017 	   12 
 123275 	   21692 	   21 	   20720 	   20 
 123571 	   13953 	   17 	   14524 	   17 
 123741 	   18877 	   25 	   18535 	   24 
 124028 	   21457 	   59 	   21132 	   59 
 125062 	   15022 	   20 	   15063 	   22 
 124981 	   19107 	   22 	   18958 	   17 
 124827 	   17338 	   17 	   17163 	   16 
 123839 	   18199 	   14 	   17765 	   14 
 124138 	   17978 	   42 	   17829 	   44 
 123297 	   13788 	   14 	   14727 	   14 
 122859 	   22583 	   57 	   22525 	   56 
 120729 	   12846 	   13 	   13087 	   13 
 120843 	   15676 	   21 	   16089 	   21 
 121079 	   19140 	   26 	   18690 	   23 
 121256 	   16667 	   19 	   17296 	   20 
 121095 	   14021 	   13 	   14268 	   13 
 121393 	   18170 	   32 	   18158 	   34 
 121784 	   19752 	   23 	   18874 	   25 
 121333 	   15738 	   20 	   16710 	   23 
 121300 	   14340 	   11 	   13895 	   11 
 121459 	   19987 	   17 	   19017 	   17 
 122192 	   18051 	   35 	   18096 	   38 
 120836 	   15242 	   21 	   15239 	   20 
 121676 	   19909 	   22 	   19764 	   20 
 121604 	   18076 	   20 	   18344 	   21 
 120708 	   14385 	   12 	   15228 	   16 
 121149 	   16474 	   16 	   14052 	   12 
 121545 	   18737 	   24 	   17960 	   25 
 121915 	   18439 	   21 	   18642 	   20 
 122332 	   16078 	   14 	   15666 	   13 
 120958 	   18801 	   16 	   17670 	   17 
 122132 	   30631 	   66 	   29405 	   75 
 123257 	   20209 	   42 	   23610 	   40 
 122878 	   19066 	   22 	   20805 	   22 
 123349 	   22361 	   61 	   22849 	   67 
 124043 	   19114 	   20 	   18805 	   18 
 123640 	   15814 	   18 	   16120 	   16 
 124190 	   14531 	   20 	   14980 	   20 
 123513 	   19152 	   26 	   17575 	   24 
 124936 	   17625 	   26 	   19514 	   27 
 123873 	   16244 	   14 	   14366 	   12 
 123024 	   19121 	   12 	   18601 	   12 
 123841 	   15265 	   14 	   16145 	   14 
 122267 	   22982 	   24 	   21092 	   22 
 122995 	   16355 	   17 	   16637 	   16 
 122040 	   19970 	   15 	   18781 	   15 
 121883 	   14593 	   12 	   14893 	   12 
 122541 	   23864 	   21 	   23460 	   23 
 122306 	   16141 	   19 	   16462 	   19 
 123027 	   23869 	   27 	   23531 	   27 
 122005 	   15595 	   10 	   15298 	   10 
 122144 	   23704 	   38 	   22922 	   42 
 123561 	   15808 	   22 	   18225 	   23 
 123454 	   19222 	   32 	   21736 	   33 
 123586 	   18617 	   17 	   19287 	   17 
 122191 	   16260 	   17 	   15967 	   15 
 122454 	   14373 	   15 	   15450 	   15 
 122298 	   18378 	   53 	   19012 	   60 
 121883 	   18426 	   18 	   17658 	   16 
 122285 	   14544 	   13 	   15136 	   13 
 122308 	   21490 	   23 	   20616 	   22 
 121831 	   15519 	   19 	   16469 	   19 
 122107 	   14587 	   13 	   13949 	   12 
 121915 	   21311 	   30 	   20871 	   32 
 121421 	   20127 	   26 	   18711 	   25 
 122771 	   15561 	   16 	   16095 	   16 
 121811 	   20673 	   14 	   19902 	   17 
 123568 	   17554 	   21 	   17593 	   18 
 122932 	   20093 	   19 	   19267 	   20 
 123020 	   16941 	   21 	   18157 	   21 
 122990 	   22570 	   32 	   21580 	   33 
 122892 	   21209 	   20 	   20975 	   21 
 123357 	   15965 	   16 	   16664 	   16 
 122374 	   17202 	   36 	   16321 	   34 
 121908 	   13982 	   16 	   14096 	   16 
 122640 	   18408 	   15 	   18708 	   14 
 122322 	   16961 	   19 	   16712 	   15 
 123588 	   20521 	   35 	   22184 	   37 
 123104 	   16822 	   14 	   16902 	   13 
 123719 	   20571 	   21 	   20650 	   20 
 123188 	   16286 	   15 	   17455 	   15 
 124213 	   21343 	  115 	   22417 	  127 
 122982 	   17612 	   16 	   17524 	   14 
 122721 	   14473 	   12 	   14657 	   12 
 122789 	   21183 	   16 	   19718 	   16 
 122897 	   17288 	   15 	   18450 	   15 
 122976 	   14719 	   25 	   16327 	   26 
 121478 	   18897 	   22 	   18438 	   22 
 119266 	   28188 	   29 	   21378 	   28 
 123261 	   15991 	   16 	   23256 	   16 
 121317 	   19147 	   18 	   18169 	   17 
 120898 	   18389 	   15 	   18210 	   15 
 121559 	   18621 	   27 	   19521 	   27 
 119580 	   22241 	   24 	   17916 	   25 
 121161 	   27664 	   24 	   27415 	   23 
 120953 	   14240 	   12 	   15334 	   12 
 122429 	   19812 	   21 	   21696 	   21 
 120625 	   16197 	   13 	   17601 	   13 
 119257 	   25855 	   28 	   21978 	   28 
 121174 	   19727 	   15 	   22906 	   15 
 119133 	   19003 	   18 	   17794 	   18 
 119860 	   13807 	   10 	   14003 	   10 
 119255 	   14705 	   12 	   15043 	   12 
 115872 	   32537 	   58 	   23689 	   64 
 121056 	   16393 	   14 	   21016 	   14 
 120811 	   15437 	   18 	   18316 	   18 
 119463 	   15194 	   15 	   14372 	   15 
 118773 	   21264 	   13 	   20962 	   14 
 120081 	   25218 	   21 	   23547 	   20 
 119975 	   21632 	   17 	   19044 	   18 
 118337 	   30112 	   26 	   24078 	   26 
 121841 	   18633 	   18 	   23282 	   18 
 120974 	   16520 	   15 	   18748 	   15 
 121518 	   15978 	   12 	   18610 	   12 
 120333 	   18841 	   36 	   18984 	   35 
 119492 	   17670 	   13 	   16761 	   13 
 119169 	   18119 	   16 	   18661 	   16 
 117029 	   18165 	   15 	   16715 	   15 
 116913 	   21701 	   34 	   17131 	   34 
 120586 	   14742 	   15 	   17032 	   13 
 118289 	   24387 	   17 	   19706 	   16 
 120962 	   24472 	   22 	   28382 	   22 
 117430 	   25513 	   20 	   21493 	   22 
 121841 	   15752 	   16 	   20586 	   13 
 118854 	   31091 	   64 	   26700 	   68 
 120450 	   17172 	   14 	   18972 	   14 
 120247 	   14247 	   14 	   17340 	   18 
 121266 	   18459 	   16 	   18564 	   12 
 119449 	   19979 	   16 	   18055 	   16 
 119746 	   21104 	   28 	   21912 	   29 
 118324 	   18336 	   18 	   18874 	   19 
 117423 	   19606 	   17 	   20234 	   19 
 119680 	   17032 	   17 	   16157 	   16 
 117586 	   15410 	   14 	   14366 	   14 
 119255 	   28000 	   34 	   24216 	   33 
 121037 	   18623 	   13 	   18622 	   13 
 122129 	   24929 	   21 	   26276 	   20 
 120057 	   19286 	   16 	   16364 	   16 
 123216 	   23773 	   20 	   26939 	   20 
 121266 	   28733 	   34 	   27648 	   33 
 121304 	   14227 	   11 	   19532 	   18 
 118814 	   19791 	   17 	   15697 	   15 
 120276 	   23936 	   19 	   23171 	   19 
 120671 	   28514 	   20 	   27481 	   21 
 120424 	   21504 	   59 	   24826 	   64 
 103892 	   43769 	   18 	   31581 	   18 
 108641 	   32493 	   20 	   26042 	   19 
 108690 	   31569 	   17 	   24933 	   16 
 114692 	   22049 	   34 	   20735 	   36 
 116898 	   17033 	   12 	   16882 	   12 
 117876 	   20578 	   22 	   19732 	   22 
 116788 	   22291 	   20 	   19556 	   20 
 117652 	   25992 	   18 	   24481 	   18 
 118369 	   21207 	   42 	   23941 	   44 
 117376 	   17754 	   18 	   16335 	   17 
 116485 	   20370 	   13 	   18285 	   13 
 118730 	   22838 	   23 	   25019 	   22 
 117065 	   29905 	   22 	   25663 	   20 
 118807 	   27253 	   39 	   28300 	   40 
 117570 	   22762 	   20 	   21715 	   20 
 118215 	   23410 	   17 	   25641 	   16 
 117538 	   34843 	   22 	   31501 	   22 
 120058 	   30838 	   20 	   34105 	   21 
 135593 	   41341 	  107 	   64714 	  123 
 148918 	   59729 	   67 	   80030 	   67 
 123442 	   15772 	   23 	   14893 	   24 
 124479 	   15067 	   18 	   16333 	   16 
 123863 	   18931 	   22 	   18047 	   18 
 123972 	   14149 	   16 	   14215 	   15 
 123640 	   16916 	   12 	   16329 	   12 
 123149 	   19961 	   21 	   17596 	   21 
 122337 	   25837 	   43 	   21158 	   40 
 123343 	   25904 	   61 	   22915 	   59 
 125878 	   20479 	   27 	   23643 	   27 
 123851 	   15449 	   16 	   14364 	   14 
 125494 	   18609 	   22 	   20896 	   21 
 124790 	   15671 	   13 	   15294 	   13 
 123567 	   16386 	   15 	   14906 	   16 
 126007 	   15305 	   21 	   17280 	   20 
 126904 	   19866 	   52 	   24210 	   56 
 125053 	   15940 	   17 	   17832 	   17 
 124240 	   18474 	   22 	   18819 	   22 
 124054 	   15993 	   13 	   15597 	   13 
 121866 	   22577 	   17 	   17007 	   17 
 127852 	   16802 	   22 	   22834 	   22 
 124674 	   19380 	   21 	   19354 	   21 
 124700 	   17358 	   19 	   17225 	   22 
 124357 	   19963 	   15 	   18676 	   14 
 123452 	   16642 	   23 	   14830 	   22 
 123943 	   14344 	   16 	   13060 	   14 
 125330 	   24985 	   44 	   23870 	   40 
 126524 	   19056 	   32 	   23117 	   26 
 125056 	   20422 	   18 	   20591 	   18 
 125117 	   19404 	   23 	   19602 	   23 
 124700 	   20497 	   32 	   20212 	   28 
 123935 	   15605 	   16 	   14940 	   15 
 124876 	   18101 	   29 	   17730 	   25 
 124342 	   25485 	   33 	   24546 	   32 
 124529 	   15640 	   15 	   15085 	   14 
 124478 	   15504 	   20 	   15891 	   19 
 125305 	   20205 	   17 	   19968 	   16 
 124594 	   18477 	   13 	   18038 	   14 
 125595 	   17952 	   23 	   18364 	   20 
 124888 	   17853 	   29 	   17327 	   22 
 125311 	   21228 	   46 	   22342 	   44 
 124591 	   17727 	   16 	   17254 	   15 
 125435 	   14553 	   15 	   15144 	   14 
 124311 	   22864 	   26 	   21848 	   25 
 124416 	   20443 	   56 	   18104 	   51 
 124865 	   14811 	   14 	   14766 	   15 
 122946 	   21085 	   17 	   17602 	   17 
 126936 	   25002 	   37 	   26611 	   37 
 125098 	   14120 	   16 	   15528 	   15 
 124986 	   20505 	   26 	   20655 	   27 
 122565 	   20212 	   17 	   16444 	   17 
 125853 	   20209 	   20 	   20672 	   19 
 126510 	   16438 	   14 	   20087 	   14 
 122663 	   20895 	   20 	   16138 	   19 
 124213 	   15131 	   14 	   13311 	   13 
 125533 	   17024 	   20 	   16175 	   20 
 126014 	   18703 	   15 	   19720 	   15 
 123530 	   24181 	   25 	   20292 	   21 
 122039 	   39793 	  109 	   31102 	  117 
 123167 	   21328 	   29 	   20531 	   29 
 122915 	   17085 	   13 	   17562 	   13 
 122087 	   19268 	   19 	   18335 	   19 
 124129 	   25001 	   22 	   26910 	   23 
 123530 	   19700 	   23 	   19517 	   19 
 123717 	   20509 	   37 	   20557 	   36 
 122078 	   19298 	   17 	   19321 	   19 
 122458 	   18993 	   22 	   20263 	   21 
 123369 	   19454 	   21 	   19846 	   19 
 122645 	   16659 	   13 	   16064 	   13 
 122112 	   21639 	   22 	   19841 	   21 
 124741 	   28033 	   35 	   30604 	   32 
 123868 	   17461 	   14 	   18008 	   15 
 124448 	   21894 	   15 	   21564 	   15 
 123880 	   20662 	   20 	   20430 	   18 
 124872 	   18273 	   16 	   20242 	   16 
 125022 	   21653 	   19 	   21183 	   18 
 123562 	   17431 	   12 	   17766 	   11 
 124914 	   28818 	   30 	   28027 	   29 
 124605 	   20120 	   30 	   20002 	   28 
 123910 	   17679 	   20 	   17950 	   20 
 123488 	   16579 	   13 	   17311 	   13 
 123696 	   19709 	   22 	   19212 	   22 
 124328 	   18164 	   14 	   19581 	   15 
 123435 	   14677 	   16 	   15671 	   15 
 123492 	   21514 	   75 	   21832 	   89 
 121517 	   18381 	   21 	   18555 	   23 
 122561 	   23278 	   25 	   20266 	   23 
 122387 	   16796 	   15 	   17999 	   17 
 121909 	   22653 	   20 	   21607 	   18 
 124084 	   26662 	   39 	   26643 	   50 
 123209 	   17112 	   21 	   16661 	   23 
 121544 	   20382 	   22 	   18138 	   16 
 124031 	   25569 	   28 	   27481 	   27 
 124662 	   22351 	   21 	   24926 	   17 
 123661 	   16568 	   16 	   16012 	   14 
 124098 	   26438 	   47 	   25663 	   47 
 123219 	   20866 	   22 	   20399 	   22 
 123193 	   16065 	   13 	   17213 	   13 
 123246 	   17617 	   23 	   16672 	   23 
 122926 	   21322 	   19 	   20002 	   18 
 123457 	   16289 	   14 	   17975 	   14 
 124603 	   36464 	   43 	   33968 	   40 
 123605 	   20128 	   26 	   19636 	   26 
 124546 	   19587 	   25 	   19203 	   24 
 124480 	   17482 	   17 	   17270 	   17 
 124207 	   18705 	   25 	   20663 	   25 
 124610 	   15857 	   13 	   18127 	   13 
 124957 	   15942 	   18 	   18483 	   16 
 130665 	   25003 	   62 	   34332 	   61 
 125493 	   17934 	   17 	   20376 	   17 
 124777 	   18360 	   17 	   18762 	   17 
 125138 	   20629 	   18 	   23445 	   18 
 122055 	   20095 	   17 	   15996 	   18 
 124846 	   18705 	   17 	   19691 	   17 
 123915 	   19357 	   16 	   19359 	   16 
 124866 	   24549 	   39 	   25678 	   41 
 124099 	   17806 	   14 	   19579 	   14 
 123437 	   24274 	   22 	   22418 	   20 
 123423 	   18901 	   13 	   22497 	   13 
 123847 	   22248 	   23 	   23097 	   23 
 121647 	   21329 	   14 	   16618 	   15 
 122851 	   22727 	   18 	   19659 	   18 
 124781 	   16444 	   15 	   19554 	   13 
 124522 	   15199 	   12 	   19487 	   12 
 119209 	   36849 	   32 	   24843 	   30 
 127233 	   26626 	   27 	   31730 	   27 
 122835 	   18789 	   26 	   18599 	   25 
 123780 	   14428 	   17 	   18081 	   22 
 120727 	   17937 	   20 	   12650 	   12 
 122216 	   17011 	   24 	   16635 	   23 
 121764 	   26486 	   27 	   21945 	   27 
 122917 	   20469 	   17 	   17301 	   16 
 124337 	   14588 	   14 	   17262 	   14 
 121600 	   34585 	   36 	   26302 	   37 
 123494 	   15312 	   15 	   14734 	   15 
 123448 	   22617 	   29 	   22532 	   29 
 123075 	   18534 	   12 	   18745 	   10 
 124024 	   26609 	   22 	   27873 	   21 
 122656 	   22594 	   19 	   21596 	   17 
 122846 	   31506 	   59 	   29710 	   53 
 122095 	   19328 	   13 	   20256 	   13 
 123312 	   22635 	   20 	   21647 	   19 
 124774 	   33055 	   46 	   34216 	   46 
 123555 	   20729 	   13 	   21116 	   13 
 124179 	   25023 	   19 	   26922 	   18 
 124157 	   21880 	   14 	   21653 	   14 
 125590 	   28481 	   40 	   30641 	   41 
 124350 	   16292 	   28 	   18753 	   27 
 124088 	   18084 	   25 	   23335 	   26 
 120918 	   21992 	   20 	   18130 	   20 
 122826 	   21154 	   21 	   21487 	   21 
 120713 	   24572 	   19 	   19610 	   18 
 124269 	   18729 	   25 	   20442 	   25 
 121844 	   31209 	   22 	   27127 	   22 
 123001 	   18609 	   12 	   19041 	   12 
 124182 	   37358 	   35 	   36262 	   36 
 123176 	   23882 	   25 	   23741 	   24 
 124622 	   22685 	   22 	   26567 	   23 
 122664 	   15479 	   13 	   14432 	   13 
 122729 	   17746 	   23 	   17342 	   23 
 121047 	   25477 	   23 	   21805 	   22 
 123269 	   26622 	   31 	   25435 	   31 
 122419 	   29573 	   21 	   28380 	   18 
 123530 	   33236 	   39 	   31051 	   41 
 121979 	   19599 	   14 	   19610 	   13 
 122830 	   23917 	   21 	   25043 	   20 
 122662 	   21216 	   19 	   19695 	   16 
 122715 	   22165 	   25 	   23066 	   25 
 122424 	   26379 	   28 	   24241 	   28 
 122709 	   18130 	   15 	   19277 	   12 
 123015 	   27956 	   23 	   26345 	   23 
 123035 	   21199 	   16 	   22963 	   16 
 124361 	   34115 	  138 	   35911 	  139 
 122508 	   14741 	   20 	   15095 	   23 
 122573 	   18043 	   21 	   18009 	   16 
 123150 	   18695 	   23 	   18415 	   17 
 122618 	   15149 	   15 	   15716 	   15 
 123056 	   19145 	   22 	   19004 	   12 
 122754 	   20710 	   27 	   20549 	   25 
 124074 	   22380 	   41 	   23522 	   40 
 123357 	   16031 	   22 	   17410 	   19 
 123810 	   28493 	   61 	   28317 	   71 
 122349 	   16799 	   16 	   16793 	   15 
 123802 	   20076 	   20 	   19837 	   20 
 123083 	   16188 	   10 	   16675 	   10 
 123305 	   19674 	   16 	   19594 	   14 
 124096 	   17813 	   16 	   18150 	   16 
 123733 	   24125 	   46 	   24944 	   46 
 122723 	   19334 	   19 	   19433 	   18 
 122483 	   17983 	   19 	   18153 	   18 
 122921 	   15520 	   16 	   16151 	   14 
 122932 	   20412 	   19 	   20458 	   17 
 123285 	   16706 	   17 	   16681 	   16 
 123700 	   20974 	   36 	   21940 	   35 
 123497 	   17320 	   13 	   16118 	   14 
 123723 	   19266 	   18 	   20792 	   22 
 122885 	   17154 	   13 	   15810 	   13 
 123661 	   21842 	   20 	   21731 	   19 
 123740 	   29359 	   32 	   28687 	   26 
 123741 	   24160 	   26 	   26039 	   25 
 122375 	   22641 	   21 	   22624 	   19 
 122337 	   19792 	   17 	   19846 	   14 
 123587 	   20939 	   40 	   22101 	   40 
 121783 	   16587 	   13 	   16826 	   13 
 122048 	   20353 	   24 	   18695 	   27 
 122497 	   27555 	   29 	   28037 	   29 
 121522 	   18063 	   14 	   16617 	   15 
 122743 	   18834 	   17 	   19915 	   18 
 123040 	   23241 	   19 	   24939 	   15 
 122139 	   22336 	   22 	   22791 	   19 
 121652 	   19871 	   15 	   19719 	   15 
 121259 	   19690 	   29 	   16476 	   15 
 119823 	   26467 	   42 	   23697 	   48 
 122850 	   18808 	   17 	   17663 	   17 
 123211 	   16958 	   15 	   18592 	   14 
 121852 	   27114 	   26 	   25155 	   26 
 122385 	   23114 	   61 	   19223 	   53 
 123581 	   14963 	   12 	   15263 	   15 
 123006 	   19337 	   21 	   19091 	   20 
 124745 	   26598 	   33 	   27401 	   33 
 123593 	   17053 	   13 	   17729 	   13 
 123164 	   21914 	   24 	   22377 	   21 
 122929 	   20150 	   17 	   20154 	   17 
 122478 	   21327 	   17 	   21310 	   19 
 122323 	   16523 	   11 	   16075 	   11 
 122011 	   17092 	   15 	   17229 	   14 
 122248 	   19699 	   29 	   18078 	   28 
 123749 	   21045 	   17 	   21832 	   17 
 122094 	   22462 	   15 	   18922 	   15 
 123406 	   22439 	   24 	   20669 	   22 
 123673 	   32156 	  132 	   30952 	  139 
 125936 	   19369 	   42 	   24246 	   39 
 122411 	   17038 	   14 	   16553 	   13 
 123889 	   19856 	   17 	   21879 	   16 
 120491 	   27163 	   23 	   22400 	   26 
 123362 	   18216 	   16 	   18016 	   16 
 122306 	   19838 	   13 	   19442 	   13 
 124060 	   26680 	   31 	   28512 	   31 
 121000 	   21621 	   18 	   19851 	   18 
 122229 	   19899 	   24 	   17266 	   22 
 123354 	   16189 	   14 	   17640 	   14 
 123671 	   17378 	   19 	   21638 	   17 
 121478 	   34582 	   38 	   29830 	   37 
 122481 	   18890 	   14 	   17021 	   14 
 124810 	   20788 	   16 	   23649 	   16 
 122256 	   21594 	   18 	   21422 	   17 
 123271 	   21038 	   14 	   22768 	   13 
 122647 	   19945 	   16 	   20470 	   16 
 121255 	   21208 	   17 	   22088 	   18 
 124079 	   36271 	   36 	   36232 	   33 
 122380 	   16564 	   11 	   19519 	   22 
 121085 	   22142 	   16 	   23251 	   16 
 121554 	   21316 	   15 	   23659 	   16 
 119305 	   25910 	   31 	   21349 	   30 
 120678 	   21513 	   13 	   18314 	   13 
 120870 	   20680 	   16 	   19720 	   16 
 120261 	   26219 	   69 	   24907 	   66 
 120112 	   21835 	   18 	   21463 	   18 
 120822 	   19745 	   16 	   20038 	   15 
 123376 	   24327 	   24 	   29024 	   22 
 118846 	   21630 	   18 	   21141 	   18 
 121286 	   34870 	   38 	   33751 	   38 
 120915 	   21947 	   23 	   24566 	   23 
 119959 	   21191 	   16 	   19905 	   16 
 119880 	   29688 	   26 	   27932 	   28 
 121990 	   22178 	   20 	   23927 	   21 
 122511 	   22351 	   18 	   27666 	   18 
 118609 	   37518 	   51 	   31088 	   49 
 121455 	   21234 	   21 	   22056 	   21 
 122035 	   20553 	   16 	   26228 	   16 
 125601 	   22877 	   31 	   34340 	   30 
 121334 	   25623 	   31 	   28116 	   33 
 122789 	   26262 	   20 	   31327 	   22 
 118122 	   29031 	   15 	   27641 	   15 
 118508 	   30535 	   24 	   28074 	   26 
 118787 	   27777 	   15 	   24475 	   12 
 118662 	   25534 	   14 	   23509 	   15 
 118348 	   33539 	   26 	   29024 	   28 
 119565 	   22286 	   13 	   19662 	   14 
 120001 	   21362 	   16 	   19575 	   16 
 121025 	   33344 	   63 	   26219 	   60 
 124469 	   25229 	   41 	   31536 	   42 
 122043 	   23231 	   17 	   23050 	   17 
 122183 	   25572 	   19 	   29871 	   20 
 119249 	   25223 	   13 	   23523 	   13 
 121844 	   23684 	   14 	   24439 	   14 
 118573 	   25985 	   17 	   25204 	   17 
 120971 	   29845 	   30 	   29424 	   29 
 122421 	   25904 	   24 	   32393 	   22 
 117142 	   26853 	   15 	   20007 	   15 
 121404 	   23521 	   13 	   33263 	   13 
 117277 	   33098 	   24 	   29683 	   24 
 117476 	   22909 	   16 	   21817 	   15 
 119850 	   21487 	   18 	   22638 	   17 
 117244 	   26222 	   16 	   23484 	   16 
 120763 	   22576 	   14 	   25057 	   14 
 117900 	   36443 	   28 	   32723 	   26 
 121663 	   24611 	   27 	   30307 	   27 
 118836 	   28219 	   21 	   28606 	   19 
 117371 	   22516 	   20 	   24266 	   20 
 116855 	   26298 	   14 	   22986 	   14 
 118093 	   20934 	   15 	   24509 	   15 
 114780 	   44784 	   38 	   30563 	   38 
 118684 	   21429 	   14 	   20192 	   14 
 120365 	   27773 	   17 	   27475 	   16 
 120486 	   44391 	   65 	   42445 	   65 
 117824 	   21693 	   19 	   20378 	   15 
 122493 	   23450 	   14 	   34563 	   16 
 125247 	   40723 	   42 	   46493 	   41 
 121713 	   24370 	   17 	   31934 	   19 
 117559 	   23700 	   12 	   21108 	   13 
 119988 	   19619 	   14 	   27303 	   14 
 117590 	   34615 	   44 	   33420 	   45 
 118393 	   26451 	   21 	   28660 	   18 
 118575 	   28025 	   23 	   36933 	   24 
 114308 	   37974 	   21 	   33118 	   19 
 114747 	   30434 	   20 	   25390 	   20 
 111870 	   41601 	   39 	   22641 	   19 
 124475 	   26088 	   24 	   49647 	   36 
 116878 	   28277 	   19 	   26189 	   20 
 119650 	   23136 	   16 	   36070 	   18 
 115086 	   36313 	   21 	   30783 	   22 
 114983 	   31041 	   17 	   26715 	   16 
 114771 	   49833 	   38 	   39969 	   38 
 114838 	   27878 	   14 	   24426 	   14 
 119716 	   27839 	   18 	   33105 	   17 
 112583 	   38535 	   22 	   25866 	   23 
 120174 	   27595 	   23 	   30636 	   25 
 115973 	   36420 	   20 	   25713 	   17 
 117101 	   39382 	   42 	   25844 	   36 
 122195 	   16773 	   14 	   17655 	   17 
 122371 	   24604 	   25 	   24595 	   25 
 121086 	   20413 	   10 	   20674 	   10 
 124377 	   23164 	   20 	   31264 	   21 
 117929 	   31969 	   18 	   23324 	   19 
 120734 	   36570 	   35 	   30233 	   37 
 122868 	   18646 	   20 	   22083 	   18 
 121714 	   17594 	   19 	   17184 	   13 
 119684 	   19290 	   17 	   16864 	   19 
 120293 	   24066 	   25 	   19412 	   24 
 122919 	   27470 	   28 	   22723 	   28 
 125367 	   18976 	   15 	   25034 	   12 
 123840 	   24618 	   18 	   25228 	   17 
 120705 	   23362 	   21 	   15813 	   20 
 119012 	   43532 	  140 	   27688 	  142 
 123650 	   43883 	   63 	   36059 	   65 
 124319 	   24302 	   17 	   23737 	   17 
 125419 	   30787 	   24 	   30055 	   24 
 124456 	   19370 	   17 	   18983 	   16 
 124170 	   30618 	   20 	   25831 	   20 
 126038 	   25471 	   16 	   25387 	   15 
 128256 	   34701 	   49 	   39741 	   54 
 124542 	   20875 	   13 	   21593 	   13 
 124359 	   21015 	   25 	   20971 	   27 
 124219 	   22063 	   25 	   21507 	   20 
 124258 	   18511 	   14 	   17553 	   14 
 124477 	   18906 	   23 	   17949 	   20 
 124422 	   26956 	   38 	   26381 	   38 
 124761 	   17639 	   16 	   18125 	   15 
 124828 	   26399 	   22 	   25197 	   22 
 124856 	   18872 	   15 	   19208 	   16 
 125052 	   27619 	   19 	   27457 	   23 
 124915 	   21449 	   17 	   22001 	   17 
 124352 	   19747 	   15 	   20008 	   15 
 125927 	   22553 	   26 	   21807 	   26 
 125004 	   21605 	   41 	   21249 	   45 
 124327 	   24202 	   21 	   24323 	   21 
 124583 	   16535 	   15 	   15744 	   15 
 125265 	   28161 	   25 	   27320 	   24 
 124387 	   20130 	   14 	   20110 	   14 
 124859 	   28203 	   21 	   27368 	   21 
 124983 	   19790 	   15 	   21691 	   15 
 125094 	   28730 	   36 	   27341 	   40 
 125300 	   17929 	   15 	   17280 	   15 
 125625 	   23602 	   28 	   26299 	   26 
 123129 	   39303 	   63 	   30314 	   67 
 124088 	   22795 	   26 	   22387 	   27 
 123565 	   25240 	   22 	   21596 	   23 
 122752 	   22995 	   15 	   22981 	   17 
 125205 	   22501 	   16 	   25070 	   16 
 123919 	   30496 	   20 	   28512 	   24 
 123870 	   23221 	   16 	   22565 	   15 
 124108 	   24801 	   18 	   24161 	   18 
 125616 	   26966 	   30 	   28794 	   31 
 122123 	   23481 	   18 	   22574 	   18 
 124072 	   22551 	   18 	   24338 	   18 
 124783 	   29051 	   25 	   28540 	   27 
 124606 	   20938 	   18 	   25317 	   18 
 126332 	   34178 	   45 	   37987 	   46 
 121009 	   29952 	   20 	   22545 	   19 
 124138 	   26542 	   18 	   28125 	   17 
 126621 	   22646 	   20 	   25113 	   11 
 121001 	   18598 	   16 	   17483 	   23 
 124107 	   22133 	   13 	   18148 	   13 
 125204 	   22450 	   20 	   24546 	   19 
 127451 	   28831 	   26 	   35183 	   26 
 123665 	   24861 	   15 	   24361 	   15 
 127443 	   24530 	   25 	   30351 	   23 
 129249 	   28961 	   47 	   36296 	   45 
 126430 	   29610 	   65 	   30620 	   74 
 121302 	   32973 	   30 	   24133 	   30 
 124892 	   28155 	   28 	   28889 	   28 
 123253 	   27456 	   18 	   24950 	   18 
 123972 	   21262 	   17 	   20656 	   17 
 125808 	   27815 	   18 	   25366 	   18 
 122969 	   25099 	   15 	   24469 	   15 
 125379 	   23725 	   17 	   26818 	   17 
 124275 	   29427 	   19 	   28385 	   19 
 125812 	   36506 	   28 	   37549 	   28 
 121545 	   27108 	   20 	   21166 	   19 
 123177 	   24078 	   15 	   22006 	   14 
 125143 	   28171 	   17 	   27098 	   20 
 121360 	   24931 	   13 	   21625 	   14 
 124352 	   26476 	   19 	   29790 	   19 
 126122 	   25902 	   18 	   28958 	   17 
 127899 	   30011 	   28 	   36372 	   28 
 123545 	   23520 	   17 	   23116 	   17 
 127960 	   27501 	   23 	   30958 	   21 
 125919 	   35057 	   44 	   37677 	   46 
 124703 	   15537 	   14 	   19155 	   15 
 123408 	   20529 	   16 	   19696 	   16 
 124364 	   30867 	   22 	   31585 	   23 
 127533 	   22511 	   18 	   28037 	   20 
 130221 	   31704 	   53 	   41523 	   56 
 124890 	   30384 	   39 	   28588 	   46 
 130766 	   19364 	   58 	   32504 	   80 
