% num_local_points | num_send_points | num_send_procs | num_recv_points | num_recv_procs 
 243078 	   57154 	   53 	   44504 	   54 
 245616 	   36868 	   16 	   36465 	   16 
 245043 	   46737 	   15 	   39904 	   17 
 250458 	   31745 	   19 	   40863 	   17 
 246353 	   53258 	   36 	   46386 	   36 
 247398 	   31935 	   16 	   32867 	   14 
 248438 	   43690 	   18 	   43709 	   16 
 247104 	   34388 	   20 	   37429 	   17 
 250300 	   43971 	   24 	   45935 	   25 
 248194 	   42875 	   17 	   42151 	   19 
 248417 	   37661 	   16 	   39508 	   15 
 250383 	   35474 	   18 	   37968 	   20 
 246222 	   57280 	   57 	   48291 	   56 
 242580 	   40973 	   18 	   38793 	   18 
 239347 	   40117 	   17 	   35959 	   18 
 239733 	   39564 	   15 	   38673 	   14 
 239759 	   71275 	   37 	   64591 	   35 
 231884 	   45188 	   18 	   36702 	   18 
 233079 	   41310 	   13 	   41530 	   12 
 239414 	   51333 	   22 	   58715 	   23 
 230153 	   49348 	   20 	   36362 	   19 
 232478 	   47128 	   16 	   48781 	   17 
 235988 	   62757 	   43 	   62582 	   43 
 238636 	   39562 	   13 	   41759 	   15 
 237899 	   44553 	   18 	   40737 	   18 
 232668 	   53021 	   15 	   42622 	   15 
 240716 	   33618 	   15 	   43146 	   27 
 232117 	   46129 	   32 	   36760 	   27 
 227904 	   48193 	   16 	   43674 	   17 
 231961 	   39574 	   17 	   39755 	   16 
 227874 	   47456 	   19 	   43124 	   19 
 224715 	   55402 	   16 	   51876 	   17 
 229576 	   52997 	   29 	   53423 	   30 
 231492 	   48475 	   16 	   43706 	   17 
 231752 	   42621 	   16 	   35653 	   14 
 229958 	   65782 	   19 	   63237 	   20 
 227595 	   46884 	   14 	   51514 	   14 
 227908 	   49783 	   14 	   45926 	   16 
 229695 	   53447 	   22 	   54720 	   22 
 232571 	   47377 	   13 	   47628 	   14 
 236859 	   59382 	   29 	   71447 	   29 
 234962 	   48247 	   33 	   45343 	   30 
 235819 	   51340 	   23 	   64716 	   26 
 227519 	   69357 	   46 	   63300 	   44 
 231438 	   46452 	   13 	   55469 	   14 
 229394 	   49106 	   13 	   46510 	   13 
 227481 	   56865 	   23 	   56965 	   21 
 228920 	   47647 	   12 	   42408 	   12 
 224759 	   52344 	   15 	   54029 	   12 
 230696 	   42855 	   15 	   43627 	   15 
 245813 	   51767 	   53 	   73524 	   51 
 238920 	   51903 	   60 	   51341 	   58 
 237933 	   55418 	   29 	   51330 	   26 
 236636 	   39926 	   14 	   43932 	   17 
 237178 	   44295 	   17 	   46687 	   15 
 235743 	   56020 	   34 	   55895 	   33 
 232244 	   44057 	   16 	   42179 	   17 
 234199 	   43063 	   19 	   46701 	   17 
 231489 	   61589 	   28 	   54204 	   28 
 234434 	   38997 	   14 	   41881 	   15 
 232828 	   45983 	   18 	   46714 	   17 
 236989 	   62090 	   44 	   61681 	   45 
 239104 	   40330 	   14 	   36444 	   14 
 237148 	   35158 	   12 	   42220 	   12 
 236568 	   39444 	   14 	   39523 	   14 
 237054 	   45521 	   28 	   46016 	   28 
 235480 	   52383 	   17 	   46534 	   17 
 238224 	   46790 	   16 	   47246 	   17 
 236819 	   49240 	   17 	   47967 	   17 
 239114 	   48170 	   21 	   44689 	   17 
 239987 	   43813 	   35 	   45975 	   29 
 239624 	   31981 	   19 	   33386 	   19 
 241856 	   34701 	   14 	   38758 	   12 
 237951 	   49131 	   35 	   41654 	   24 
 243617 	   30294 	   16 	   36462 	   31 
 242272 	   42511 	   32 	   45108 	   32 
 236877 	   52668 	   42 	   52164 	   43 
 234892 	   40145 	   16 	   40328 	   14 
 235460 	   39124 	   17 	   40310 	   15 
 234823 	   38860 	   16 	   39792 	   16 
 235396 	   44101 	   19 	   47399 	   18 
 233259 	   36844 	   15 	   34807 	   15 
 231078 	   35693 	   23 	   31932 	   23 
 233386 	   36812 	   15 	   38152 	   14 
 234663 	   38593 	   12 	   38996 	   11 
 233401 	   56244 	   29 	   52979 	   23 
 234614 	   39979 	   14 	   42956 	   15 
 230640 	   42858 	   14 	   39850 	   14 
 234748 	   41295 	   24 	   41349 	   20 
 236441 	   71916 	   76 	   55898 	   78 
 233356 	   37049 	   13 	   31462 	   14 
 236699 	   39548 	   24 	   31272 	   22 
 239064 	   32410 	   12 	   34112 	   12 
 240867 	   36911 	   17 	   36172 	   17 
 242146 	   56172 	   23 	   58856 	   23 
 240261 	   36120 	   17 	   39013 	   17 
 242216 	   32459 	   14 	   32957 	   13 
 241467 	   42231 	   32 	   46731 	   33 
 239484 	   37039 	   14 	   34888 	   15 
 241012 	   31525 	   14 	   34577 	   13 
 248731 	   54813 	   43 	   61738 	   42 
 237780 	   32846 	   26 	   24490 	   25 
 240309 	   23272 	   15 	   24308 	   15 
 237892 	   37834 	   17 	   27351 	   15 
 233044 	   43042 	   25 	   31202 	   25 
 236621 	   35911 	   15 	   36729 	   15 
 241589 	   33125 	   16 	   41808 	   15 
 240967 	   34992 	   22 	   39029 	   24 
 237128 	   35770 	   14 	   33641 	   14 
 243666 	   29211 	   21 	   35652 	   23 
 252422 	   37729 	   36 	   54479 	   36 
 236194 	   47384 	   45 	   49388 	   46 
 232133 	   31993 	   16 	   31796 	   16 
 231142 	   34681 	   21 	   31101 	   21 
 229593 	   38759 	   18 	   32666 	   18 
 229265 	   42025 	   22 	   37228 	   23 
 231073 	   38321 	   15 	   44149 	   14 
 234201 	   47831 	   31 	   49724 	   31 
 232859 	   38363 	   14 	   36396 	   10 
 233055 	   40036 	   14 	   40524 	   16 
 240408 	   51239 	   30 	   59263 	   30 
 240992 	   34537 	   35 	   38089 	   37 
 236006 	   22752 	   16 	   23036 	   16 
 236660 	   20419 	   12 	   19973 	   12 
 237328 	   26024 	   16 	   21952 	   17 
 237455 	   28422 	   10 	   20579 	   13 
 239946 	   27070 	   20 	   23084 	   18 
 239534 	   26168 	   13 	   21963 	   13 
 235476 	   42346 	   18 	   28348 	   17 
 256701 	   62227 	   50 	   88182 	   49 
 243825 	   27573 	   16 	   37658 	   16 
 242589 	   37882 	  124 	   40814 	  124 
 239489 	   36402 	   18 	   34895 	   19 
 237856 	   54143 	   30 	   50866 	   28 
 234421 	   56883 	   18 	   55655 	   20 
 239547 	   42525 	   35 	   38864 	   12 
 242034 	   35679 	   19 	   44325 	   35 
 242217 	   45741 	   28 	   43433 	   28 
 243293 	   30748 	   18 	   33947 	   19 
 240145 	   33817 	   14 	   34514 	   14 
 239018 	   48780 	   32 	   44377 	   31 
 241964 	   42378 	   18 	   40641 	   21 
 244064 	   32517 	   15 	   34411 	   17 
 241617 	   33116 	   11 	   30272 	   11 
 243625 	   49087 	   35 	   46993 	   29 
 245762 	   31880 	   15 	   34918 	   14 
 244162 	   45110 	   35 	   47028 	   35 
 240094 	   39016 	   11 	   38464 	   12 
 240220 	   44049 	   18 	   47186 	   17 
 239192 	   35959 	   15 	   36620 	   14 
 239897 	   73466 	   56 	   65578 	   52 
 236274 	   36986 	   16 	   39727 	   17 
 235674 	   49699 	   20 	   49069 	   21 
 237638 	   41130 	   27 	   40070 	   28 
 234169 	   40944 	   13 	   37560 	   16 
 236472 	   44500 	   19 	   46088 	   21 
 235686 	   47371 	   41 	   49990 	   42 
 235020 	   36987 	   17 	   39620 	   15 
 232996 	   42576 	   23 	   39631 	   17 
 235006 	   40854 	   29 	   42187 	   29 
 235098 	   37739 	   18 	   41079 	   15 
 234475 	   39881 	   16 	   42606 	   19 
 230275 	   50633 	   25 	   47001 	   23 
 230255 	   46785 	   14 	   47587 	   13 
 229716 	   51110 	   17 	   48287 	   14 
 231730 	   48148 	   42 	   41498 	   12 
 233466 	   36870 	   12 	   43541 	   41 
 231764 	   46441 	   19 	   45767 	   18 
 232695 	   46935 	   16 	   48039 	   15 
 235670 	   58273 	   36 	   56845 	   32 
 236393 	   57325 	   50 	   47616 	   55 
 244341 	   42682 	   21 	   46063 	   18 
 240827 	   26227 	   15 	   27638 	   13 
 240133 	   40858 	   22 	   39844 	   22 
 240748 	   39415 	   22 	   38782 	   20 
 242777 	   29980 	   14 	   33964 	   13 
 233948 	   49985 	   29 	   39552 	   28 
 237086 	   32748 	   22 	   27654 	   21 
 241737 	   26803 	   12 	   29323 	   14 
 240126 	   34393 	   21 	   34735 	   17 
 239965 	   30052 	   22 	   32403 	   21 
 243951 	   66322 	   38 	   65264 	   38 
 240763 	   26153 	   21 	   26143 	   20 
 243995 	   24844 	   12 	   33381 	   11 
 239807 	   29758 	   19 	   29015 	   20 
 239673 	   35354 	   22 	   39893 	   22 
 238030 	   30714 	   20 	   31149 	   20 
 234933 	   25792 	    9 	   24383 	   11 
 236009 	   23799 	   14 	   24283 	   13 
 233492 	   41716 	   18 	   28673 	   18 
 246030 	   48023 	   27 	   50850 	   25 
 241800 	   52074 	   91 	   59868 	   84 
 230841 	   27945 	   13 	   27671 	   12 
 230993 	   31344 	   13 	   30352 	   12 
 232591 	   33501 	   20 	   34520 	   21 
 235431 	   38439 	   21 	   40874 	   19 
 238779 	   47808 	   34 	   49316 	   33 
 233295 	   35249 	   17 	   30107 	   18 
 233179 	   38916 	   22 	   35905 	   22 
 233003 	   40858 	   22 	   39102 	   20 
 236742 	   41369 	   23 	   39697 	   22 
 242270 	   32847 	   25 	   42901 	   21 
 236983 	   29233 	   37 	   30923 	   34 
 235827 	   25094 	   15 	   25111 	   16 
 237176 	   26396 	   13 	   25534 	   13 
 236246 	   32405 	   13 	   25923 	   14 
 244819 	   30801 	   33 	   38424 	   30 
 235770 	   22564 	   12 	   24021 	   25 
 233637 	   32734 	   13 	   28132 	   14 
 231061 	   58348 	   31 	   37108 	   25 
 249297 	   44512 	   31 	   68124 	   30 
 240419 	   23050 	   13 	   25020 	   14 
 244107 	   36440 	   88 	   36602 	   88 
 243924 	   41081 	   18 	   40622 	   17 
 243217 	   35588 	   15 	   39521 	   15 
 243369 	   37461 	   24 	   35077 	   22 
 241039 	   31745 	   20 	   33321 	   18 
 239596 	   35827 	   25 	   33708 	   24 
 242151 	   28562 	   20 	   32384 	   17 
 240248 	   29277 	   24 	   29026 	   22 
 240599 	   38949 	   20 	   41304 	   17 
 240064 	   25950 	   15 	   31054 	   14 
 238035 	   40166 	   23 	   33895 	   17 
 243730 	   53062 	   65 	   57827 	   59 
 237947 	   32023 	   17 	   31420 	   15 
 236000 	   42857 	   22 	   37990 	   26 
 241705 	   25706 	   18 	   28654 	   15 
 239158 	   36442 	   21 	   32739 	   22 
 239762 	   30230 	   19 	   30876 	   22 
 239241 	   22771 	   14 	   27251 	   14 
 239333 	   33871 	   24 	   29364 	   25 
 243092 	   24525 	   15 	   32656 	   15 
 238355 	   42063 	   20 	   41046 	   19 
 242233 	   53104 	   71 	   50080 	   72 
 239741 	   30703 	   19 	   28810 	   21 
 239742 	   25731 	   16 	   23367 	   19 
 239618 	   25686 	   18 	   27021 	   26 
 240852 	   22023 	   13 	   25697 	   16 
 242289 	   35188 	   32 	   30391 	   32 
 242807 	   24411 	   18 	   24287 	   18 
 244479 	   23603 	   17 	   23406 	   16 
 246430 	   30131 	   18 	   36845 	   19 
 244346 	   38681 	   23 	   39928 	   21 
 239637 	   33786 	   59 	   25376 	   51 
 240606 	   15612 	   12 	   15191 	   14 
 240953 	   16864 	   13 	   16068 	   13 
 242357 	   22015 	   23 	   21981 	   23 
 246346 	   20711 	   15 	   28090 	   15 
 240620 	   35736 	   27 	   27089 	   30 
 242607 	   18577 	   12 	   18506 	   12 
 245865 	   17651 	   20 	   19237 	   22 
 247446 	   27332 	   19 	   34869 	   24 
 242060 	   34584 	   21 	   24639 	   26 
 243272 	   36079 	  114 	   40904 	  132 
 236506 	   41166 	   43 	   47368 	   53 
 226096 	   43069 	   21 	   52961 	   40 
 210901 	   74852 	   35 	   74443 	   20 
 207919 	   67674 	   15 	   68744 	   13 
 201500 	   77150 	   22 	   74362 	   22 
 202503 	   73279 	   18 	   72356 	   18 
 202727 	   83015 	   23 	   79806 	   22 
 204515 	   73325 	   16 	   72515 	   15 
 205091 	   71021 	   17 	   72238 	   13 
 201052 	   73592 	   18 	   77724 	   23 
 204526 	   71865 	   14 	   69932 	   13 
 204250 	   76734 	   24 	   75381 	   23 
 213162 	   68611 	   22 	   67099 	   20 
 207863 	   73049 	   15 	   71913 	   13 
 207445 	   66678 	   13 	   71007 	   14 
 209075 	   71001 	   27 	   72851 	   27 
 202328 	   85790 	   37 	   87723 	   43 
 202364 	   74397 	   14 	   72212 	   12 
 202313 	   70965 	   16 	   72662 	   15 
 201366 	   82683 	   45 	   92136 	   53 
 191523 	   86848 	   16 	   85079 	   19 
 191501 	   78109 	   17 	   76302 	   18 
 193441 	   84461 	   23 	   83875 	   17 
 190683 	   85741 	   23 	   89286 	   19 
 187023 	   88210 	   12 	   86447 	   14 
 183146 	   83448 	   12 	   86407 	   18 
 186513 	   93624 	   22 	   89769 	   20 
 184452 	   91332 	   14 	   93469 	   12 
 184894 	   91908 	   46 	   88556 	   50 
 182768 	   81418 	   11 	   85653 	   12 
 184683 	   82920 	   13 	   80680 	   13 
 181303 	   93397 	   21 	   94737 	   23 
 177998 	   91404 	   13 	   89631 	   15 
 177770 	   87682 	   11 	   94141 	   19 
 178546 	   91906 	   19 	   91853 	   11 
 179458 	   92215 	   14 	   91921 	   14 
 178346 	   96531 	   21 	   92417 	   21 
 176860 	   89011 	   11 	   93820 	   12 
 176301 	   93154 	   13 	  101445 	   56 
 178021 	  103701 	   49 	   96770 	   13 
 177015 	   98528 	   15 	   97830 	   11 
 182020 	  103049 	   32 	  101612 	   33 
 185175 	  103671 	   52 	  106792 	   53 
 193978 	   79909 	   14 	   82590 	   11 
 179966 	  100729 	   23 	   99199 	   25 
 178700 	   96364 	   16 	   93886 	   17 
 179838 	   89969 	   16 	   97478 	   12 
 181469 	   95314 	   26 	   90899 	   27 
 180905 	   87731 	   12 	   87805 	   18 
 182746 	   89156 	   15 	   91786 	   25 
 181948 	   95484 	   23 	   89254 	   18 
 183958 	   86622 	   28 	   89002 	   25 
 182751 	   87853 	   15 	   86884 	   16 
 184307 	   86959 	   41 	   93128 	   34 
 199182 	   79241 	   37 	   79251 	   41 
 197480 	   78301 	   41 	   75769 	   50 
 194194 	   75017 	   17 	   72986 	   17 
 192988 	   76038 	   14 	   77210 	   12 
 190593 	   82947 	   19 	   79584 	   29 
 189440 	   82376 	   16 	   84690 	   16 
 188671 	   84727 	   16 	   86130 	   14 
 191979 	   87089 	   25 	   89270 	   34 
 187094 	   82038 	   22 	   76352 	   13 
 185990 	   78961 	   16 	   81884 	   15 
 191935 	   82854 	   25 	   87078 	   22 
 193015 	   82766 	   23 	   82554 	   23 
 189460 	   77735 	   22 	   76750 	   17 
 189243 	   91195 	   57 	   93642 	   66 
 187241 	   85440 	   13 	   87383 	   16 
 188512 	   84906 	   15 	   81468 	   15 
 181734 	   92170 	   18 	   96485 	   19 
 179198 	   96152 	   28 	   94909 	   26 
 178234 	   88793 	   15 	   88029 	   18 
 179214 	   87198 	   16 	   89249 	   11 
 177167 	   96891 	   18 	   95098 	   17 
 174662 	   97383 	   17 	   98764 	   14 
 175369 	  102211 	   41 	  102074 	   49 
 175621 	   96146 	   13 	   98069 	   15 
 181021 	   96441 	   16 	   92011 	   14 
 190970 	   82764 	   38 	   89237 	   48 
 193406 	   87571 	   39 	   86082 	   42 
 191114 	   78796 	   18 	   79286 	   19 
 190913 	   78454 	   14 	   78642 	   13 
 190806 	   84675 	   15 	   81445 	   13 
 193169 	   81491 	   23 	   86561 	   24 
 186370 	   89300 	   24 	   85975 	   20 
 184316 	   87353 	   12 	   88005 	   15 
 181466 	   87250 	   12 	   90488 	   13 
 181257 	   92998 	   20 	   89869 	   24 
 181283 	   95103 	   26 	   93868 	   20 
 181320 	   87183 	   18 	   89326 	   17 
 183105 	   88586 	   37 	   87899 	   34 
 185422 	   81028 	   16 	   80340 	   18 
 185999 	   77323 	   11 	   84280 	   19 
 184612 	   84926 	   19 	   82270 	   15 
 182970 	   88696 	   17 	   90219 	   13 
 181472 	   90927 	   27 	   89088 	   26 
 181593 	   83331 	   13 	   90191 	   15 
 183941 	   87333 	   20 	   84559 	   17 
 180907 	   91482 	   18 	   87548 	   14 
 180175 	   89368 	   16 	   89550 	   14 
 178744 	   97067 	   47 	  106478 	   56 
 190740 	   87027 	   45 	   85142 	   31 
 187746 	   85036 	   36 	   84317 	   40 
 183021 	   84665 	   15 	   78642 	   13 
 183366 	   82094 	   12 	   82739 	   13 
 185254 	   85788 	   24 	   99492 	   27 
 184921 	   87763 	   23 	   77187 	   18 
 181354 	   86678 	   20 	   88733 	   17 
 182565 	   90502 	   22 	   91550 	   24 
 180889 	   86984 	   10 	   86416 	   18 
 182339 	   88485 	   17 	   87281 	   15 
 183116 	   89567 	   27 	   93005 	   28 
 179231 	   98433 	   22 	   95374 	   25 
 180307 	   87954 	   22 	   91566 	   19 
 176089 	  101247 	   82 	   97871 	   80 
 179000 	   89316 	   14 	   85979 	   16 
 178538 	   90215 	   19 	   92288 	   14 
 177689 	   95584 	   27 	   95044 	   27 
 179937 	   89413 	   19 	   85174 	   18 
 180926 	   83791 	   13 	   93650 	   32 
 181739 	   90669 	   28 	   81008 	   14 
 182771 	   88482 	   21 	   91653 	   16 
 180918 	   85590 	   27 	   82833 	   23 
 182365 	   79856 	   15 	   81558 	   14 
 183712 	   79566 	   18 	   78416 	   14 
 183660 	   83048 	   56 	   83395 	   59 
 186309 	   79295 	   19 	   76895 	   18 
 189517 	   73205 	   13 	   81202 	   28 
 191417 	   78868 	   24 	   77227 	   15 
 192052 	   80334 	   17 	   82291 	   17 
 189005 	   81099 	   29 	   75736 	   31 
 188910 	   71270 	   14 	   74201 	   17 
 189985 	   71554 	   15 	   82632 	   12 
 194550 	   72243 	   22 	   75125 	   25 
 193710 	   74067 	   16 	   74876 	   15 
 196057 	   75922 	   66 	   73580 	   67 
 193177 	   70437 	   14 	   72940 	   16 
 196004 	   70556 	   18 	   69325 	   15 
 193048 	   72870 	   21 	   70740 	   23 
 194586 	   68681 	   17 	   78841 	   14 
 200927 	   67747 	   31 	   74771 	   29 
 201922 	   64853 	   16 	   65071 	   13 
 205862 	   66238 	   20 	   67778 	   18 
 203721 	   69337 	   25 	   69225 	   24 
 202335 	   64957 	   18 	   64698 	   19 
 203234 	   64019 	   18 	   69032 	   15 
 220589 	   84349 	   48 	  104138 	   64 
 220097 	   57252 	   31 	   82996 	   11 
 207931 	   51953 	   16 	   57013 	   26 
 208452 	   53875 	   15 	   56538 	   14 
 205845 	   59285 	   28 	   60559 	   29 
 209479 	   55959 	   17 	   56747 	   16 
 205628 	   61143 	   27 	   62283 	   26 
 212956 	   53302 	   15 	   56311 	   14 
 211438 	   59093 	   21 	   58791 	   19 
 190970 	  172136 	   85 	  122590 	  109 
 211759 	   84976 	   59 	   63987 	   16 
 215457 	   60324 	   41 	   62653 	   45 
 225749 	   63354 	   31 	   68591 	   33 
 230534 	   45924 	   14 	   46948 	   13 
 223974 	   53346 	   19 	   49939 	   17 
 227135 	   49995 	   16 	   50451 	   15 
 221487 	   69042 	   27 	   60689 	   25 
 226651 	   50009 	   17 	   52428 	   16 
 229604 	   44467 	   16 	   45256 	   16 
 227585 	   47351 	   21 	   46008 	   18 
 230711 	   44350 	   13 	   45373 	   12 
 223701 	   55887 	   24 	   52791 	   21 
 221238 	   60884 	   27 	   62663 	   28 
 226519 	   54437 	   13 	   54697 	   15 
 229855 	   46016 	   13 	   47213 	   12 
 224092 	   54165 	   20 	   54677 	   21 
 221354 	   66137 	   40 	   66624 	   42 
 223446 	   51447 	   18 	   51179 	   15 
 230492 	   41409 	   12 	   47602 	   17 
 228389 	   55578 	   48 	   57921 	   46 
 229386 	   48252 	   16 	   51339 	   14 
 231049 	   42701 	   19 	   42077 	   19 
 225479 	   51662 	   16 	   49867 	   16 
 224646 	   45378 	   14 	   45096 	   17 
 226365 	   44459 	   15 	   43066 	   12 
 227826 	   59826 	   27 	   61041 	   27 
 235968 	   46292 	   22 	   51904 	   20 
 225474 	   44089 	   12 	   41101 	   13 
 234569 	   41890 	   38 	   49049 	   35 
 230173 	   32015 	   13 	   30349 	   15 
 231907 	   33568 	   17 	   32566 	   13 
 233271 	   37880 	   23 	   38083 	   22 
 231980 	   37843 	   15 	   35652 	   15 
 233155 	   34506 	   22 	   34924 	   21 
 235674 	   41194 	   22 	   46996 	   24 
 228399 	   43254 	   14 	   35946 	   14 
 236584 	   36685 	   19 	   46238 	   19 
 238035 	   30839 	   13 	   30598 	   13 
 242030 	   36323 	   56 	   44308 	   59 
 239405 	   35185 	   16 	   31696 	   17 
 240576 	   31574 	   14 	   32140 	   14 
 231848 	   53260 	   27 	   47974 	   27 
 217520 	   62186 	   62 	   48034 	   68 
 212817 	   63868 	   26 	   52052 	   33 
 213248 	   70066 	   50 	   74791 	   57 
 218175 	   50679 	   16 	   55601 	   17 
 224619 	   46713 	   19 	   46189 	   12 
 218472 	   53926 	   16 	   55273 	   18 
 221558 	   53242 	   24 	   56228 	   24 
 226024 	   43549 	   13 	   42498 	   16 
 223378 	   51366 	   18 	   50870 	   17 
 213753 	   66297 	   23 	   58881 	   24 
 201422 	   66610 	   11 	   73168 	   31 
 220890 	   62845 	   29 	   64769 	   21 
 221606 	   46348 	   14 	   48340 	   13 
 216814 	   56367 	   22 	   58783 	   24 
 223044 	   45739 	   14 	   48034 	   18 
 221529 	   47603 	   15 	   47804 	   15 
 222568 	   48976 	   15 	   50716 	   12 
 227691 	   44674 	   14 	   44407 	   14 
 225475 	   48151 	   13 	   54825 	   14 
 225712 	   57215 	   26 	   51412 	   39 
 219707 	   55946 	   31 	   46822 	   15 
 217360 	   62922 	   29 	   65536 	   29 
 214498 	   53512 	   15 	   54066 	   13 
 221481 	   50802 	   19 	   58762 	   20 
 226334 	   40910 	   17 	   39869 	   10 
 232377 	   46917 	   54 	   50938 	   61 
 237276 	   35116 	   15 	   32731 	   14 
 236361 	   36380 	   18 	   34943 	   17 
 238684 	   34280 	   18 	   36464 	   18 
 240979 	   34162 	   27 	   34820 	   26 
 239163 	   29369 	   16 	   27662 	   14 
 239091 	   26414 	   15 	   25132 	   14 
 241179 	   33770 	   18 	   33497 	   20 
 241845 	   30211 	   18 	   32242 	   16 
 244849 	   33669 	   38 	   35521 	   43 
 245954 	   28312 	   14 	   27280 	   13 
 237078 	   42007 	   18 	   36785 	   16 
 229784 	   44315 	   41 	   41269 	   44 
 229167 	   54164 	   38 	   55427 	   41 
 235008 	   36491 	   14 	   35907 	   14 
 234757 	   33991 	   13 	   35496 	   15 
 230184 	   44444 	   18 	   41556 	   16 
 229786 	   44442 	   22 	   43933 	   22 
 230419 	   46092 	   21 	   48321 	   20 
 235116 	   36524 	   12 	   37012 	   14 
 234953 	   33698 	   16 	   33806 	   15 
 230701 	   41068 	   17 	   40893 	   21 
 226977 	   49637 	   26 	   46798 	   24 
 229260 	   39009 	   17 	   39941 	   17 
 230829 	   38627 	   32 	   38506 	   31 
 234211 	   31254 	   15 	   32393 	   14 
 233603 	   29787 	   14 	   29624 	   14 
 233893 	   35260 	   18 	   33404 	   19 
 234771 	   36249 	   17 	   37095 	   16 
 236045 	   35190 	   26 	   36790 	   23 
 237658 	   28487 	   18 	   29659 	   14 
 238214 	   33311 	   18 	   30635 	   17 
 237788 	   35210 	   16 	   34871 	   17 
 236938 	   32948 	   15 	   30527 	   17 
 232915 	   44289 	   42 	   41570 	   40 
 235965 	   38880 	   41 	   43295 	   48 
 233416 	   39947 	   41 	   40112 	   38 
 234010 	   35503 	   15 	   35201 	   14 
 233948 	   32768 	   15 	   32838 	   12 
 230392 	   41254 	   23 	   37991 	   25 
 228924 	   42933 	   24 	   46156 	   26 
 229775 	   37551 	   18 	   35611 	   17 
 233763 	   37955 	   22 	   39498 	   21 
 234738 	   34838 	   13 	   31967 	   13 
 236086 	   33238 	   15 	   33825 	   14 
 235862 	   36621 	   24 	   36635 	   25 
 234139 	   44348 	   21 	   44624 	   24 
 236063 	   32767 	   17 	   32580 	   18 
 230707 	   46731 	   83 	   45355 	   89 
 230367 	   38502 	   16 	   38540 	   15 
 231789 	   35295 	   10 	   35478 	   11 
 222077 	   50808 	   22 	   47898 	   22 
 227795 	   42161 	   22 	   45155 	   23 
 229781 	   34971 	   13 	   38735 	   13 
 224606 	   48407 	   36 	   43573 	   41 
 223298 	   48068 	   19 	   49018 	   19 
 222864 	   44872 	   22 	   46436 	   22 
 224496 	   37841 	   13 	   36871 	   14 
 220326 	   42882 	   17 	   42711 	   16 
 210065 	   63539 	   44 	   57089 	   44 
 221694 	   45144 	   19 	   49429 	   20 
 224409 	   40798 	   13 	   43453 	   13 
 219649 	   57161 	   20 	   46781 	   20 
 209064 	   67852 	   22 	   69338 	   22 
 219450 	   51674 	   37 	   55118 	   39 
 222069 	   37842 	   14 	   38804 	   13 
 216024 	   45002 	   19 	   43383 	   17 
 216074 	   50812 	   21 	   49296 	   22 
 212963 	   53801 	   20 	   54548 	   20 
 217947 	   51929 	   70 	   53544 	   86 
 216387 	   47592 	   13 	   44979 	   12 
 215768 	   50461 	   18 	   50256 	   14 
 214958 	   52416 	   17 	   52280 	   18 
 209969 	   51110 	   18 	   50246 	   18 
 210543 	   54555 	   33 	   53966 	   33 
 217378 	   49251 	   14 	   51584 	   13 
 220828 	   51484 	   18 	   52095 	   17 
 219371 	   52289 	   22 	   52291 	   25 
 215785 	   47293 	   20 	   44623 	   19 
 219680 	   46385 	   15 	   49514 	   15 
 200594 	   77326 	   40 	   69838 	   40 
 192669 	   76774 	   19 	   75843 	   16 
 195186 	   72879 	   21 	   68282 	   21 
 195700 	   69987 	   22 	   71883 	   20 
 196583 	   70367 	   38 	   66572 	   39 
 196613 	   64337 	   14 	   65419 	   22 
 199236 	   69830 	   23 	   68014 	   16 
 201253 	   71994 	   22 	   72354 	   24 
 205889 	   71792 	   25 	   77313 	   22 
 228476 	   91020 	   85 	  130648 	   86 
 234357 	   81729 	   54 	   52400 	   53 
 230366 	   42242 	   11 	   42906 	   13 
 231626 	   38084 	   12 	   39031 	   13 
 229528 	   54451 	   26 	   46904 	   27 
 232969 	   58542 	   44 	   59160 	   44 
 232088 	   43521 	   16 	   43817 	   13 
 235596 	   41016 	   17 	   41982 	   17 
 232854 	   48851 	   19 	   53846 	   19 
 229985 	   44241 	   13 	   46288 	   12 
 230849 	   43838 	   17 	   39839 	   16 
 224413 	   51911 	   13 	   53071 	   11 
 227531 	   46495 	   15 	   46349 	   15 
 227629 	   50710 	   13 	   53737 	   49 
 227900 	   56290 	   45 	   54196 	   15 
 223833 	   47395 	   26 	   49427 	   19 
 219827 	   56748 	   28 	   55140 	   24 
 218860 	   58659 	   28 	   59195 	   29 
 217331 	   58089 	   16 	   59342 	   12 
 217975 	   61129 	   19 	   59835 	   17 
 213337 	   60634 	   19 	   63563 	   17 
 215306 	   63588 	   27 	   61458 	   23 
 216406 	   57910 	   16 	   57924 	   15 
 215006 	   64968 	   35 	   61217 	   33 
 223798 	   53643 	   27 	   53043 	   27 
 219884 	   56341 	   13 	   56808 	   13 
 218269 	   62015 	   23 	   60851 	   21 
 212307 	   62782 	   14 	   60305 	   14 
 221361 	   48932 	   17 	   49377 	   16 
 221978 	   60929 	   28 	   53996 	   31 
 236736 	   53534 	   85 	   51728 	   89 
 243249 	   29519 	   17 	   32718 	   15 
 240533 	   30098 	   16 	   30581 	   14 
 237950 	   38359 	   22 	   39195 	   20 
 242131 	   32029 	   12 	   35755 	   13 
 236459 	   45367 	   18 	   44499 	   16 
 235982 	   48217 	   34 	   48083 	   33 
 237286 	   34239 	   15 	   34754 	   15 
 235373 	   34895 	   18 	   33606 	   18 
 233164 	   48283 	   23 	   48296 	   20 
 232238 	   40803 	   22 	   42035 	   19 
 231642 	   43421 	   17 	   43129 	   16 
 233231 	   42404 	   42 	   45970 	   39 
 224712 	   55860 	   31 	   60392 	   28 
 217135 	   57639 	   13 	   56774 	   14 
 216043 	   67379 	   14 	   68832 	   17 
 221369 	   55308 	   20 	   54783 	   20 
 221189 	   54383 	   20 	   51096 	   18 
 226292 	   47757 	   14 	   47597 	   11 
 217436 	   79098 	   37 	   77047 	   37 
 221513 	   54070 	   22 	   53411 	   21 
 224160 	   59359 	   23 	   61872 	   23 
 216242 	   59858 	   21 	   57111 	   20 
 214273 	   57043 	   17 	   56625 	   18 
 219091 	   62285 	   23 	   60742 	   23 
 222250 	   56859 	   29 	   51740 	   30 
 234270 	   37037 	   20 	   37267 	   22 
 238638 	   37927 	   20 	   35615 	   19 
 235112 	   46430 	   71 	   43970 	   76 
 241751 	   24025 	   17 	   25795 	   15 
 242767 	   31878 	   15 	   31688 	   23 
 242265 	   38733 	   26 	   39413 	   24 
 243477 	   30631 	   24 	   28273 	   22 
 244348 	   21040 	   16 	   23676 	   14 
 245872 	   32871 	   36 	   31388 	   40 
 247158 	   26986 	   22 	   26792 	   17 
 248977 	   24127 	   21 	   28486 	   20 
 247789 	   32033 	   26 	   30456 	   23 
 244289 	   37457 	   21 	   35296 	   22 
 243745 	   33860 	   18 	   34853 	   17 
 245697 	   39740 	   55 	   44568 	   51 
 239128 	   33061 	   17 	   33973 	   22 
 228548 	   49679 	   27 	   52488 	   26 
 224905 	   58901 	   23 	   57735 	   21 
 228637 	   47577 	   20 	   45820 	   19 
 231928 	   39414 	   18 	   35756 	   19 
 239127 	   44986 	   41 	   44802 	   39 
 242560 	   43606 	   19 	   44161 	   21 
 240223 	   46620 	   25 	   44833 	   23 
 236704 	   38804 	   20 	   38763 	   14 
 242151 	   30811 	   19 	   33704 	   19 
 238067 	   45456 	   24 	   40953 	   25 
 241501 	   47507 	   34 	   47998 	   34 
 236707 	   44647 	   22 	   45265 	   19 
 241212 	   31797 	   16 	   30185 	   16 
 243548 	   28433 	   25 	   27747 	   27 
 243739 	   32137 	   18 	   34452 	   19 
 243099 	   42728 	  110 	   48223 	  119 
 234836 	   40820 	   38 	   46583 	   40 
 227573 	   58837 	   31 	   62821 	   33 
 223917 	   47913 	   15 	   48817 	   14 
 221565 	   54877 	   16 	   55210 	   16 
 223532 	   52715 	   24 	   50615 	   22 
 222074 	   61252 	   21 	   54103 	   24 
 232040 	   42730 	   22 	   42833 	   18 
 233871 	   44427 	   17 	   43051 	   16 
 232788 	   53888 	   34 	   53297 	   34 
 230297 	   43792 	   14 	   46335 	   16 
 229473 	   44779 	   18 	   43766 	   19 
 227706 	   50967 	   20 	   50048 	   21 
 225286 	   50271 	   14 	   50351 	   14 
 225752 	   47456 	   16 	   51093 	   17 
 224873 	   55471 	   23 	   53217 	   24 
 225785 	   58545 	   34 	   61223 	   39 
 225235 	   48909 	   14 	   47760 	   14 
 223850 	   47759 	   14 	   50498 	   13 
 224367 	   59818 	   45 	   70252 	   47 
 216335 	   58479 	   18 	   56837 	   17 
 220340 	   59644 	   17 	   60665 	   19 
 217860 	   58191 	   16 	   56025 	   16 
 219731 	   49879 	   16 	   48386 	   17 
 221766 	   49248 	   20 	   52052 	   20 
 217428 	   69746 	   26 	   69422 	   30 
 218171 	   63114 	   21 	   66712 	   21 
 212809 	   56665 	   12 	   55583 	   14 
 217519 	   58979 	   37 	   66810 	   35 
 208358 	   53680 	   14 	   53100 	   15 
 212131 	   53099 	   19 	   55755 	   21 
 210422 	   60517 	   20 	   52969 	   22 
 216425 	   54477 	   19 	   56740 	   18 
 215792 	   51607 	   15 	   53499 	   15 
 213189 	   63349 	   24 	   66564 	   27 
 208359 	   63458 	   15 	   58907 	   15 
 210667 	   62536 	   20 	   62869 	   13 
 207744 	   60556 	   14 	   65961 	   17 
 206495 	   69627 	   60 	   67329 	   13 
 202189 	   71256 	   18 	   76016 	   55 
 205451 	   67170 	   14 	   70108 	   15 
 204232 	   80908 	   27 	   73126 	   29 
 211796 	   67553 	   65 	   55857 	   71 
 221757 	   55268 	   30 	   40713 	   30 
 229920 	   54597 	   55 	   58813 	   54 
 227274 	   41518 	   15 	   43753 	   12 
 221863 	   49378 	   18 	   56501 	   21 
 218540 	   53237 	   17 	   47698 	   15 
 224259 	   49905 	   20 	   56091 	   16 
 219510 	   50217 	   21 	   53528 	   24 
 216289 	   59362 	   12 	   53892 	   11 
 219804 	   59543 	   23 	   52921 	   27 
 227560 	   40175 	   12 	   39453 	   12 
 228664 	   55368 	   26 	   66654 	   29 
 218172 	   50315 	   14 	   52194 	   14 
 214835 	   58025 	   24 	   58915 	   23 
 217956 	   50729 	   17 	   54810 	   13 
 212386 	   57029 	   17 	   57206 	   18 
 211290 	   60194 	   13 	   62490 	   12 
 213042 	   59253 	   14 	   59627 	   14 
 209872 	   64448 	   14 	   63391 	   14 
 210936 	   71768 	   27 	   71595 	   29 
 212344 	   64493 	   28 	   52537 	   32 
 220882 	   59023 	   27 	   58568 	   31 
 213663 	   54507 	   14 	   63106 	   14 
 211158 	   60517 	   17 	   60769 	   16 
 207584 	   59079 	   13 	   65219 	   14 
 203083 	   72784 	   36 	   73476 	   35 
 207183 	   62647 	   15 	   62434 	   16 
 208728 	   64888 	   15 	   61879 	   17 
 209549 	   63616 	   22 	   65050 	   21 
 210056 	   55843 	   18 	   54740 	   12 
 210545 	   56004 	   14 	   54433 	   18 
 208347 	   67501 	   24 	   67846 	   24 
 207876 	   62836 	   22 	   66554 	   25 
 204411 	   65541 	   18 	   61729 	   15 
 203244 	   76409 	   52 	   78731 	   49 
 204062 	   70527 	   19 	   69650 	   17 
 206710 	   69301 	   14 	   68583 	   14 
 210566 	   65167 	   33 	   58951 	   32 
 214959 	   56032 	   40 	   55483 	   39 
 216463 	   50488 	   17 	   51665 	   16 
 218123 	   49714 	   27 	   47449 	   16 
 217859 	   46852 	   14 	   48388 	   19 
 217849 	   50891 	   16 	   50496 	   17 
 221618 	   54634 	   24 	   51170 	   25 
 218981 	   47512 	   17 	   50570 	   15 
 218097 	   50221 	   15 	   51421 	   16 
 217898 	   54465 	   18 	   53511 	   18 
 218690 	   49952 	   15 	   47931 	   14 
 216059 	   66891 	   47 	   61721 	   53 
 223177 	   49668 	   33 	   54421 	   30 
 215990 	   65466 	   47 	   64962 	   49 
 209185 	   63951 	   18 	   63471 	   18 
 210004 	   62005 	   19 	   67846 	   20 
 208064 	   67986 	   16 	   61807 	   12 
 211546 	   67093 	   17 	   64002 	   16 
 217659 	   53744 	   10 	   55048 	   11 
 216143 	   58544 	   17 	   59751 	   19 
 215096 	   60314 	   20 	   59677 	   22 
 214718 	   66422 	   27 	   60551 	   28 
 213836 	   57060 	   22 	   67110 	   24 
 208411 	   63837 	   17 	   62102 	   14 
 207615 	   65278 	   36 	   70007 	   42 
 208481 	   60977 	   16 	   59656 	   14 
 207583 	   61933 	   16 	   62492 	   16 
 207111 	   64421 	   22 	   62188 	   23 
 208785 	   62872 	   20 	   60764 	   19 
 212173 	   57367 	   14 	   56966 	   15 
 209282 	   62818 	   23 	   60666 	   15 
 210485 	   61413 	   14 	   64463 	   26 
 204278 	   70974 	   26 	   73786 	   25 
 200952 	   70832 	   18 	   69994 	   16 
 204169 	   68634 	   25 	   65920 	   26 
 207832 	   62596 	   15 	   61859 	   17 
 206424 	   72651 	   97 	   74743 	  113 
 203187 	   66781 	   15 	   64867 	   13 
 206470 	   60602 	   13 	   62847 	   13 
 202921 	   70237 	   19 	   68673 	   19 
 205825 	   63967 	   19 	   64782 	   20 
 203867 	   60907 	   11 	   62959 	   14 
 205688 	   73157 	   22 	   65713 	   26 
 211267 	   63738 	   18 	   61584 	   19 
 212431 	   55152 	   21 	   65594 	   15 
 205425 	   57043 	   12 	   58083 	   21 
 205941 	   57786 	   13 	   57929 	   14 
 202248 	   71725 	   45 	   63792 	   50 
 213655 	   52811 	   13 	   57502 	   13 
 205591 	   59485 	   13 	   57995 	   13 
 212412 	   63990 	   19 	   59288 	   20 
 210506 	   66618 	   21 	   67237 	   22 
 213553 	   57326 	   26 	   58219 	   10 
 206861 	   53078 	   12 	   58274 	   24 
 202217 	   58428 	   13 	   56395 	   13 
 203125 	   64378 	   25 	   60991 	   24 
 206596 	   60611 	   17 	   58630 	   15 
 212031 	   57471 	   52 	   53391 	   15 
 213487 	   60168 	   20 	   61325 	   53 
 217473 	   54508 	   14 	   57708 	   15 
 213335 	   53753 	   21 	   54975 	   22 
 209585 	   51803 	   17 	   51883 	   16 
 212443 	   51620 	   19 	   49078 	   10 
 218432 	   53205 	   17 	   52226 	   25 
 210557 	   60520 	   16 	   64234 	   20 
 215773 	   68187 	   25 	   64930 	   28 
 216972 	   50436 	   14 	   52667 	   13 
 210589 	   61645 	   16 	   57619 	   17 
 206952 	   76786 	   46 	   74367 	   49 
 213038 	   56800 	   14 	   57489 	   16 
 226500 	   42882 	   26 	   35687 	   25 
 231457 	   33803 	   17 	   33878 	   19 
 234380 	   33764 	   32 	   34181 	   32 
 233238 	   28438 	   12 	   26846 	   12 
 234810 	   36233 	   20 	   34211 	   18 
 236202 	   41256 	   29 	   40025 	   28 
 238370 	   42590 	   19 	   42594 	   18 
 253871 	   63987 	   79 	   70304 	   86 
 239272 	   79290 	   49 	   92540 	   50 
 220272 	   52141 	   16 	   54305 	   18 
 217800 	   52024 	   15 	   51915 	   14 
 214552 	   70180 	   31 	   61035 	   30 
 218911 	   73213 	   45 	   74782 	   46 
 217535 	   57778 	   15 	   59409 	   14 
 216407 	   57172 	   15 	   54070 	   11 
 220285 	   61540 	   38 	   66540 	   43 
 216436 	   57896 	   13 	   60604 	   14 
 214270 	   58199 	   15 	   53892 	   12 
 214845 	   61024 	   11 	   65050 	   16 
 221346 	   52637 	   12 	   51632 	   14 
 218109 	   61115 	   15 	   58750 	   15 
 215735 	   68658 	   34 	   70010 	   30 
 217485 	   54027 	   16 	   56471 	   17 
 220340 	   56415 	   26 	   55248 	   21 
 228268 	   51538 	   23 	   53141 	   23 
 227182 	   49031 	   18 	   46366 	   16 
 223903 	   46989 	   12 	   48975 	   12 
 224880 	   48632 	   20 	   49836 	   16 
 227688 	   52713 	   31 	   52779 	   29 
 226422 	   49980 	   20 	   49646 	   18 
 218776 	   62368 	   41 	   58830 	   36 
 217144 	   61361 	   23 	   61133 	   23 
 218621 	   59115 	   16 	   61759 	   19 
 214163 	   62426 	   16 	   59757 	   15 
 211734 	   62668 	   13 	   60164 	   14 
 213017 	   58443 	   14 	   57795 	   14 
 209842 	   74093 	   29 	   65127 	   17 
 195853 	   95929 	   83 	   97515 	   90 
 199389 	   70359 	   18 	   71454 	   15 
 202887 	   72717 	   19 	   74387 	   18 
 201463 	   71378 	   29 	   75734 	   26 
 199307 	   68597 	   15 	   68892 	   18 
 201662 	   68239 	   18 	   66599 	   15 
 200294 	   72654 	   22 	   71881 	   23 
 201018 	   76704 	   16 	   72232 	   14 
 206878 	   73834 	   14 	   80191 	   15 
 201902 	   91593 	   29 	   82154 	   19 
 211775 	   58896 	   16 	   67258 	   21 
 207972 	   64824 	   19 	   61666 	   16 
 210062 	   64732 	   60 	   63050 	   14 
 205537 	   60221 	   16 	   67628 	   73 
 207571 	   65630 	   16 	   65152 	   18 
 209936 	   68328 	   25 	   69471 	   39 
 208187 	   62804 	   18 	   65566 	   17 
 209991 	   64954 	   20 	   63528 	   20 
 211222 	   68690 	   35 	   69929 	   31 
 206888 	   67303 	   22 	   60861 	   14 
 214307 	   55668 	   14 	   60734 	   18 
 211593 	   74147 	   29 	   73371 	   24 
 213865 	   64941 	   25 	   57293 	   21 
 220126 	   59238 	   19 	   63039 	   18 
 218018 	   65459 	   45 	   58919 	   13 
 213442 	   68673 	   25 	   84545 	   46 
 226692 	   54359 	   14 	   57249 	   15 
 225853 	   53956 	   13 	   51388 	   14 
 226986 	   54088 	   29 	   54171 	   31 
 226951 	   45881 	   18 	   44317 	   13 
 233769 	   38533 	   19 	   41556 	   21 
 225753 	   49583 	   13 	   48033 	   17 
 226251 	   47887 	   10 	   48521 	   11 
 222717 	   70334 	   25 	   67249 	   25 
 229549 	   41624 	   21 	   40182 	   21 
 222508 	   46596 	   16 	   45690 	   15 
 216797 	   65520 	   22 	   64917 	   24 
 203936 	   78071 	   24 	   72752 	   26 
 200844 	   74994 	   19 	   71594 	   20 
 202464 	   78885 	   16 	   81281 	   14 
 194186 	  102391 	   42 	   97160 	   40 
 201919 	   72521 	   14 	   78709 	   16 
 206329 	   76577 	   34 	   75278 	   34 
 213615 	   70689 	   17 	   67146 	   15 
 214354 	   71676 	   31 	   69530 	   31 
 217172 	   50786 	   20 	   58393 	   18 
 210493 	   63409 	   23 	   53891 	   16 
 208151 	   64614 	   15 	   70173 	   18 
 204851 	   81142 	   25 	   79962 	   25 
 210182 	   74755 	   19 	   79437 	   21 
 208813 	   66241 	   16 	   66933 	   14 
 203062 	   83329 	   25 	   77327 	   25 
 202000 	   90389 	   30 	   89044 	   30 
 195503 	   83367 	   16 	   82072 	   14 
 197689 	   84247 	   19 	   85166 	   20 
 191521 	   85076 	   22 	   84130 	   20 
 190411 	   81710 	   20 	   80470 	   18 
 187192 	   88879 	  100 	   95973 	  104 
 191551 	   80881 	   16 	   81797 	   16 
 190558 	   79302 	   16 	   78778 	   11 
 193177 	   90642 	   30 	   89899 	   30 
 196263 	   95817 	   39 	   97017 	   47 
 193370 	   81877 	   13 	   81609 	   14 
 192854 	   80671 	   14 	   77188 	    9 
 193249 	   88349 	   30 	   90680 	   31 
 188861 	   87051 	   12 	   89452 	   13 
 185916 	   87839 	   16 	   85651 	   12 
 185463 	   91889 	   26 	   93075 	   25 
 185438 	   89235 	   13 	   88865 	   15 
 185538 	   91429 	   14 	   86073 	   17 
 192589 	   89702 	   28 	   93082 	   22 
 184363 	   86032 	   16 	   87944 	   16 
 178055 	   96675 	   29 	  101196 	   33 
 181234 	   99801 	   22 	   96804 	   23 
 184254 	   93696 	   17 	   87637 	   13 
 177992 	   96248 	   14 	  105391 	   14 
 176221 	   99985 	   23 	   97108 	   10 
 178926 	   99629 	   29 	   89852 	   34 
 194328 	   83688 	   19 	   85034 	   17 
 195070 	   85995 	   39 	   84567 	   39 
 201176 	   77777 	   24 	   73436 	   23 
 200831 	   77297 	   17 	   81390 	   15 
 196999 	   80928 	   15 	   78505 	   15 
 197455 	   77752 	   22 	   74974 	   11 
 202029 	   69185 	   11 	   70916 	   24 
 204289 	   74389 	   17 	   68649 	   20 
 210486 	   85615 	  103 	   87130 	  113 
 213241 	   56556 	   12 	   60316 	   13 
 210182 	   69017 	   19 	   63312 	   20 
 212171 	   63399 	   26 	   66009 	   24 
 213236 	   55639 	   17 	   52116 	   17 
 216110 	   54774 	   16 	   55909 	   15 
 207799 	   78192 	   25 	   73372 	   25 
 211442 	   67437 	   15 	   71053 	   13 
 207303 	   71685 	   16 	   72941 	   14 
 202822 	   78522 	   24 	   83500 	   24 
 199321 	   75389 	   11 	   74865 	   15 
 190332 	   88386 	   22 	   89901 	   25 
 204585 	   64672 	   18 	   58438 	   15 
 206824 	   63237 	   45 	   66644 	   45 
 209357 	   74006 	   23 	   74577 	   21 
 205271 	   85008 	   28 	   83790 	   27 
 207480 	   61842 	   18 	   65409 	   15 
 209308 	   73590 	   21 	   70038 	   23 
 209458 	   86401 	   36 	   81817 	   33 
 205216 	   81392 	   27 	   81961 	   17 
 194097 	   92162 	   22 	  114096 	   26 
 187351 	   90359 	   24 	   90445 	   16 
 183130 	   88133 	   15 	   86663 	   21 
 191769 	   91623 	   18 	   83678 	   19 
 202270 	   83188 	   45 	   66677 	   14 
 203101 	   80697 	   30 	   95255 	   52 
 189598 	   89997 	   14 	   96878 	   15 
 187517 	   88395 	   11 	   86302 	   12 
 189582 	   97994 	   24 	   84714 	   21 
 194482 	   83227 	   11 	   93295 	   15 
 183622 	   96816 	   20 	  105980 	   19 
 179792 	   95760 	   16 	   95759 	   13 
 177866 	   92210 	   11 	   94548 	   12 
 183822 	   99234 	   25 	  102677 	   26 
 175285 	  100703 	   20 	   99622 	   17 
 176114 	   95717 	   23 	   83742 	   13 
 180457 	   94330 	   15 	   81444 	   25 
 199894 	   90646 	   47 	   95844 	   48 
 191947 	   84649 	   26 	   88966 	   14 
 184061 	  104512 	   22 	  121439 	   25 
 181761 	   97573 	   12 	  102603 	   13 
 177974 	  108088 	   30 	  105873 	   34 
 172227 	  103614 	   18 	  108644 	   21 
 172738 	  127795 	   29 	  103241 	   18 
 181253 	  103119 	   16 	  123611 	   25 
 179484 	  100027 	   15 	  108985 	   19 
 173840 	  113265 	   26 	  102306 	   25 
 172149 	   99842 	   12 	   98777 	   12 
 179151 	  106880 	   19 	   95208 	   20 
 191076 	   97947 	   30 	   76208 	   25 
 210914 	   65333 	   17 	   61898 	   18 
 213865 	   59137 	   15 	   70879 	   13 
 199652 	  100743 	   23 	   76610 	   27 
 220376 	   53459 	   16 	   62651 	   13 
 217588 	   59074 	   20 	   44819 	   20 
 228604 	   48404 	   16 	   49968 	   18 
 230722 	   43794 	   18 	   37907 	   17 
 236599 	   88482 	  121 	   70742 	  125 
 246667 	   39738 	   19 	   38896 	   19 
 244321 	   42578 	   18 	   37048 	   17 
 248888 	   50337 	   37 	   52026 	   40 
 247254 	   29410 	   20 	   30426 	   21 
 246319 	   26643 	   22 	   26018 	   19 
 247569 	   31107 	   29 	   32003 	   27 
 244969 	   33828 	   18 	   31577 	   18 
 245596 	   43612 	   18 	   42553 	   16 
 246707 	   37217 	   13 	   39980 	   13 
 248432 	   43817 	   33 	   44179 	   34 
 248657 	   34475 	   16 	   34394 	   16 
 247068 	   35507 	   19 	   35459 	   17 
 248086 	   29995 	   17 	   29494 	   17 
 250421 	   31902 	   25 	   30101 	   26 
 245053 	   58225 	   44 	   52278 	   47 
 243685 	   45050 	   21 	   39275 	   22 
 245428 	   29139 	   12 	   33366 	   13 
 243547 	   39885 	   14 	   39324 	   17 
 243492 	   41551 	   24 	   38871 	   25 
 243610 	   27997 	   18 	   30130 	   18 
 244280 	   34449 	   24 	   38774 	   23 
 240197 	   61794 	   31 	   60548 	   31 
 240961 	   40840 	   16 	   39774 	   13 
 239555 	   37041 	   16 	   40407 	   17 
 240933 	   52645 	   20 	   56670 	   21 
 245631 	   35331 	   14 	   41139 	   13 
 247550 	   50099 	   62 	   53600 	   66 
 242726 	   42660 	   31 	   38855 	   32 
 243906 	   41391 	   17 	   41638 	   18 
 242282 	   42699 	   16 	   37369 	   15 
 246053 	   43192 	   16 	   47346 	   17 
 235813 	   59641 	   25 	   57298 	   25 
 234844 	   46730 	   18 	   42874 	   18 
 233210 	   48211 	   16 	   46559 	   15 
 240931 	   56249 	   19 	   61208 	   21 
 244033 	   37261 	   18 	   44688 	   17 
 243450 	   39241 	   30 	   43888 	   31 
 243112 	   34411 	   16 	   33839 	   17 
 249868 	   48406 	   37 	   58418 	   37 
 249689 	   36463 	   61 	   42905 	   76 
