% num_local_points | num_send_points | num_send_procs | num_recv_points | num_recv_procs 
 247461 	   52474 	   53 	   41120 	   53 
 248111 	   35626 	   16 	   31630 	   16 
 251258 	   39109 	   17 	   36857 	   17 
 252028 	   29910 	   19 	   35513 	   17 
 251214 	   48780 	   36 	   43922 	   36 
 249761 	   29542 	   16 	   29005 	   16 
 250616 	   41414 	   18 	   38648 	   16 
 251652 	   29736 	   19 	   34954 	   19 
 251479 	   43352 	   24 	   39864 	   24 
 250895 	   39337 	   19 	   38923 	   19 
 251207 	   35133 	   16 	   37821 	   15 
 251237 	   34473 	   18 	   36989 	   19 
 247477 	   55904 	   58 	   40944 	   58 
 245999 	   37516 	   19 	   32009 	   19 
 243275 	   36098 	   18 	   27363 	   18 
 246602 	   32203 	   16 	   31849 	   15 
 246767 	   63831 	   37 	   57117 	   37 
 241578 	   40366 	   18 	   29695 	   18 
 245050 	   31700 	   13 	   32589 	   13 
 252717 	   37091 	   23 	   48336 	   23 
 241689 	   35673 	   20 	   22681 	   20 
 248089 	   30534 	   16 	   32101 	   16 
 246990 	   52624 	   43 	   45034 	   43 
 246871 	   32697 	   16 	   32162 	   16 
 246131 	   36011 	   18 	   30094 	   18 
 242771 	   42809 	   15 	   31843 	   15 
 252196 	   28380 	   29 	   36622 	   29 
 242746 	   30472 	   29 	   21048 	   28 
 243473 	   29796 	   16 	   24948 	   16 
 245877 	   26391 	   17 	   29083 	   16 
 245451 	   33536 	   20 	   27886 	   20 
 243868 	   36154 	   19 	   30082 	   18 
 247970 	   36843 	   29 	   34064 	   29 
 245436 	   39033 	   16 	   29417 	   17 
 247782 	   28156 	   14 	   29760 	   14 
 246060 	   53407 	   20 	   47473 	   20 
 247704 	   29985 	   15 	   34554 	   15 
 245998 	   34182 	   15 	   29361 	   15 
 250688 	   36064 	   23 	   44337 	   23 
 246447 	   34302 	   15 	   31004 	   15 
 257295 	   40641 	   29 	   59010 	   29 
 250000 	   32735 	   34 	   32814 	   33 
 254698 	   38894 	   27 	   50200 	   26 
 244345 	   50751 	   45 	   45255 	   45 
 250463 	   25211 	   14 	   35246 	   14 
 248397 	   26951 	   14 	   31038 	   14 
 247562 	   38886 	   24 	   38117 	   24 
 245438 	   30493 	   13 	   27032 	   13 
 248213 	   28497 	   14 	   30848 	   14 
 249232 	   25400 	   15 	   25440 	   15 
 262181 	   35611 	   53 	   61734 	   53 
 248012 	   46426 	   60 	   38682 	   59 
 248240 	   43883 	   29 	   41185 	   28 
 247210 	   31611 	   18 	   28812 	   18 
 248394 	   34274 	   16 	   37051 	   15 
 247206 	   48509 	   34 	   47389 	   35 
 244971 	   32037 	   16 	   30398 	   17 
 247382 	   33974 	   19 	   35182 	   18 
 248126 	   45540 	   28 	   44993 	   28 
 247378 	   24657 	   15 	   25394 	   14 
 248533 	   30090 	   18 	   30708 	   18 
 250925 	   46136 	   44 	   46490 	   45 
 249436 	   24602 	   14 	   24397 	   14 
 248342 	   24632 	   12 	   27000 	   12 
 248575 	   29271 	   14 	   29773 	   14 
 247579 	   37205 	   28 	   32942 	   28 
 248911 	   38355 	   17 	   36690 	   17 
 249902 	   36231 	   16 	   37363 	   16 
 250123 	   38710 	   18 	   37069 	   18 
 251894 	   34394 	   20 	   39462 	   17 
 251130 	   35175 	   34 	   37635 	   29 
 248457 	   23226 	   20 	   22591 	   20 
 249280 	   24888 	   14 	   26408 	   13 
 249142 	   31089 	   25 	   33840 	   24 
 251025 	   24663 	   34 	   25212 	   32 
 250069 	   34850 	   32 	   36677 	   32 
 249480 	   42121 	   42 	   43929 	   43 
 247133 	   29213 	   16 	   29652 	   15 
 246207 	   27020 	   17 	   28939 	   15 
 246870 	   28830 	   17 	   28618 	   16 
 249132 	   31184 	   20 	   34560 	   18 
 247143 	   22530 	   15 	   20371 	   15 
 245770 	   21885 	   22 	   21921 	   22 
 246801 	   22410 	   15 	   22076 	   15 
 246218 	   23958 	   12 	   24251 	   12 
 247626 	   38610 	   31 	   38381 	   25 
 248493 	   26113 	   14 	   26478 	   15 
 247223 	   24441 	   13 	   25063 	   14 
 249108 	   26671 	   20 	   24258 	   20 
 246512 	   59293 	   78 	   45098 	   82 
 237361 	   36237 	   15 	   25926 	   15 
 242249 	   32008 	   22 	   25909 	   22 
 244067 	   32293 	   12 	   26642 	   12 
 249871 	   30578 	   17 	   31030 	   17 
 251870 	   48221 	   23 	   52396 	   23 
 246271 	   31725 	   17 	   34217 	   17 
 248147 	   28521 	   14 	   29138 	   14 
 248529 	   37098 	   33 	   41217 	   33 
 246322 	   30977 	   14 	   29518 	   14 
 247517 	   26762 	   14 	   30348 	   14 
 253970 	   47465 	   43 	   59939 	   43 
 238190 	   33761 	   27 	   20894 	   26 
 241858 	   22135 	   15 	   23259 	   15 
 240423 	   35219 	   17 	   24997 	   16 
 237548 	   42425 	   25 	   24795 	   25 
 246351 	   27439 	   15 	   32848 	   15 
 249918 	   25589 	   16 	   36821 	   16 
 248341 	   27733 	   24 	   31727 	   24 
 244625 	   27963 	   14 	   25626 	   14 
 249468 	   24473 	   21 	   28544 	   21 
 258580 	   29658 	   36 	   49920 	   36 
 244018 	   42896 	   45 	   39076 	   45 
 241778 	   22170 	   16 	   22941 	   16 
 241085 	   25338 	   21 	   21549 	   21 
 241235 	   27879 	   18 	   21416 	   18 
 243803 	   27660 	   24 	   24704 	   24 
 245788 	   28729 	   16 	   32050 	   15 
 249309 	   39068 	   31 	   43118 	   31 
 246569 	   27255 	   10 	   29283 	   10 
 246693 	   29523 	   16 	   26902 	   17 
 251796 	   39801 	   30 	   47899 	   32 
 247025 	   28564 	   35 	   32934 	   36 
 241378 	   19192 	   16 	   19407 	   16 
 241798 	   15639 	   12 	   16208 	   12 
 241781 	   21987 	   16 	   18188 	   16 
 239783 	   25438 	   11 	   18406 	   13 
 241309 	   25746 	   20 	   21675 	   20 
 240922 	   25774 	   13 	   20204 	   13 
 237970 	   39829 	   18 	   26946 	   18 
 260284 	   59202 	   50 	   83909 	   49 
 248759 	   22792 	   16 	   31979 	   17 
 247653 	   32740 	  124 	   30936 	  126 
 247766 	   29073 	   18 	   26955 	   19 
 247684 	   44224 	   30 	   38530 	   29 
 247721 	   40950 	   20 	   41074 	   20 
 248736 	   24176 	   35 	   25253 	   13 
 250557 	   25915 	   20 	   29639 	   35 
 250337 	   35294 	   28 	   35034 	   29 
 248937 	   23940 	   18 	   24848 	   19 
 248448 	   24827 	   14 	   27636 	   14 
 247681 	   42534 	   32 	   37900 	   31 
 250735 	   33166 	   19 	   31407 	   20 
 250099 	   25795 	   16 	   25096 	   17 
 249993 	   23866 	   11 	   25727 	   11 
 253912 	   36925 	   34 	   42531 	   29 
 251003 	   25695 	   15 	   27070 	   14 
 250231 	   42284 	   35 	   39485 	   35 
 249219 	   31489 	   11 	   31491 	   12 
 248505 	   36576 	   18 	   38182 	   17 
 248182 	   30013 	   15 	   30467 	   15 
 250161 	   60213 	   56 	   59311 	   53 
 244603 	   27608 	   17 	   25587 	   17 
 246396 	   38055 	   20 	   38711 	   19 
 247775 	   29373 	   27 	   29969 	   28 
 246035 	   29334 	   14 	   27343 	   15 
 248608 	   32325 	   19 	   32857 	   20 
 248894 	   33973 	   41 	   36370 	   42 
 246544 	   24430 	   17 	   26967 	   16 
 245445 	   30803 	   23 	   29057 	   19 
 247359 	   26769 	   29 	   29193 	   29 
 248311 	   25988 	   16 	   29591 	   15 
 248831 	   29535 	   19 	   29579 	   19 
 245776 	   34866 	   25 	   32148 	   24 
 246376 	   31408 	   14 	   32267 	   14 
 245719 	   33086 	   16 	   32650 	   14 
 246812 	   26640 	   14 	   27817 	   13 
 248354 	   30925 	   47 	   28368 	   42 
 247953 	   28465 	   20 	   29230 	   18 
 249157 	   27303 	   15 	   28625 	   15 
 249190 	   43204 	   31 	   41791 	   32 
 243943 	   51360 	   53 	   36694 	   56 
 252677 	   33477 	   21 	   40587 	   19 
 245055 	   24149 	   15 	   22392 	   15 
 249752 	   35213 	   22 	   36391 	   22 
 246837 	   30831 	   22 	   31514 	   22 
 248431 	   23153 	   14 	   27729 	   13 
 238202 	   46390 	   30 	   32747 	   29 
 242037 	   25391 	   22 	   22204 	   23 
 246785 	   21257 	   12 	   21251 	   14 
 246705 	   28772 	   20 	   30152 	   18 
 247215 	   26013 	   22 	   29317 	   21 
 249455 	   61528 	   39 	   59713 	   39 
 245951 	   22852 	   21 	   22737 	   21 
 250096 	   20426 	   12 	   32398 	   11 
 246527 	   24419 	   20 	   23125 	   20 
 249540 	   25663 	   22 	   30137 	   23 
 246362 	   22965 	   20 	   22547 	   20 
 240873 	   19747 	   10 	   17840 	   11 
 242717 	   17822 	   14 	   17290 	   14 
 238297 	   36364 	   18 	   23503 	   18 
 249937 	   43327 	   26 	   48675 	   26 
 249205 	   43577 	   91 	   47573 	   84 
 240942 	   18486 	   13 	   17643 	   12 
 241706 	   22074 	   13 	   21369 	   13 
 243696 	   23802 	   21 	   23270 	   21 
 246730 	   28196 	   22 	   32171 	   19 
 248218 	   36978 	   35 	   40771 	   34 
 241349 	   26662 	   17 	   20324 	   18 
 244821 	   29160 	   22 	   25373 	   22 
 246570 	   27310 	   22 	   26887 	   20 
 248305 	   25001 	   23 	   26143 	   22 
 250902 	   25384 	   25 	   34309 	   21 
 242616 	   22587 	   37 	   25008 	   35 
 241465 	   19455 	   16 	   19376 	   16 
 241958 	   20192 	   13 	   19846 	   13 
 240182 	   27098 	   14 	   20650 	   14 
 248875 	   23535 	   30 	   32209 	   29 
 242785 	   18073 	   22 	   17026 	   23 
 240391 	   25730 	   13 	   20903 	   13 
 238411 	   49446 	   30 	   30340 	   25 
 255872 	   38830 	   33 	   60451 	   30 
 246398 	   17042 	   13 	   19271 	   14 
 251263 	   30071 	   88 	   32365 	   89 
 249155 	   35318 	   18 	   35256 	   17 
 248321 	   30597 	   15 	   32155 	   15 
 249809 	   29894 	   24 	   28555 	   23 
 247363 	   25283 	   19 	   26536 	   18 
 246751 	   30118 	   25 	   29967 	   26 
 247920 	   22685 	   20 	   24028 	   17 
 247533 	   23021 	   24 	   22594 	   21 
 247712 	   31368 	   20 	   38724 	   19 
 246331 	   21385 	   15 	   28125 	   15 
 241669 	   33849 	   22 	   28841 	   17 
 250481 	   51300 	   65 	   49708 	   58 
 245006 	   24484 	   17 	   23755 	   15 
 242448 	   37070 	   23 	   31993 	   26 
 248512 	   18588 	   18 	   21074 	   16 
 246539 	   28568 	   21 	   26554 	   22 
 245909 	   25094 	   20 	   26270 	   21 
 243696 	   18932 	   14 	   22589 	   14 
 243977 	   28190 	   25 	   24431 	   25 
 248267 	   17881 	   15 	   26421 	   15 
 245252 	   36321 	   20 	   34732 	   19 
 247262 	   47308 	   71 	   46112 	   72 
 243522 	   27454 	   20 	   23910 	   20 
 244309 	   21190 	   16 	   19400 	   20 
 242750 	   24170 	   19 	   25254 	   27 
 243639 	   19134 	   13 	   22644 	   16 
 245604 	   31783 	   33 	   27337 	   32 
 246528 	   20742 	   18 	   21100 	   17 
 247844 	   19697 	   17 	   19728 	   16 
 249057 	   27799 	   19 	   34056 	   20 
 246749 	   35906 	   23 	   37410 	   21 
 241457 	   31623 	   59 	   23542 	   53 
 241105 	   14770 	   12 	   15394 	   14 
 241389 	   16397 	   13 	   16364 	   13 
 242795 	   21288 	   23 	   21811 	   23 
 246716 	   20685 	   15 	   27395 	   15 
 241407 	   34849 	   27 	   27379 	   30 
 242659 	   18614 	   12 	   18788 	   12 
 246087 	   17525 	   20 	   20002 	   23 
 248066 	   26605 	   19 	   35033 	   23 
 241299 	   35208 	   22 	   22978 	   25 
 250515 	   27171 	  114 	   33885 	  134 
 253207 	   28651 	   45 	   37101 	   54 
 250241 	   24000 	   36 	   31327 	   40 
 251756 	   27447 	   20 	   38869 	   21 
 246235 	   29794 	   14 	   29440 	   15 
 244979 	   31197 	   22 	   31387 	   22 
 246621 	   29733 	   17 	   29435 	   20 
 244903 	   41575 	   23 	   38839 	   23 
 246585 	   32575 	   16 	   35288 	   15 
 245055 	   33745 	   17 	   33223 	   14 
 245163 	   33719 	   20 	   33595 	   19 
 244488 	   29729 	   14 	   29278 	   14 
 240940 	   39706 	   24 	   29755 	   25 
 247357 	   28734 	   21 	   31530 	   20 
 247528 	   29188 	   15 	   33252 	   15 
 244773 	   28759 	   13 	   27999 	   14 
 243704 	   34112 	   28 	   33355 	   27 
 245165 	   43840 	   37 	   45541 	   43 
 243508 	   33206 	   12 	   33373 	   12 
 242170 	   31894 	   16 	   30791 	   16 
 246800 	   36036 	   45 	   44682 	   53 
 239625 	   37624 	   19 	   37240 	   19 
 240862 	   31397 	   20 	   29811 	   19 
 243245 	   33890 	   20 	   37603 	   18 
 241372 	   37498 	   23 	   39343 	   21 
 239234 	   36972 	   12 	   38681 	   15 
 236270 	   30980 	   13 	   30983 	   19 
 239633 	   39399 	   22 	   35471 	   21 
 239212 	   34403 	   14 	   36504 	   14 
 238297 	   36810 	   46 	   37893 	   51 
 235972 	   30258 	   12 	   30301 	   12 
 236551 	   28045 	   13 	   28854 	   13 
 237525 	   36218 	   21 	   37331 	   21 
 236136 	   34440 	   13 	   35056 	   15 
 236311 	   35122 	   17 	   35859 	   17 
 235863 	   29356 	   10 	   30737 	   11 
 236721 	   33501 	   13 	   33290 	   13 
 237260 	   38254 	   21 	   38506 	   20 
 237169 	   32222 	   11 	   32398 	   10 
 237482 	   38269 	   49 	   36913 	   55 
 239927 	   30776 	   14 	   31556 	   14 
 237565 	   34023 	   12 	   32464 	   12 
 236973 	   46886 	   32 	   40422 	   34 
 241559 	   48706 	   52 	   48571 	   53 
 240200 	   29061 	   14 	   29537 	   12 
 241184 	   36545 	   23 	   39902 	   25 
 238017 	   36256 	   17 	   34066 	   18 
 237550 	   29336 	   13 	   30408 	   13 
 239066 	   33087 	   26 	   30945 	   27 
 239009 	   32008 	   17 	   31319 	   17 
 240804 	   31172 	   22 	   32223 	   25 
 238331 	   36775 	   19 	   33910 	   18 
 238493 	   31762 	   28 	   32057 	   25 
 237620 	   32523 	   17 	   31541 	   17 
 236292 	   37264 	   43 	   37633 	   32 
 239220 	   36637 	   35 	   35633 	   38 
 239064 	   34849 	   41 	   35690 	   48 
 238053 	   33276 	   18 	   32962 	   16 
 237321 	   31163 	   14 	   31191 	   13 
 238031 	   34251 	   20 	   34537 	   28 
 238998 	   36154 	   16 	   36956 	   16 
 239254 	   34086 	   17 	   32446 	   13 
 237817 	   39552 	   31 	   37711 	   34 
 237134 	   30432 	   13 	   28732 	   17 
 236699 	   27924 	   17 	   28845 	   16 
 239654 	   36104 	   25 	   37304 	   24 
 239715 	   36346 	   25 	   37067 	   24 
 237079 	   31259 	   17 	   29418 	   19 
 240812 	   35318 	   58 	   37414 	   65 
 238813 	   33391 	   14 	   32719 	   14 
 239093 	   30267 	   14 	   33521 	   13 
 239890 	   35808 	   18 	   40933 	   18 
 237426 	   37538 	   27 	   36587 	   27 
 236340 	   33809 	   15 	   32817 	   18 
 235208 	   29633 	   11 	   31109 	   12 
 236936 	   36231 	   18 	   35036 	   19 
 237201 	   33164 	   17 	   34479 	   16 
 236901 	   40772 	   40 	   39405 	   46 
 239678 	   32557 	   12 	   35718 	   15 
 237010 	   41134 	   18 	   34603 	   14 
 236623 	   39914 	   38 	   36247 	   49 
 242219 	   36964 	   39 	   39727 	   42 
 239758 	   34786 	   18 	   34417 	   19 
 239297 	   32129 	   14 	   31751 	   13 
 239268 	   37058 	   15 	   34930 	   11 
 240242 	   33961 	   23 	   35308 	   23 
 239665 	   35935 	   24 	   35539 	   21 
 238380 	   37200 	   15 	   38164 	   15 
 236935 	   31782 	   12 	   31299 	   13 
 237796 	   36291 	   24 	   35372 	   25 
 238399 	   37430 	   25 	   37346 	   20 
 237451 	   31006 	   18 	   31897 	   18 
 234911 	   35933 	   37 	   34927 	   35 
 233793 	   34182 	   17 	   34013 	   18 
 234099 	   32480 	   19 	   32907 	   20 
 235318 	   29874 	   15 	   30922 	   14 
 235655 	   32009 	   14 	   34930 	   12 
 234453 	   37718 	   27 	   36654 	   27 
 234418 	   32512 	   19 	   32909 	   14 
 236242 	   29562 	   13 	   33244 	   17 
 234658 	   40567 	   18 	   37277 	   13 
 235394 	   34504 	   16 	   35175 	   14 
 234846 	   48134 	   47 	   48630 	   59 
 237052 	   36004 	   44 	   35112 	   30 
 236165 	   34772 	   37 	   34706 	   43 
 234740 	   34523 	   14 	   34168 	   13 
 235502 	   32603 	   14 	   33410 	   12 
 235964 	   35813 	   24 	   40621 	   26 
 234631 	   34075 	   22 	   27534 	   18 
 234995 	   31944 	   20 	   33822 	   20 
 235775 	   37515 	   23 	   36308 	   25 
 235882 	   35415 	   12 	   35163 	   17 
 237184 	   31625 	   15 	   31146 	   15 
 237163 	   35522 	   27 	   36632 	   28 
 237443 	   41950 	   23 	   43261 	   26 
 234925 	   33448 	   22 	   32659 	   20 
 236119 	   38080 	   82 	   37417 	   80 
 236261 	   34959 	   14 	   32777 	   15 
 237096 	   31911 	   16 	   33051 	   15 
 234604 	   37255 	   25 	   34023 	   27 
 235174 	   32837 	   19 	   32541 	   18 
 233755 	   29642 	   14 	   32028 	   33 
 235830 	   33063 	   28 	   30621 	   15 
 235161 	   34047 	   21 	   33326 	   17 
 234833 	   33844 	   26 	   35019 	   24 
 234092 	   29659 	   15 	   28322 	   14 
 233112 	   28919 	   17 	   28930 	   14 
 232811 	   33656 	   56 	   33474 	   59 
 235664 	   32575 	   19 	   32344 	   17 
 233978 	   32534 	   28 	   32434 	   29 
 236819 	   29396 	   18 	   29961 	   15 
 236930 	   32246 	   19 	   34337 	   18 
 235660 	   34743 	   29 	   31480 	   30 
 233176 	   27958 	   17 	   28085 	   15 
 231866 	   26480 	   15 	   32567 	   11 
 235218 	   31983 	   22 	   33956 	   23 
 234313 	   32721 	   16 	   32607 	   14 
 235422 	   36715 	   64 	   35768 	   66 
 233346 	   28539 	   14 	   27969 	   16 
 235536 	   27880 	   18 	   28270 	   16 
 234042 	   32197 	   22 	   31611 	   24 
 233738 	   30753 	   16 	   35238 	   15 
 234865 	   33943 	   31 	   37776 	   30 
 236382 	   29921 	   17 	   28759 	   13 
 240614 	   33379 	   22 	   35430 	   17 
 235638 	   35021 	   25 	   32720 	   25 
 236447 	   31105 	   18 	   32761 	   19 
 236840 	   31896 	   18 	   33535 	   14 
 235962 	   48999 	   48 	   75994 	   63 
 238845 	   29318 	   15 	   52544 	   10 
 240626 	   24190 	   27 	   26096 	   25 
 240342 	   23373 	   17 	   24350 	   13 
 240264 	   25509 	   29 	   25423 	   28 
 240034 	   21683 	   16 	   23142 	   15 
 241111 	   23155 	   30 	   23470 	   25 
 243797 	   21431 	   15 	   24196 	   13 
 243210 	   29019 	   20 	   31945 	   18 
 231402 	  144487 	  112 	   75712 	  110 
 238639 	   30412 	   18 	   33849 	   16 
 239111 	   36203 	   41 	   35014 	   46 
 242794 	   42815 	   31 	   47212 	   34 
 241552 	   33070 	   15 	   32910 	   13 
 239562 	   35761 	   19 	   34231 	   19 
 240258 	   35076 	   16 	   33896 	   17 
 241121 	   48831 	   27 	   48136 	   25 
 241239 	   35033 	   16 	   37646 	   16 
 240660 	   34360 	   16 	   32867 	   14 
 240781 	   32442 	   19 	   33055 	   18 
 240835 	   34551 	   13 	   34661 	   12 
 239576 	   41368 	   24 	   39633 	   21 
 241239 	   40090 	   27 	   43689 	   27 
 240919 	   39333 	   14 	   37290 	   14 
 239769 	   33811 	   13 	   35044 	   13 
 240223 	   39564 	   20 	   39263 	   21 
 241202 	   47263 	   40 	   47499 	   43 
 240626 	   35720 	   17 	   36963 	   15 
 240393 	   32214 	   17 	   31256 	   17 
 243509 	   37390 	   45 	   43979 	   47 
 240474 	   36633 	   16 	   40019 	   15 
 238884 	   33381 	   19 	   29684 	   19 
 239212 	   34459 	   16 	   37345 	   16 
 236263 	   33883 	   16 	   32209 	   17 
 239046 	   29535 	   13 	   31533 	   13 
 238771 	   47246 	   27 	   45872 	   28 
 244159 	   35565 	   22 	   44940 	   20 
 235311 	   36175 	   13 	   31820 	   13 
 242606 	   32488 	   37 	   42879 	   36 
 234520 	   28210 	   13 	   27280 	   15 
 235994 	   28846 	   17 	   27796 	   14 
 237822 	   32736 	   23 	   31989 	   23 
 237796 	   31105 	   15 	   30500 	   15 
 238801 	   28588 	   22 	   29577 	   21 
 240586 	   36266 	   22 	   41190 	   24 
 235424 	   35862 	   14 	   29565 	   15 
 242562 	   30782 	   19 	   40689 	   19 
 240426 	   28430 	   13 	   28901 	   13 
 243377 	   32705 	   49 	   42965 	   58 
 239650 	   35790 	   29 	   32293 	   16 
 241864 	   30749 	   14 	   32833 	   13 
 236521 	   48975 	   27 	   40657 	   27 
 229958 	   53045 	   62 	   37958 	   67 
 232928 	   40878 	   28 	   31669 	   34 
 239524 	   43707 	   50 	   45568 	   57 
 239722 	   33445 	   19 	   36064 	   18 
 239691 	   28542 	   12 	   32389 	   12 
 237801 	   35673 	   16 	   33285 	   17 
 239903 	   33864 	   24 	   37417 	   23 
 239663 	   30153 	   13 	   29615 	   14 
 239728 	   35445 	   18 	   34821 	   16 
 236186 	   44514 	   23 	   38978 	   24 
 235482 	   47795 	   27 	   43872 	   30 
 241705 	   36704 	   21 	   46295 	   21 
 238025 	   29873 	   11 	   30547 	   13 
 238356 	   33366 	   22 	   36877 	   24 
 237486 	   31778 	   14 	   32592 	   17 
 238913 	   29974 	   15 	   33173 	   15 
 238488 	   33385 	   13 	   34256 	   12 
 239489 	   33155 	   14 	   32879 	   15 
 242104 	   31373 	   13 	   38833 	   15 
 236465 	   45291 	   26 	   38929 	   40 
 236732 	   37457 	   31 	   27002 	   16 
 239789 	   38717 	   29 	   41314 	   29 
 236551 	   31242 	   16 	   30566 	   16 
 243040 	   29161 	   22 	   39793 	   20 
 240519 	   27827 	   17 	   27126 	   11 
 243455 	   34937 	   54 	   39952 	   62 
 241781 	   29983 	   16 	   27786 	   14 
 240984 	   30363 	   18 	   28956 	   17 
 242173 	   31818 	   18 	   31738 	   18 
 241085 	   33318 	   27 	   32658 	   26 
 240013 	   28454 	   16 	   27434 	   14 
 238683 	   26630 	   15 	   26098 	   14 
 241582 	   33069 	   18 	   33274 	   20 
 240383 	   31490 	   18 	   31242 	   16 
 242446 	   35508 	   38 	   35953 	   43 
 243394 	   31170 	   14 	   30063 	   14 
 242007 	   37056 	   18 	   36476 	   17 
 240886 	   33203 	   41 	   33439 	   42 
 242631 	   39632 	   38 	   42351 	   41 
 241434 	   30792 	   14 	   29812 	   13 
 242360 	   26685 	   13 	   26969 	   15 
 242212 	   33261 	   18 	   31836 	   17 
 241970 	   32206 	   22 	   33074 	   24 
 241368 	   34505 	   21 	   35356 	   20 
 240907 	   31509 	   12 	   31812 	   14 
 240297 	   28156 	   16 	   28744 	   15 
 238650 	   34198 	   17 	   32255 	   21 
 240147 	   36455 	   26 	   36904 	   24 
 239584 	   28593 	   17 	   30250 	   17 
 237436 	   32531 	   32 	   31449 	   31 
 236511 	   29329 	   15 	   29404 	   17 
 237035 	   26331 	   14 	   27624 	   14 
 237630 	   30934 	   18 	   29944 	   19 
 237056 	   33992 	   16 	   32832 	   16 
 237672 	   33813 	   27 	   33953 	   24 
 238855 	   27222 	   20 	   28249 	   19 
 239287 	   32282 	   18 	   29688 	   16 
 239736 	   33435 	   16 	   34028 	   17 
 238783 	   31169 	   15 	   29219 	   17 
 238623 	   39740 	   42 	   40072 	   41 
 240797 	   34365 	   42 	   37960 	   48 
 238683 	   34618 	   41 	   34392 	   37 
 238621 	   30788 	   15 	   30431 	   14 
 238990 	   27797 	   15 	   27767 	   12 
 237685 	   33962 	   23 	   32534 	   25 
 238584 	   33683 	   24 	   34191 	   27 
 238185 	   29336 	   18 	   29885 	   17 
 240066 	   31677 	   22 	   33073 	   21 
 239555 	   29965 	   13 	   28259 	   13 
 241284 	   28089 	   15 	   28485 	   13 
 240450 	   31849 	   24 	   31750 	   25 
 241080 	   37250 	   21 	   37196 	   24 
 240966 	   27519 	   17 	   29082 	   18 
 240681 	   36870 	   83 	   36359 	   91 
 239661 	   29896 	   16 	   30383 	   16 
 237916 	   29802 	   12 	   27902 	   11 
 236822 	   39611 	   24 	   37574 	   23 
 238943 	   31226 	   22 	   34627 	   23 
 237785 	   27305 	   13 	   31019 	   14 
 238259 	   35776 	   36 	   32385 	   40 
 237742 	   33617 	   19 	   34514 	   19 
 235356 	   32232 	   23 	   31397 	   23 
 235218 	   26853 	   13 	   27212 	   14 
 234150 	   29452 	   17 	   29082 	   16 
 231468 	   43286 	   44 	   37398 	   44 
 236567 	   30603 	   19 	   34230 	   22 
 235582 	   27949 	   13 	   28886 	   13 
 233115 	   40855 	   20 	   32979 	   20 
 237343 	   41143 	   21 	   41882 	   22 
 239000 	   32781 	   37 	   39216 	   39 
 234787 	   27299 	   14 	   27718 	   13 
 229977 	   32236 	   19 	   28309 	   17 
 232962 	   33548 	   21 	   31223 	   22 
 235857 	   32244 	   20 	   34133 	   21 
 234893 	   37383 	   70 	   35553 	   85 
 235810 	   28625 	   12 	   28838 	   12 
 236412 	   31798 	   18 	   33574 	   14 
 234126 	   33455 	   17 	   32893 	   18 
 230528 	   32432 	   18 	   31107 	   17 
 231570 	   34845 	   33 	   34119 	   32 
 236694 	   29355 	   14 	   30275 	   12 
 238225 	   34277 	   18 	   35246 	   16 
 237181 	   36353 	   22 	   34951 	   25 
 234150 	   31119 	   20 	   31456 	   19 
 236754 	   32403 	   14 	   33262 	   15 
 215201 	   69238 	   40 	   53660 	   41 
 215399 	   54987 	   19 	   45759 	   15 
 229402 	   37114 	   21 	   34655 	   22 
 232109 	   35509 	   22 	   35737 	   19 
 231359 	   35553 	   38 	   34148 	   39 
 231092 	   31086 	   22 	   30917 	   22 
 231991 	   32722 	   17 	   31434 	   16 
 233864 	   37520 	   22 	   39666 	   24 
 236708 	   41324 	   25 	   44230 	   22 
 268479 	   78076 	   85 	  119296 	   86 
 247287 	   50941 	   54 	   41734 	   52 
 240808 	   32118 	   11 	   31948 	   13 
 241204 	   28809 	   13 	   28264 	   13 
 239773 	   41869 	   26 	   36055 	   27 
 243405 	   47621 	   44 	   47929 	   42 
 240819 	   34939 	   16 	   33314 	   13 
 244214 	   33216 	   17 	   33716 	   17 
 245164 	   35387 	   21 	   42052 	   19 
 241918 	   34459 	   15 	   32482 	   13 
 243682 	   29993 	   16 	   31163 	   16 
 242247 	   34601 	   14 	   33411 	   14 
 244675 	   30343 	   16 	   31789 	   16 
 241154 	   38044 	   45 	   33883 	   49 
 245802 	   33447 	   17 	   37277 	   16 
 244032 	   25099 	   26 	   27398 	   20 
 243023 	   32437 	   29 	   30530 	   23 
 242706 	   34825 	   28 	   34523 	   28 
 242984 	   33512 	   16 	   33652 	   13 
 243457 	   36762 	   20 	   36216 	   20 
 242790 	   33560 	   20 	   35094 	   19 
 243654 	   33380 	   27 	   31618 	   26 
 242995 	   32868 	   16 	   31537 	   16 
 241870 	   36383 	   37 	   32898 	   33 
 243824 	   34034 	   27 	   33725 	   27 
 242268 	   34623 	   15 	   33957 	   15 
 244287 	   35709 	   24 	   37793 	   23 
 240481 	   35215 	   16 	   31020 	   16 
 243877 	   28149 	   17 	   28071 	   17 
 240630 	   43674 	   29 	   34300 	   32 
 243269 	   46613 	   85 	   42974 	   90 
 245251 	   27432 	   19 	   28751 	   17 
 243902 	   26437 	   16 	   26202 	   14 
 245253 	   30935 	   22 	   33384 	   20 
 245912 	   27874 	   13 	   29179 	   13 
 245206 	   35679 	   18 	   35294 	   17 
 243322 	   40411 	   34 	   38390 	   32 
 243705 	   27823 	   15 	   30455 	   15 
 241415 	   29299 	   18 	   28454 	   16 
 244523 	   37431 	   23 	   39609 	   20 
 243582 	   30439 	   22 	   29863 	   19 
 242052 	   32782 	   17 	   32045 	   16 
 243831 	   30828 	   42 	   36899 	   39 
 246124 	   35441 	   32 	   41426 	   30 
 243284 	   32090 	   13 	   32716 	   14 
 245412 	   41458 	   18 	   42672 	   18 
 242041 	   36344 	   20 	   35144 	   20 
 240071 	   36221 	   20 	   29967 	   19 
 244474 	   27943 	   15 	   32786 	   13 
 241111 	   56740 	   37 	   50694 	   37 
 242832 	   30366 	   22 	   30753 	   22 
 245671 	   38299 	   24 	   41834 	   23 
 238538 	   36454 	   21 	   34532 	   20 
 240716 	   30081 	   17 	   33481 	   18 
 238494 	   44257 	   25 	   36153 	   24 
 241310 	   40218 	   30 	   35276 	   30 
 245474 	   27378 	   21 	   28169 	   23 
 244927 	   31360 	   21 	   28393 	   19 
 243204 	   37728 	   71 	   36666 	   74 
 241946 	   25594 	   17 	   25072 	   16 
 241716 	   31377 	   15 	   29209 	   22 
 243838 	   35082 	   26 	   37022 	   24 
 243255 	   29028 	   24 	   28939 	   22 
 244010 	   22766 	   16 	   23461 	   14 
 244263 	   35214 	   36 	   33554 	   40 
 243729 	   30075 	   22 	   29380 	   16 
 245201 	   27267 	   21 	   30983 	   20 
 245539 	   34552 	   26 	   32583 	   23 
 244569 	   37068 	   21 	   35635 	   22 
 244640 	   33366 	   18 	   33481 	   17 
 248137 	   37410 	   55 	   43532 	   52 
 243939 	   26888 	   18 	   29234 	   22 
 243811 	   33740 	   27 	   40741 	   26 
 239280 	   47416 	   23 	   43819 	   21 
 238180 	   38897 	   20 	   34477 	   21 
 239886 	   30343 	   19 	   27019 	   19 
 243406 	   40269 	   41 	   40772 	   39 
 244852 	   39675 	   19 	   40072 	   21 
 246181 	   39327 	   25 	   40900 	   23 
 240310 	   36002 	   20 	   33907 	   14 
 244511 	   28448 	   19 	   32227 	   19 
 241547 	   42179 	   24 	   37812 	   24 
 244263 	   44773 	   34 	   42314 	   34 
 242801 	   39168 	   22 	   39256 	   19 
 242992 	   29546 	   16 	   30171 	   16 
 245182 	   26743 	   25 	   27462 	   27 
 244624 	   31898 	   19 	   31681 	   19 
 248427 	   35467 	  110 	   39986 	  118 
 248171 	   30578 	   40 	   31635 	   42 
 248166 	   39076 	   31 	   39601 	   34 
 247872 	   23487 	   15 	   25050 	   14 
 248139 	   31060 	   16 	   30045 	   17 
 247412 	   25710 	   24 	   25678 	   22 
 245690 	   36766 	   21 	   31864 	   22 
 247218 	   27425 	   22 	   27518 	   17 
 246730 	   30024 	   17 	   29226 	   16 
 248786 	   36124 	   32 	   39951 	   33 
 248676 	   29075 	   16 	   31576 	   16 
 248098 	   29088 	   18 	   28748 	   18 
 247582 	   30492 	   20 	   30109 	   21 
 247754 	   30292 	   14 	   30071 	   14 
 248595 	   26168 	   16 	   27707 	   16 
 247409 	   32229 	   23 	   30148 	   23 
 249025 	   35665 	   34 	   36965 	   38 
 247863 	   23399 	   14 	   24767 	   15 
 247372 	   21930 	   13 	   21880 	   13 
 252510 	   33769 	   45 	   40455 	   47 
 245035 	   30237 	   18 	   28735 	   18 
 248909 	   31908 	   17 	   33934 	   18 
 245466 	   33087 	   16 	   31178 	   16 
 243908 	   24968 	   16 	   24248 	   17 
 246676 	   23883 	   20 	   27209 	   21 
 247100 	   40284 	   26 	   41431 	   30 
 250074 	   30784 	   21 	   36740 	   21 
 244829 	   26226 	   13 	   23742 	   13 
 250090 	   26620 	   37 	   34733 	   35 
 242813 	   19189 	   14 	   18638 	   15 
 246595 	   22089 	   19 	   26422 	   21 
 241759 	   28650 	   20 	   23475 	   21 
 245669 	   21319 	   19 	   21552 	   20 
 249321 	   17070 	   11 	   27791 	   15 
 244270 	   40863 	   25 	   34616 	   28 
 243767 	   26073 	   15 	   22175 	   16 
 247351 	   18815 	   13 	   25166 	   13 
 246761 	   22689 	   18 	   24659 	   18 
 247457 	   24975 	   17 	   29029 	   14 
 249533 	   37026 	   60 	   36041 	   56 
 249359 	   21721 	   14 	   25223 	   14 
 243989 	   37888 	   27 	   30667 	   28 
 240446 	   35039 	   67 	   25114 	   71 
 237016 	   43173 	   30 	   26557 	   32 
 249016 	   35035 	   55 	   40883 	   55 
 246612 	   23288 	   14 	   23806 	   13 
 249063 	   27551 	   22 	   32769 	   21 
 244078 	   27469 	   15 	   23889 	   15 
 249108 	   19700 	   13 	   26912 	   16 
 247505 	   25849 	   24 	   25513 	   25 
 246855 	   25462 	   12 	   24301 	   11 
 243978 	   31884 	   24 	   25837 	   26 
 242561 	   26147 	   12 	   22973 	   13 
 251074 	   34301 	   26 	   42786 	   29 
 245561 	   24489 	   15 	   26029 	   14 
 245005 	   25816 	   24 	   27892 	   24 
 246784 	   20654 	   14 	   24798 	   14 
 243539 	   27763 	   18 	   26179 	   19 
 248239 	   26601 	   17 	   31556 	   13 
 248567 	   21791 	   14 	   25704 	   15 
 244613 	   30409 	   16 	   24478 	   17 
 247597 	   33046 	   27 	   35600 	   29 
 240227 	   36571 	   28 	   23866 	   30 
 246591 	   30072 	   27 	   30807 	   29 
 246796 	   23034 	   14 	   29046 	   14 
 245299 	   24467 	   17 	   23746 	   17 
 249930 	   18029 	   14 	   23757 	   13 
 249834 	   27021 	   33 	   29608 	   34 
 248208 	   25864 	   17 	   26111 	   17 
 249534 	   27033 	   18 	   26271 	   17 
 248152 	   24408 	   23 	   23754 	   22 
 246628 	   18000 	   14 	   18575 	   13 
 247166 	   21829 	   19 	   21494 	   18 
 247475 	   27907 	   24 	   27242 	   24 
 248455 	   22530 	   22 	   22167 	   25 
 247356 	   20884 	   16 	   20257 	   15 
 248230 	   30276 	   51 	   29349 	   49 
 250795 	   22209 	   18 	   22533 	   17 
 249350 	   26295 	   14 	   25721 	   14 
 248892 	   23322 	   31 	   24322 	   32 
 245600 	   28103 	   40 	   27638 	   39 
 243733 	   21817 	   19 	   21821 	   16 
 244547 	   19511 	   15 	   20216 	   16 
 245321 	   25270 	   24 	   24168 	   24 
 245469 	   25852 	   17 	   26302 	   18 
 245788 	   23947 	   24 	   23361 	   24 
 244783 	   21092 	   17 	   21206 	   16 
 245180 	   24090 	   16 	   25198 	   16 
 244923 	   28166 	   21 	   25030 	   19 
 246730 	   21974 	   15 	   22043 	   14 
 245387 	   37075 	   48 	   35262 	   54 
 248513 	   27169 	   33 	   31329 	   30 
 249549 	   32065 	   47 	   31668 	   50 
 249053 	   18816 	   16 	   19468 	   16 
 249865 	   23492 	   20 	   23454 	   20 
 248089 	   24132 	   14 	   22340 	   13 
 247402 	   26603 	   17 	   25539 	   17 
 246967 	   22113 	   10 	   21513 	   10 
 246601 	   27527 	   17 	   27503 	   17 
 247173 	   24748 	   20 	   25229 	   21 
 246207 	   28896 	   26 	   27469 	   29 
 249053 	   24393 	   23 	   28617 	   23 
 247433 	   24889 	   17 	   25730 	   15 
 246666 	   27180 	   38 	   28464 	   41 
 245865 	   23240 	   14 	   23118 	   12 
 246271 	   25095 	   19 	   25550 	   18 
 245625 	   25364 	   22 	   24344 	   23 
 246365 	   26952 	   20 	   25738 	   18 
 247888 	   24719 	   15 	   24095 	   14 
 247673 	   24943 	   15 	   25312 	   15 
 247403 	   26756 	   22 	   26152 	   23 
 247252 	   29621 	   25 	   29324 	   24 
 245856 	   24381 	   17 	   25094 	   17 
 247115 	   22964 	   25 	   24060 	   26 
 247724 	   20982 	   16 	   21422 	   15 
 248754 	   28064 	   97 	   29467 	  108 
 247380 	   20970 	   14 	   21159 	   13 
 247562 	   23368 	   14 	   23208 	   14 
 246427 	   25207 	   19 	   26351 	   18 
 245540 	   22869 	   19 	   22829 	   19 
 244729 	   22295 	   13 	   21983 	   13 
 243442 	   31270 	   23 	   27813 	   24 
 245009 	   30174 	   18 	   30543 	   18 
 245494 	   23043 	   14 	   26354 	   14 
 243767 	   27175 	   19 	   26650 	   19 
 242124 	   23453 	   13 	   22835 	   13 
 237550 	   38774 	   45 	   29703 	   49 
 245558 	   20170 	   14 	   27796 	   13 
 241205 	   23995 	   13 	   23125 	   13 
 242873 	   36362 	   18 	   32178 	   19 
 244792 	   32312 	   21 	   30941 	   22 
 245464 	   21022 	   12 	   25413 	   12 
 242381 	   24685 	   24 	   23787 	   23 
 238553 	   23046 	   13 	   22484 	   13 
 240237 	   26065 	   25 	   24254 	   25 
 242508 	   23588 	   16 	   22986 	   16 
 243000 	   21388 	   17 	   22715 	   17 
 241975 	   31734 	   47 	   29053 	   51 
 244290 	   25854 	   14 	   29330 	   15 
 241925 	   25429 	   22 	   24411 	   22 
 238715 	   23782 	   17 	   24750 	   17 
 239826 	   21818 	   12 	   20015 	   11 
 243385 	   31322 	   25 	   27645 	   25 
 244734 	   33844 	   18 	   32047 	   18 
 246800 	   33109 	   25 	   35526 	   25 
 242353 	   23846 	   14 	   24729 	   14 
 243242 	   32209 	   18 	   30666 	   18 
 226856 	   58097 	   46 	   49470 	   50 
 221191 	   53666 	   16 	   41730 	   16 
 235818 	   28702 	   24 	   27340 	   26 
 238449 	   26823 	   20 	   23844 	   20 
 240396 	   25542 	   32 	   27037 	   33 
 237767 	   26624 	   12 	   23379 	   12 
 239651 	   34568 	   20 	   32916 	   19 
 240982 	   35974 	   29 	   36140 	   29 
 239876 	   38566 	   20 	   36903 	   18 
 259798 	   47417 	   79 	   71824 	   86 
 273173 	   65593 	   51 	   82968 	   54 
 249059 	   23056 	   18 	   23774 	   17 
 248693 	   20875 	   15 	   20861 	   15 
 246377 	   35694 	   31 	   28635 	   31 
 250014 	   40357 	   45 	   40231 	   44 
 250195 	   22192 	   15 	   23605 	   14 
 249169 	   20261 	   11 	   18557 	   11 
 253482 	   25899 	   39 	   31607 	   44 
 250471 	   22130 	   15 	   24673 	   15 
 246859 	   23201 	   13 	   17712 	   13 
 253441 	   24481 	   17 	   29881 	   17 
 250036 	   21668 	   12 	   20307 	   15 
 248546 	   28277 	   15 	   24977 	   15 
 252489 	   30294 	   33 	   33550 	   29 
 250865 	   22358 	   18 	   22740 	   17 
 249356 	   28309 	   26 	   27005 	   23 
 249971 	   27121 	   24 	   26266 	   23 
 249516 	   19386 	   17 	   19393 	   16 
 250316 	   23101 	   15 	   22335 	   13 
 250827 	   22925 	   22 	   22819 	   18 
 250474 	   29105 	   31 	   29318 	   29 
 250382 	   22319 	   20 	   22034 	   18 
 249645 	   28545 	   42 	   25845 	   37 
 250122 	   28255 	   23 	   26594 	   23 
 250458 	   27231 	   18 	   28564 	   18 
 248564 	   25176 	   15 	   22294 	   15 
 249643 	   21949 	   15 	   20998 	   15 
 249746 	   19871 	   13 	   17153 	   13 
 249559 	   26495 	   18 	   24210 	   16 
 246524 	   51712 	   85 	   41358 	   88 
 246702 	   22439 	   17 	   21930 	   16 
 249294 	   31871 	   22 	   33379 	   19 
 247091 	   32643 	   28 	   32819 	   27 
 246860 	   24143 	   18 	   26427 	   16 
 246015 	   24043 	   18 	   22274 	   16 
 249755 	   31112 	   21 	   33819 	   21 
 249344 	   28007 	   16 	   27738 	   16 
 250743 	   23281 	   16 	   24863 	   15 
 249323 	   32694 	   21 	   32385 	   20 
 249038 	   21026 	   23 	   21189 	   20 
 247598 	   24599 	   18 	   24699 	   18 
 248298 	   21249 	   14 	   23752 	   15 
 245541 	   28443 	   62 	   28030 	   73 
 245435 	   27492 	   19 	   26306 	   17 
 246633 	   28571 	   29 	   26932 	   38 
 245202 	   30036 	   18 	   28342 	   16 
 249469 	   27348 	   21 	   31530 	   19 
 248142 	   30957 	   34 	   29031 	   33 
 246654 	   24012 	   16 	   24963 	   15 
 246480 	   24962 	   21 	   23108 	   21 
 248415 	   43017 	   29 	   42121 	   27 
 248493 	   28106 	   24 	   27300 	   23 
 248840 	   23730 	   19 	   25626 	   19 
 249579 	   21210 	   15 	   25925 	   14 
 257172 	   38599 	   50 	   49187 	   49 
 250956 	   31260 	   14 	   33911 	   14 
 247915 	   26416 	   13 	   23872 	   13 
 249907 	   27482 	   29 	   28171 	   29 
 248978 	   23669 	   16 	   24153 	   14 
 248365 	   25730 	   21 	   30107 	   21 
 245797 	   31261 	   14 	   24033 	   14 
 250397 	   25012 	   13 	   32003 	   13 
 246756 	   49827 	   25 	   43934 	   24 
 247028 	   22308 	   21 	   26195 	   22 
 243379 	   25784 	   20 	   20037 	   16 
 244767 	   36792 	   23 	   28353 	   23 
 245968 	   30961 	   25 	   25862 	   25 
 248416 	   24509 	   20 	   23641 	   20 
 248501 	   31509 	   15 	   32995 	   14 
 246795 	   41776 	   43 	   39030 	   38 
 246433 	   26337 	   15 	   26036 	   14 
 249211 	   35784 	   34 	   37999 	   34 
 248814 	   35599 	   16 	   37636 	   15 
 250212 	   35285 	   33 	   39300 	   33 
 245382 	   22672 	   20 	   24078 	   20 
 243751 	   23457 	   17 	   18900 	   17 
 246128 	   27434 	   20 	   24397 	   20 
 247591 	   38677 	   25 	   38669 	   25 
 248372 	   38160 	   22 	   41062 	   21 
 246052 	   28453 	   16 	   27052 	   16 
 245394 	   44625 	   25 	   39669 	   25 
 247060 	   45881 	   30 	   42173 	   31 
 246263 	   31576 	   16 	   32768 	   15 
 246437 	   33744 	   20 	   33574 	   19 
 246622 	   29803 	   20 	   29527 	   20 
 247876 	   30959 	   20 	   30883 	   20 
 248973 	   40325 	  102 	   41043 	  101 
 247722 	   24571 	   18 	   24179 	   16 
 247872 	   22002 	   19 	   22512 	   12 
 248759 	   32462 	   30 	   33643 	   30 
 249095 	   37779 	   40 	   38599 	   47 
 248355 	   23367 	   14 	   23282 	   14 
 248554 	   20455 	   11 	   21082 	   10 
 249688 	   30047 	   30 	   30427 	   30 
 248507 	   23825 	   13 	   24076 	   13 
 248529 	   21369 	   12 	   22007 	   12 
 249270 	   25013 	   26 	   25600 	   23 
 249261 	   21934 	   12 	   22476 	   15 
 248577 	   28987 	   16 	   27378 	   17 
 249993 	   33970 	   27 	   34835 	   21 
 248258 	   23323 	   15 	   23930 	   13 
 248372 	   29685 	   30 	   30687 	   31 
 247834 	   30375 	   22 	   29423 	   22 
 246988 	   22053 	   13 	   21910 	   13 
 248905 	   29059 	   17 	   31223 	   14 
 246238 	   24118 	   20 	   20943 	   11 
 245309 	   35011 	   30 	   31014 	   33 
 248329 	   23480 	   18 	   23394 	   17 
 247590 	   31889 	   41 	   27951 	   40 
 249534 	   27588 	   23 	   28819 	   23 
 248984 	   28702 	   18 	   29583 	   15 
 247871 	   24964 	   14 	   25640 	   16 
 246985 	   20525 	   11 	   20217 	   11 
 248470 	   27294 	   21 	   26098 	   20 
 247226 	   31506 	   18 	   27208 	   17 
 250708 	   47522 	  103 	   50283 	  110 
 248050 	   23720 	   14 	   25097 	   14 
 245477 	   36745 	   20 	   31864 	   21 
 248006 	   35053 	   26 	   36994 	   25 
 244313 	   27020 	   18 	   23469 	   18 
 248507 	   20979 	   16 	   26574 	   14 
 245770 	   39707 	   25 	   33449 	   25 
 249632 	   28150 	   15 	   30591 	   15 
 249206 	   23191 	   13 	   25692 	   13 
 248763 	   38128 	   26 	   38898 	   24 
 246637 	   21822 	   12 	   26109 	   17 
 244411 	   33734 	   23 	   30970 	   24 
 243861 	   26146 	   14 	   22254 	   14 
 242959 	   33475 	   48 	   31249 	   47 
 247041 	   36822 	   21 	   40574 	   20 
 244031 	   45322 	   29 	   44398 	   29 
 243205 	   27518 	   16 	   29075 	   16 
 244729 	   36600 	   22 	   36182 	   24 
 244769 	   38244 	   36 	   37128 	   34 
 246902 	   25683 	   18 	   32036 	   18 
 252166 	   36665 	   29 	   50445 	   27 
 245735 	   29487 	   17 	   33775 	   18 
 241809 	   37337 	   23 	   31605 	   22 
 240784 	   38764 	   18 	   32688 	   20 
 242104 	   29671 	   13 	   25268 	   14 
 248856 	   52149 	   56 	   50395 	   54 
 247983 	   35730 	   15 	   39409 	   15 
 245566 	   29986 	   10 	   29084 	   10 
 245487 	   34873 	   22 	   33629 	   21 
 245606 	   27390 	   17 	   26873 	   16 
 245499 	   30678 	   22 	   37277 	   22 
 243006 	   30670 	   13 	   30812 	   13 
 243208 	   34233 	   13 	   34220 	   13 
 245035 	   45919 	   25 	   47977 	   25 
 242091 	   33038 	   20 	   35165 	   18 
 240244 	   30211 	   15 	   30380 	   15 
 237580 	   52388 	   24 	   36376 	   24 
 244709 	   41399 	   47 	   39513 	   47 
 245311 	   33048 	   14 	   42883 	   14 
 252581 	   47021 	   27 	   59754 	   25 
 244215 	   32899 	   15 	   37841 	   14 
 242267 	   45105 	   31 	   44891 	   33 
 239920 	   32487 	   21 	   37187 	   22 
 232993 	   54151 	   29 	   30659 	   19 
 247906 	   32503 	   17 	   52472 	   25 
 243734 	   32074 	   19 	   39197 	   19 
 235567 	   55321 	   26 	   41774 	   26 
 240288 	   37339 	   13 	   39683 	   12 
 237452 	   54629 	   19 	   46236 	   21 
 236852 	   55631 	   30 	   32258 	   27 
 247556 	   25968 	   17 	   26901 	   18 
 248678 	   28374 	   16 	   36478 	   16 
 241214 	   57280 	   23 	   43345 	   26 
 247049 	   23308 	   17 	   26111 	   13 
 241391 	   34858 	   19 	   28009 	   19 
 248898 	   35006 	   18 	   36586 	   18 
 245917 	   27888 	   18 	   21223 	   17 
 242672 	   79868 	  121 	   55879 	  124 
 249763 	   37221 	   19 	   35108 	   19 
 248741 	   38792 	   18 	   34015 	   18 
 254419 	   44897 	   37 	   49331 	   41 
 249021 	   27016 	   20 	   27838 	   21 
 248654 	   23507 	   22 	   22394 	   18 
 249046 	   30014 	   29 	   28427 	   28 
 249788 	   31464 	   19 	   30688 	   18 
 250097 	   39389 	   16 	   38643 	   16 
 249617 	   34077 	   13 	   35209 	   13 
 251442 	   41153 	   33 	   40108 	   35 
 249461 	   32127 	   16 	   31774 	   16 
 249878 	   32624 	   19 	   32847 	   18 
 250073 	   27228 	   17 	   27905 	   17 
 250873 	   31372 	   25 	   29200 	   26 
 249522 	   53361 	   44 	   46548 	   47 
 248410 	   38393 	   22 	   34324 	   22 
 248923 	   25803 	   12 	   28523 	   13 
 248901 	   36543 	   14 	   34799 	   17 
 251263 	   35341 	   24 	   35354 	   25 
 246928 	   25519 	   18 	   27461 	   18 
 250411 	   31010 	   24 	   34910 	   24 
 248813 	   55513 	   31 	   51334 	   31 
 252199 	   27946 	   16 	   32964 	   12 
 246628 	   30504 	   17 	   25297 	   17 
 253282 	   38347 	   21 	   46419 	   21 
 251866 	   28310 	   15 	   34535 	   14 
 255938 	   42272 	   62 	   49512 	   66 
 246741 	   38444 	   31 	   31595 	   32 
 247918 	   39089 	   18 	   36789 	   18 
 249044 	   38502 	   16 	   35506 	   16 
 250170 	   40767 	   16 	   42791 	   16 
 248356 	   53268 	   25 	   47630 	   24 
 250311 	   33381 	   18 	   30085 	   18 
 246824 	   31338 	   16 	   31909 	   16 
 254579 	   40007 	   20 	   48384 	   20 
 252136 	   30251 	   18 	   34003 	   17 
 250817 	   32733 	   30 	   39092 	   31 
 247963 	   30850 	   16 	   30931 	   17 
 257858 	   41825 	   37 	   56232 	   38 
 256193 	   31389 	   61 	   41710 	   73 
