% num_local_points | num_send_points | num_send_procs | num_recv_points | num_recv_procs 
1239762 	  296315 	   14 	  882486 	   18 
 792234 	  733636 	   11 	 1275530 	   22 
 257072 	 1278483 	   18 	 1586347 	   19 
  13993 	 1524323 	   16 	 1898925 	   13 
   5720 	 1506066 	   10 	 1989994 	   12 
  88974 	 1465198 	   11 	 1915883 	   21 
     16 	 1533915 	   13 	 1710662 	   30 
      0 	 1539258 	   16 	 2047500 	   20 
  53948 	 1496352 	   25 	 2055544 	   19 
    150 	 1484554 	   15 	 2138894 	   26 
     25 	 1522726 	   19 	 2047418 	   17 
      1 	 1532617 	   13 	 2068615 	   30 
      7 	 1547574 	   20 	 2085224 	   17 
      0 	 1499911 	   13 	 2038544 	   18 
    983 	 1522977 	   24 	 2063850 	   15 
     11 	 1507423 	   12 	 2031169 	   17 
    194 	 1533129 	   15 	 2072789 	   53 
      0 	 1487086 	   10 	 2116487 	   19 
      0 	 1530843 	   16 	 2148858 	   25 
      0 	 1506039 	   13 	 2040163 	   21 
      0 	 1496893 	   16 	 2061953 	   19 
      0 	 1461373 	   15 	 2071269 	   29 
     61 	 1519167 	   49 	 2123467 	   17 
      0 	 1514995 	   11 	 1970488 	   28 
      0 	 1545192 	   15 	 2058407 	   15 
      0 	 1516714 	   17 	 2060867 	   17 
     18 	 1493400 	   16 	 2054828 	   38 
      0 	 1492841 	   12 	 2062002 	   23 
      0 	 1536932 	   27 	 2035404 	   17 
      0 	 1522265 	   11 	 2044611 	   30 
      0 	 1526083 	   15 	 2022377 	   24 
      4 	 1492981 	   11 	 1617345 	   64 
      0 	 1493202 	   35 	  436499 	    5 
      0 	 1503605 	   14 	  378599 	    9 
      0 	 1484459 	   15 	  847400 	   16 
      0 	 1481096 	   35 	 1235147 	   13 
      0 	 1487361 	   11 	 1389502 	   17 
      0 	 1492579 	   27 	  339363 	   11 
      0 	 1481900 	   13 	  676472 	   21 
      0 	 1487081 	   28 	  976477 	   10 
      0 	 1470473 	   12 	  995957 	   20 
      0 	 1463873 	   25 	  455349 	   13 
      0 	 1460166 	   14 	  349418 	    8 
      0 	 1589979 	   67 	 1425427 	   13 
      0 	 1537496 	   19 	 1398973 	   19 
      0 	 1502813 	   12 	  985069 	    9 
    162 	 1581085 	   29 	  477831 	   16 
    818 	 1591873 	   27 	  535290 	   25 
      8 	 1566417 	   21 	  919157 	   29 
      0 	 1503941 	    9 	  817760 	   11 
      0 	 1546915 	   22 	 1595162 	   30 
    340 	 1597079 	   42 	 1959190 	   41 
      0 	 1570009 	   35 	 1521349 	   19 
   4235 	 1597682 	   37 	 1143602 	   18 
  14263 	 1551840 	   17 	 1953708 	   17 
     24 	 1635404 	   23 	 1985640 	   13 
   1051 	 1488271 	    9 	 1527339 	   32 
     58 	 1503421 	   13 	  884710 	   11 
    141 	 1495556 	    9 	  778586 	   10 
    181 	 1627028 	   28 	  763856 	   20 
      0 	 1581073 	   18 	 1904067 	   17 
  24177 	 1481837 	   27 	 1035464 	   17 
  72848 	 1525158 	   23 	 1641911 	   12 
    571 	 1563144 	   17 	 2019181 	   13 
  27548 	 1442904 	    9 	 2009430 	   25 
  25957 	 1473305 	   19 	 1734984 	   40 
  17165 	 1455827 	    8 	 1239172 	   11 
     35 	 1485263 	   40 	  736850 	   14 
  22856 	 1522293 	   13 	 1378863 	   34 
    151 	 1499483 	   39 	 1890600 	   17 
  33930 	 1430763 	   13 	 1802722 	   25 
   9338 	 1468924 	   18 	 2087760 	   28 
      0 	 1502571 	   36 	 1783080 	   18 
  39993 	 1464166 	   18 	 1727716 	   15 
    214 	 1532349 	   14 	 1127330 	   28 
   7373 	 1514203 	   16 	 2032308 	   10 
  23094 	 1551168 	   32 	  886959 	   13 
     24 	 1507673 	   11 	  636544 	   11 
  96000 	 1427138 	   15 	 1802501 	   26 
  15815 	 1546017 	   33 	 1682125 	   17 
      2 	 1489752 	   17 	 1468606 	   14 
  69189 	 1452322 	   24 	 1753266 	   43 
      0 	 1548764 	   19 	 1767898 	   18 
     35 	 1558552 	   35 	 1086526 	   12 
  11743 	 1537131 	   18 	 1740139 	   19 
    223 	 1645025 	   20 	 2002597 	   12 
   5488 	 1484428 	   10 	 1749521 	   19 
   1071 	 1500906 	   12 	 1126295 	   30 
    125 	 1494095 	   10 	  782728 	   10 
  19932 	 1609291 	   28 	  563908 	   11 
  95783 	 1481971 	   20 	 1541045 	   15 
 101459 	 1390938 	   19 	 1545651 	   19 
   8076 	 1554817 	   22 	 2018263 	   13 
    316 	 1472076 	    9 	 1309069 	   29 
  69879 	 1451376 	   24 	 1689086 	   15 
    266 	 1565359 	   17 	 2027143 	   15 
     63 	 1482428 	   11 	 1145517 	   45 
  17140 	 1475809 	   45 	 1163853 	   15 
  79517 	 1464047 	   13 	  731894 	   18 
 460145 	 1037307 	   26 	 1498827 	   11 
 124925 	 1341516 	   11 	 1614005 	   16 
 104416 	 1378215 	   20 	 2007327 	   33 
      0 	 1506688 	   34 	 1893024 	   16 
  62057 	 1442975 	   19 	 1912335 	   15 
   1994 	 1530777 	   13 	  878403 	   14 
  19095 	 1501775 	   13 	 1999931 	   29 
  20033 	 1560639 	   32 	 2042172 	   32 
     22 	 1512754 	   11 	 2070825 	   16 
      8 	 1513887 	   33 	  765507 	   17 
      4 	 1496337 	   18 	  696319 	   11 
     15 	 1519043 	   20 	 1144603 	   18 
 115045 	 1465833 	   18 	 1573323 	   14 
  42768 	 1507293 	   18 	 1968148 	   47 
      0 	 1551575 	   31 	 1231975 	   16 
    557 	 1497184 	   13 	  949869 	   16 
    294 	 1565801 	   19 	  861206 	   42 
     96 	 1599804 	   21 	  634152 	   10 
 279980 	 1295672 	   37 	  848787 	   17 
 666279 	  861868 	   23 	  262328 	   16 
 527355 	 1061546 	   20 	   48148 	   10 
 101617 	 1467994 	   15 	  730478 	   15 
    553 	 1575048 	   41 	 1380034 	   10 
  26355 	 1496411 	   15 	  588051 	   39 
  80332 	 1454064 	   20 	 2028644 	   17 
  73154 	 1450998 	   12 	 2034508 	   20 
 558959 	 1008777 	   22 	 1520165 	   12 
 916143 	  613817 	   11 	 1175068 	   23 
1301394 	  272333 	   23 	  800676 	   24 
