% num_local_points | num_send_points | num_send_procs | num_recv_points | num_recv_procs 
1699210 	  381693 	   15 	  395900 	   15 
1697916 	  412504 	   19 	  352033 	   18 
1672760 	  417535 	   16 	  321698 	   16 
1769130 	  284787 	   10 	  120990 	   12 
1685566 	  388615 	    9 	  435485 	   11 
1596572 	  533981 	   18 	  514803 	   19 
1759921 	  354458 	   27 	  748051 	   29 
1760980 	  315438 	   20 	  284959 	   17 
1767399 	  312379 	   15 	  307783 	   13 
1749287 	  341600 	   21 	  379491 	   21 
1811346 	  249345 	   18 	  248566 	   15 
1648002 	  467692 	   25 	  347861 	   24 
1766615 	  312815 	   16 	  240503 	   16 
1868713 	  198818 	   15 	  402925 	   16 
1872706 	  179731 	   12 	  199182 	   12 
1799296 	  256502 	   15 	  121352 	   13 
1835792 	  247227 	   50 	  326926 	   50 
1722019 	  355206 	   14 	  329315 	   14 
1682712 	  436186 	   19 	  477603 	   20 
1807854 	  251928 	   18 	  265895 	   17 
1802292 	  252969 	   19 	  248151 	   16 
1669213 	  406612 	   25 	  320156 	   24 
1764272 	  265984 	   16 	  278824 	   17 
1800838 	  232609 	   34 	  337276 	   29 
1857664 	  182887 	   14 	  187731 	   13 
1791884 	  245511 	   16 	  187570 	   14 
1841688 	  209086 	   37 	  210080 	   40 
1833401 	  213916 	   26 	  229907 	   18 
1865568 	  172114 	   14 	  168335 	   15 
1824314 	  209318 	   32 	  161009 	   27 
1828311 	  194922 	   27 	  181679 	   21 
1671045 	  398730 	   63 	  117514 	   68 
1667411 	  396109 	   12 	  212256 	    8 
1873443 	  200091 	   15 	  258902 	   14 
1650475 	  413992 	   17 	  240318 	   17 
1862468 	  172973 	   16 	  117982 	   16 
1884255 	  184505 	   20 	  418841 	   21 
1596740 	  459739 	   24 	  433236 	   18 
1669935 	  398426 	   24 	  437259 	   22 
1736078 	  304480 	   13 	  328799 	   14 
1674202 	  379989 	   27 	  243508 	   26 
1812286 	  253461 	   23 	  420212 	   18 
1644117 	  406793 	   12 	  452368 	   13 
1693706 	  345873 	   15 	  209556 	   14 
1832177 	  222829 	   21 	  302332 	   24 
1723409 	  317857 	   13 	  340285 	   15 
1685567 	  362759 	   38 	  421450 	   26 
1589289 	  445527 	   34 	  492371 	   28 
1630917 	  392972 	   36 	  477987 	   32 
1725657 	  287976 	   13 	  364960 	   12 
1751681 	  286677 	   29 	  453757 	   33 
1756726 	  428462 	   42 	  422266 	   44 
1800832 	  282000 	   16 	  240191 	   17 
1806539 	  277766 	   17 	  389198 	   18 
1919191 	  134269 	   14 	  206542 	   14 
1873141 	  153097 	   10 	  170232 	    9 
1576533 	  513085 	   28 	  269041 	   34 
1587519 	  466135 	   10 	  393131 	   12 
1665872 	  391290 	   13 	  613762 	   10 
1615436 	  434013 	   23 	  432248 	   24 
1902392 	  142924 	   17 	  205418 	   18 
1714733 	  350742 	   22 	  220482 	   18 
1725046 	  323969 	   14 	  369568 	   12 
1927927 	  102442 	   11 	  117174 	   11 
1707162 	  344198 	   19 	  337323 	   22 
1609129 	  449151 	   41 	  398938 	   47 
1592205 	  432411 	   12 	  405170 	   12 
1493873 	  529124 	   15 	  443871 	   16 
1373217 	  649528 	   37 	  400227 	   42 
1366751 	  681120 	   19 	  336223 	   19 
1815623 	  275371 	   28 	  767752 	   27 
1852159 	  218867 	   27 	  310030 	   27 
1653892 	  423192 	   18 	  348937 	   22 
1652638 	  425207 	   15 	  484424 	   17 
1715134 	  362428 	   31 	  569114 	   34 
1614929 	  445618 	   13 	  391294 	   11 
1383962 	  694686 	   12 	  482360 	   12 
1529905 	  532209 	   13 	  798230 	   15 
1705847 	  343920 	   32 	  434230 	   33 
1559052 	  516115 	   24 	  300366 	   22 
1712635 	  362540 	   18 	  445989 	   15 
1822761 	  284567 	   41 	  590274 	   44 
1751674 	  313559 	   17 	  266488 	   18 
1816596 	  249039 	   13 	  366331 	   13 
1803222 	  257632 	   17 	  318132 	   17 
1890302 	  159320 	   12 	  236937 	   12 
1739065 	  335222 	   24 	  258762 	   21 
1590395 	  489965 	   26 	  404207 	   33 
1523362 	  533752 	    9 	  530348 	   11 
1483279 	  559788 	   14 	  538139 	   12 
1763607 	  289277 	   20 	  399224 	   16 
1718643 	  340759 	   22 	  223300 	   19 
1920515 	  109715 	   10 	  125086 	   11 
1621126 	  463743 	   24 	  410027 	   26 
1717852 	  331976 	   16 	  466393 	   16 
1739225 	  302878 	   15 	  324931 	   15 
1515196 	  539911 	   45 	  401923 	   51 
1393394 	  649424 	   18 	  543537 	   19 
1328644 	  704653 	   20 	  541098 	   19 
1680484 	  337921 	   11 	  331885 	   12 
1343985 	  703430 	   20 	  301926 	   19 
1928197 	  238522 	   39 	  895885 	   39 
1827293 	  236904 	   15 	  186013 	   20 
1672035 	  402491 	   19 	  335574 	   17 
1687201 	  390919 	   17 	  488008 	   14 
1667368 	  405613 	   32 	  553375 	   37 
1602647 	  464668 	   34 	  446183 	   38 
1749037 	  310140 	   18 	  244448 	   17 
1445212 	  638276 	   18 	  430787 	   19 
1587525 	  479559 	   12 	  730889 	   13 
1526284 	  555775 	   19 	  552210 	   20 
1756264 	  307434 	   14 	  443830 	   14 
1835408 	  250743 	   38 	  347730 	   45 
1879534 	  184976 	   16 	  267235 	   15 
1616814 	  454635 	   18 	  230764 	   20 
1557617 	  531786 	   36 	  474701 	   44 
1543851 	  532244 	   12 	  618919 	   12 
1500156 	  565376 	   17 	  371122 	   19 
1673072 	  406914 	   20 	  639905 	   19 
1627141 	  453697 	   13 	  585963 	   12 
1557420 	  539000 	   17 	  568952 	   17 
1556089 	  495261 	   15 	   87021 	   11 
1366930 	  728581 	   40 	  190800 	   41 
1711950 	  386729 	   15 	  353123 	   15 
1776587 	  342462 	   20 	  415279 	   20 
1766709 	  334267 	   13 	  442473 	   12 
1635328 	  506138 	   22 	  524568 	   21 
1648704 	  459159 	   23 	  376437 	   24 
