% num_local_points | num_send_points | num_send_procs | num_recv_points | num_recv_procs 
 998858 	   62036 	   23 	   52392 	   24 
1003439 	   59594 	   16 	   57507 	   16 
1005883 	   49073 	   14 	   50805 	   15 
 984090 	   91616 	   25 	   63667 	   25 
 989094 	   63683 	   18 	   58742 	   18 
 986831 	   75041 	   25 	   55837 	   24 
 986432 	   62352 	   18 	   45976 	   18 
 982496 	   53750 	   16 	   41439 	   16 
 991132 	   78910 	   18 	   61770 	   18 
 996324 	   69567 	   10 	   75188 	   10 
1011161 	  108850 	   25 	  128824 	   25 
 995192 	   63901 	   11 	   74150 	   11 
1009384 	   85262 	   42 	  102776 	   42 
 991570 	   66549 	   21 	   64710 	   20 
 989316 	   46637 	   19 	   46343 	   19 
 998817 	   68117 	   25 	   72321 	   26 
 995815 	   68060 	   16 	   65281 	   15 
1002661 	   67045 	   21 	   71555 	   17 
1000618 	   64484 	   26 	   69684 	   25 
 991915 	   50503 	   21 	   54035 	   21 
 992853 	   53805 	   16 	   55010 	   16 
 992207 	   50627 	   20 	   52527 	   15 
 977358 	  115341 	   36 	   82888 	   37 
 993087 	   58768 	   13 	   62179 	   13 
 991542 	   52727 	   14 	   59147 	   14 
 974564 	   92871 	   23 	   82249 	   23 
 982984 	   59976 	   17 	   61659 	   17 
 997507 	   75584 	   22 	   91137 	   22 
 969602 	   67909 	   15 	   56196 	   15 
 989852 	   51513 	   16 	   59650 	   16 
 982081 	   66338 	   19 	   78356 	   19 
 964383 	   63345 	   15 	   44772 	   15 
 994759 	   71111 	   73 	   87302 	   74 
 992807 	   41092 	   21 	   35932 	   17 
 998369 	   45980 	   16 	   52409 	   22 
 998552 	   57780 	   16 	   53378 	   15 
1004718 	   82828 	   24 	   87169 	   21 
 992524 	   88604 	   25 	   86171 	   24 
 991270 	   50704 	   17 	   51209 	   16 
 990989 	   46705 	   23 	   51438 	   24 
 993339 	   52150 	   16 	   54456 	   16 
 992047 	   45225 	   25 	   44597 	   22 
 997532 	   78522 	   35 	   70233 	   36 
 991742 	   39427 	   14 	   43820 	   14 
 974917 	   75943 	   15 	   61007 	   13 
 993224 	   64408 	   24 	   78242 	   23 
 983798 	   45182 	   15 	   46540 	   15 
 980594 	   60531 	   49 	   54773 	   42 
 975033 	   48471 	   14 	   51743 	   12 
 982280 	   74630 	   18 	   68568 	   17 
 984001 	   63758 	   19 	   73909 	   19 
 974051 	   35487 	   14 	   35840 	   15 
 981677 	   32387 	   18 	   33017 	   16 
 998672 	   43701 	   54 	   45592 	   56 
 989599 	   51470 	   16 	   52686 	   17 
 986369 	   60838 	   36 	   67403 	   29 
 982550 	   49942 	   14 	   45987 	   14 
 981981 	   43416 	   15 	   52367 	   15 
 980507 	   59052 	   37 	   51594 	   38 
 978967 	   42048 	   17 	   42738 	   17 
 985410 	   39401 	   32 	   38566 	   27 
 972742 	   30760 	   11 	   38431 	   11 
 978676 	   52273 	   19 	   55791 	   20 
 998565 	   72616 	   84 	   81040 	   95 
1003346 	   44916 	   14 	   55759 	   15 
 999237 	   57039 	   14 	   56253 	   14 
 995878 	   52857 	   13 	   50587 	   13 
 999152 	   57169 	   19 	   57224 	   21 
 994171 	   59903 	   24 	   64675 	   26 
 988227 	   56708 	   13 	   62779 	   14 
 981818 	   59546 	   23 	   60037 	   23 
 978608 	   48519 	   12 	   51999 	   12 
 982290 	   46096 	   13 	   48018 	   13 
 985931 	   71196 	   24 	   61376 	   28 
 990939 	   52360 	   29 	   55815 	   25 
 989149 	   58418 	   16 	   56583 	   16 
 982388 	   58846 	   26 	   54916 	   17 
 983229 	   58226 	   25 	   58351 	   28 
 985242 	   55521 	   18 	   54182 	   19 
 983051 	   51668 	   17 	   52272 	   15 
 986926 	   57999 	   32 	   60720 	   33 
 983732 	   56376 	   15 	   60356 	   15 
 987070 	   65424 	   21 	   66273 	   23 
 987410 	   65885 	   31 	   60099 	   29 
 990008 	   55763 	   14 	   54078 	   15 
 985539 	   50275 	   15 	   50829 	   13 
 975804 	   54751 	   18 	   55049 	   18 
 977915 	   55001 	   16 	   58368 	   15 
 981787 	   66409 	   24 	   66311 	   31 
 980742 	   60366 	   28 	   61481 	   28 
 976812 	   58312 	   15 	   57123 	   17 
 985747 	   53133 	   14 	   55437 	   15 
 983694 	   61544 	   49 	   57522 	   39 
 976921 	   55119 	   20 	   52012 	   20 
 971765 	   45042 	   16 	   44953 	   11 
 972842 	   53790 	   37 	   54134 	   36 
 969622 	   53164 	   18 	   58181 	   16 
 970599 	   51812 	   43 	   52354 	   40 
 968673 	   50489 	   18 	   58488 	   17 
 978102 	   48952 	   16 	   49655 	   13 
 971968 	   87086 	   34 	  141192 	   42 
 972773 	   43596 	   19 	   46061 	   17 
 977923 	  158732 	   53 	   96528 	   51 
 993472 	   70091 	   23 	   70432 	   23 
 995783 	   52942 	   15 	   52197 	   13 
 993291 	   61488 	   19 	   63661 	   19 
 995274 	   60535 	   17 	   60088 	   18 
 995520 	   62993 	   26 	   72632 	   27 
 983368 	   59658 	   16 	   59444 	   16 
 991448 	   56645 	   20 	   70068 	   20 
 975281 	   46677 	   12 	   43647 	   12 
 986051 	   48193 	   14 	   57223 	   14 
 994791 	   59642 	   27 	   68014 	   30 
 974211 	  106244 	   40 	   76958 	   46 
 990282 	   48662 	   13 	   56169 	   13 
 985045 	   58548 	   13 	   49167 	   16 
 988169 	   54972 	   16 	   68362 	   15 
 989564 	   46363 	   13 	   55284 	   13 
 978289 	   63041 	   19 	   51300 	   20 
 992497 	   52711 	   34 	   63754 	   36 
 986284 	   48749 	   15 	   46530 	   14 
 986190 	   56084 	   23 	   56336 	   22 
 994872 	   57172 	   27 	   58091 	   24 
 992734 	   46396 	   13 	   45653 	   13 
 987794 	   52833 	   14 	   52922 	   13 
 981055 	   54618 	   21 	   55728 	   21 
 977871 	   49214 	   15 	   48914 	   15 
 983665 	   45945 	   12 	   43188 	   12 
 986332 	   63629 	   26 	   66646 	   30 
 980390 	   47289 	   13 	   47307 	   13 
 987526 	   51513 	   16 	   50457 	   14 
 988726 	   58898 	   52 	   60370 	   59 
 982926 	   45241 	   12 	   47457 	   13 
 977709 	   48747 	   17 	   47683 	   18 
 969503 	   52962 	   20 	   50519 	   21 
 976570 	   50339 	   21 	   51124 	   21 
 964781 	   59779 	   47 	   54314 	   52 
 967050 	   46629 	   12 	   47256 	   12 
 975183 	   51391 	   19 	   51196 	   17 
 931758 	  116359 	   21 	   94423 	   21 
 959741 	   54011 	   23 	   51940 	   23 
1003532 	   90440 	   42 	  131692 	   41 
 994245 	   71215 	   35 	   54494 	   34 
 998144 	   56114 	   25 	   62372 	   25 
 996690 	   54596 	   11 	   54358 	   11 
 997574 	   61019 	   25 	   60996 	   29 
 995503 	   43831 	   16 	   45185 	   15 
 994779 	   68380 	   22 	   60187 	   21 
 994428 	   53830 	   16 	   51555 	   15 
 988749 	   78905 	   45 	   66593 	   48 
 995774 	   50193 	   18 	   51224 	   16 
 988907 	   55789 	   16 	   59939 	   15 
 997853 	   68562 	   20 	   80337 	   20 
 992209 	   64917 	   15 	   63526 	   15 
 987377 	   72638 	   20 	   68863 	   21 
 984145 	   71500 	   17 	   63252 	   18 
 983542 	   61951 	   41 	   55045 	   42 
 986734 	   55353 	   23 	   56413 	   22 
 989609 	   66131 	   21 	   65105 	   19 
 993151 	   81252 	   28 	   94984 	   23 
 978841 	   75738 	   24 	   64906 	   21 
 990736 	   62873 	   19 	   67134 	   18 
 985289 	   72933 	   21 	   66105 	   21 
 998878 	   68077 	   62 	   73589 	   64 
1000382 	   53278 	   22 	   53950 	   21 
 999846 	   70569 	   19 	   69536 	   20 
1002809 	   56448 	   12 	   58635 	   12 
1003564 	   49674 	   19 	   52180 	   19 
1001473 	   54852 	   26 	   61444 	   26 
 991175 	   48317 	   14 	   50901 	   14 
 994599 	   47736 	   19 	   57446 	   19 
 990502 	   33971 	   14 	   44145 	   14 
 988783 	   47328 	   13 	   45635 	   15 
 998194 	   63242 	   37 	   62572 	   31 
 985380 	   88492 	   38 	   68043 	   46 
 998783 	   47347 	   16 	   54584 	   14 
 996295 	   43989 	   14 	   44116 	   14 
 990492 	   49425 	   12 	   54080 	   12 
 996003 	   43180 	   16 	   49301 	   16 
 986986 	   50267 	   19 	   44177 	   20 
 999480 	   46060 	   23 	   53736 	   23 
 991772 	   41223 	   15 	   40644 	   15 
 996268 	   49560 	   29 	   48097 	   25 
 992050 	   59690 	   21 	   58913 	   21 
 988099 	   38713 	   14 	   38825 	   14 
 988337 	   40991 	   12 	   39044 	   12 
 998573 	   61929 	   30 	   63372 	   34 
 997477 	   53127 	   11 	   49343 	   11 
 996031 	   49560 	   16 	   53521 	   16 
 991309 	   50412 	   19 	   52612 	   19 
 992598 	   48365 	   15 	   46312 	   15 
 991486 	   48807 	   18 	   49955 	   18 
 995832 	   48701 	   60 	   50563 	   69 
 987066 	   48527 	   16 	   45873 	   16 
 984122 	   36592 	   11 	   40491 	   11 
 977047 	   57055 	   24 	   51207 	   26 
 979336 	   50595 	   15 	   52120 	   15 
 975898 	   55847 	   30 	   51578 	   31 
 972700 	   39211 	   11 	   40646 	   11 
 984474 	   42065 	   16 	   40300 	   16 
 937151 	  116100 	   25 	   95047 	   26 
 968897 	   58766 	   17 	   52318 	   17 
1028588 	  107324 	   48 	  141552 	   50 
 996838 	   47179 	   24 	   41520 	   24 
1005657 	   50780 	   20 	   58131 	   24 
1001438 	   47005 	   11 	   43198 	   11 
1005394 	   60609 	   24 	   61649 	   20 
1002346 	   39619 	   18 	   40083 	   17 
1002241 	   57811 	   24 	   53736 	   21 
 997960 	   53132 	   15 	   45377 	   14 
 994038 	   64902 	   47 	   55061 	   50 
 995088 	   54389 	   15 	   57502 	   14 
 998927 	   57528 	   17 	   59306 	   15 
 987465 	   53553 	   40 	   52273 	   44 
 990700 	   51878 	   23 	   54453 	   21 
 992938 	   56203 	   18 	   55464 	   16 
1008097 	   57589 	   26 	   72520 	   26 
 996481 	   57991 	   19 	   57285 	   19 
 991595 	   44906 	   16 	   45043 	   16 
 989658 	   81108 	   18 	   67226 	   18 
 994490 	   87167 	   26 	   88718 	   27 
 985756 	   56359 	   15 	   54377 	   15 
 989487 	   54972 	   16 	   52507 	   16 
 989625 	   66317 	   15 	   62220 	   15 
 997844 	   63662 	   50 	   63191 	   49 
1001022 	   50612 	   20 	   52660 	   25 
1002727 	   51598 	   22 	   53642 	   21 
1003667 	   35548 	   13 	   36425 	    8 
1001195 	   53706 	   17 	   55738 	   17 
 996679 	   69562 	   24 	   58452 	   25 
1000396 	   36845 	   15 	   39458 	   15 
1000518 	   81900 	   50 	   79776 	   57 
 989962 	   52982 	   15 	   53066 	   15 
1000367 	   64023 	   17 	   62529 	   15 
 986873 	   65165 	   22 	   61192 	   25 
 988297 	   50001 	   18 	   55105 	   19 
1000475 	   66412 	   19 	   86143 	   17 
 983165 	   93333 	   29 	   76128 	   29 
 998597 	   47399 	   14 	   49104 	   11 
 993907 	   57071 	   17 	   64984 	   17 
 981039 	   79796 	   25 	   65141 	   24 
 999806 	   61013 	   21 	   86162 	   20 
 985327 	   67254 	   14 	   77370 	   14 
 968319 	   98656 	   19 	   57301 	   19 
 992733 	   50391 	   12 	   48785 	   13 
 981687 	  113050 	   60 	   77173 	   62 
1002464 	   69749 	   21 	   69291 	   21 
 998208 	   69546 	   20 	   67290 	   19 
1001609 	   77158 	   18 	   75739 	   18 
1000938 	   96085 	   30 	   85212 	   31 
 998742 	   58787 	   16 	   62754 	   16 
1001803 	   77170 	   20 	   77949 	   20 
1009673 	  100720 	   35 	  110833 	   35 
 997278 	   66561 	   17 	   59265 	   17 
1006933 	   58188 	   11 	   68827 	   11 
1013717 	   67701 	   36 	   95494 	   39 
