% num_local_points | num_send_points | num_send_procs | num_recv_points | num_recv_procs 
 187308 	  187308 	  149 	  149172 	  248 
 187308 	  187308 	  199 	  293586 	   82 
 187308 	  187308 	  274 	  152319 	   72 
 187309 	  187309 	  126 	  204915 	  188 
 187308 	  187308 	  172 	  187027 	  140 
 187308 	  187308 	  180 	  186586 	  178 
 187308 	  187308 	  143 	  220249 	  441 
 187309 	  187309 	  128 	  182651 	  314 
 187308 	  187308 	  246 	  134415 	  105 
 187308 	  187308 	  246 	  195316 	  173 
 187309 	  187309 	  244 	  182966 	  278 
 187308 	  187308 	  230 	  190698 	  186 
 187308 	  187308 	  269 	  234809 	   65 
 187308 	  187308 	  239 	  223731 	   52 
 187309 	  187309 	  152 	  167799 	  135 
 187308 	  187308 	  156 	  143745 	  176 
 187308 	  187308 	  171 	  210540 	  297 
 187309 	  187309 	  160 	  217505 	  327 
 187308 	  187308 	  206 	  130892 	  145 
 187308 	  187308 	  192 	  178538 	  230 
 187308 	  187308 	  165 	  172134 	  331 
 187309 	  187309 	  217 	  109129 	  137 
 187308 	  187308 	  157 	  189122 	  381 
 187308 	  187308 	  217 	  265167 	   67 
 187308 	  187308 	  273 	  193808 	   57 
 187309 	  187309 	  211 	  155177 	   85 
 187308 	  187308 	  206 	  255084 	  140 
 187308 	  187308 	  197 	  166109 	   71 
 187309 	  187309 	  141 	  200698 	  168 
 187308 	  187308 	  211 	  186342 	   64 
 187308 	  187308 	  220 	  174091 	  376 
 187308 	  187308 	  370 	   86699 	   68 
 187309 	  187309 	  170 	  330598 	  245 
 187308 	  187308 	  254 	  157245 	  109 
 187308 	  187308 	  215 	  226158 	  227 
 187309 	  187309 	  178 	  138685 	  226 
 187308 	  187308 	  172 	  204797 	  293 
 187308 	  187308 	  232 	  235108 	   77 
 187308 	  187308 	  185 	  228984 	   64 
 187309 	  187309 	  192 	  183863 	   73 
 187308 	  187308 	  199 	  233118 	  185 
 187308 	  187308 	  200 	  181721 	  228 
 187308 	  187308 	  197 	  199398 	  152 
 187309 	  187309 	  221 	  210378 	   98 
 187308 	  187308 	  321 	  164751 	   98 
 187308 	  187308 	  247 	  183886 	  101 
 187309 	  187309 	  129 	  169580 	  413 
 187308 	  187308 	  152 	  143857 	  213 
 187308 	  187308 	  155 	  237961 	   94 
 187308 	  187308 	  192 	  206291 	   52 
 187309 	  187309 	  215 	  174210 	   78 
 187308 	  187308 	  229 	  258784 	   37 
 187308 	  187308 	  196 	  266916 	   41 
 187309 	  187309 	  191 	  160445 	   77 
 187308 	  187308 	  215 	  221120 	   89 
 187308 	  187308 	  221 	  123648 	  147 
 187308 	  187308 	  131 	  243836 	  334 
 187309 	  187309 	  233 	  181323 	  114 
 187308 	  187308 	  185 	   92454 	  269 
 187308 	  187308 	  171 	  168004 	  494 
 187308 	  187308 	  183 	  180311 	  364 
 187309 	  187309 	  315 	  186858 	   82 
 187308 	  187308 	  190 	  218356 	  281 
 187308 	  187308 	  226 	  178603 	  152 
 187309 	  187309 	  177 	  179892 	  293 
 187308 	  187308 	  256 	  217239 	  236 
 187308 	  187308 	  217 	  157049 	  147 
 187308 	  187308 	  173 	  225845 	  185 
 187309 	  187309 	  165 	  199158 	  116 
 187308 	  187308 	  174 	  243666 	  117 
 187308 	  187308 	  235 	  167664 	   91 
 187309 	  187309 	  203 	  184383 	  402 
 187308 	  187308 	  184 	  135034 	  238 
 187308 	  187308 	  196 	  180541 	  325 
 187308 	  187308 	  255 	  123632 	  222 
 187309 	  187309 	  212 	  196785 	  194 
 187308 	  187308 	  162 	  216513 	  222 
 187308 	  187308 	  228 	  157178 	  171 
 187308 	  187308 	  268 	  127371 	  217 
 187309 	  187309 	  276 	  215898 	  156 
 187308 	  187308 	  300 	  146620 	   95 
 187308 	  187308 	  241 	  138353 	 1013 
 187309 	  187309 	  253 	  125159 	  346 
 187308 	  187308 	  308 	  228463 	  730 
 187308 	  187308 	  272 	  130352 	  143 
 187308 	  187308 	  183 	  198823 	  505 
 187309 	  187309 	  327 	  156211 	  155 
 187308 	  187308 	  249 	  221966 	  372 
 187308 	  187308 	  250 	  172290 	  105 
 187309 	  187309 	  161 	  294278 	  308 
 187308 	  187308 	  255 	  151385 	  113 
 187308 	  187308 	  195 	  169493 	  260 
 187308 	  187308 	  257 	  130066 	  172 
 187309 	  187309 	  140 	  205356 	  497 
 187308 	  187308 	  251 	  121598 	  222 
 187308 	  187308 	  246 	  222870 	  293 
 187308 	  187308 	  378 	  191073 	  156 
 187309 	  187309 	  170 	  325875 	  421 
 187308 	  187308 	  258 	  154427 	   42 
 187308 	  187308 	  261 	  150379 	  159 
 187309 	  187309 	  302 	  163538 	  693 
 187308 	  187308 	  365 	  123435 	  905 
 187308 	  187308 	  146 	  169604 	  612 
 187308 	  187308 	  236 	  147902 	   61 
 187309 	  187309 	  176 	  253846 	   90 
 187308 	  187308 	  183 	  205500 	   52 
 187308 	  187308 	  205 	  165080 	  159 
 187309 	  187309 	  240 	  144410 	  147 
 187308 	  187308 	  152 	  138962 	  421 
 187308 	  187308 	  166 	  177374 	  265 
 187308 	  187308 	  200 	  142511 	  162 
 187309 	  187309 	  211 	  192067 	  122 
 187308 	  187308 	  232 	  176973 	   80 
 187308 	  187308 	  180 	  209767 	  170 
 187308 	  187308 	  184 	  198444 	  157 
 187309 	  187309 	  301 	  200386 	   38 
 187308 	  187308 	  166 	  234279 	  284 
 187308 	  187308 	  224 	  196104 	  132 
 187309 	  187309 	  236 	  170873 	   88 
 187308 	  187308 	  170 	  244105 	  135 
 187308 	  187308 	  180 	  166536 	   88 
 187308 	  187308 	  163 	  169556 	  469 
 187309 	  187309 	  260 	  125486 	  129 
 187308 	  187308 	  249 	  147806 	   38 
 187308 	  187308 	  168 	  312469 	  112 
 187309 	  187309 	  216 	  234358 	   77 
 187308 	  187308 	  309 	  289726 	   46 
 187308 	  187308 	  202 	  271918 	   47 
 187308 	  187308 	  187 	  205022 	  109 
 187309 	  187309 	  174 	  167992 	  174 
 187308 	  187308 	  157 	  213673 	  309 
 187308 	  187308 	  227 	  182211 	  135 
 187308 	  187308 	  189 	  176080 	  152 
 187309 	  187309 	  191 	  145813 	  199 
 187308 	  187308 	  315 	  217448 	  155 
 187308 	  187308 	  219 	  141855 	  187 
 187309 	  187309 	  184 	  203149 	  336 
 187308 	  187308 	  216 	  154898 	  190 
 187308 	  187308 	  204 	  151907 	  347 
 187308 	  187308 	  180 	  156795 	  268 
 187309 	  187309 	  219 	  178474 	  414 
 187308 	  187308 	  171 	  136614 	   94 
 187308 	  187308 	  189 	  213303 	   66 
 187309 	  187309 	  199 	  199065 	   53 
 187308 	  187308 	  227 	  215426 	   50 
 187308 	  187308 	  175 	  207221 	   65 
 187308 	  187308 	  186 	  222764 	   86 
 187309 	  187309 	  278 	  206338 	   53 
 187308 	  187308 	  194 	  157738 	  109 
 187308 	  187308 	  191 	  204139 	  213 
 187308 	  187308 	  173 	  142745 	  205 
 187309 	  187309 	  223 	  159210 	  129 
 187308 	  187308 	  177 	  218454 	  141 
 187308 	  187308 	  231 	  157862 	  124 
 187309 	  187309 	  196 	  204028 	  124 
 187308 	  187308 	  165 	  221194 	  134 
 187308 	  187308 	  179 	  233109 	  140 
 187308 	  187308 	  219 	  199122 	  114 
 187309 	  187309 	  209 	  193157 	  191 
 187308 	  187308 	  314 	  115703 	   98 
 187308 	  187308 	  299 	  166625 	  118 
 187309 	  187309 	  207 	  253812 	  124 
 187308 	  187308 	  203 	  234077 	   84 
 187308 	  187308 	  271 	  184128 	  113 
 187308 	  187308 	  266 	  203164 	  120 
 187309 	  187309 	  164 	  248746 	  335 
 187308 	  187308 	  236 	  123216 	  156 
 187308 	  187308 	  321 	  160574 	  213 
 187308 	  187308 	  164 	  189601 	  402 
 187309 	  187309 	  211 	  131829 	  182 
 187308 	  187308 	  183 	  235872 	  359 
 187308 	  187308 	  251 	  165158 	  194 
 187309 	  187309 	  224 	  200950 	  125 
 187308 	  187308 	  162 	  149119 	  121 
 187308 	  187308 	  204 	  258865 	  141 
 187308 	  187308 	  393 	  176595 	   75 
 187309 	  187309 	  396 	  189717 	   87 
 187308 	  187308 	  236 	  266735 	  183 
 187308 	  187308 	  213 	  143119 	  237 
 187309 	  187309 	  153 	  220614 	  190 
 187308 	  187308 	  410 	  198709 	   49 
 187308 	  187308 	  321 	  227195 	   73 
 187308 	  187308 	  276 	  178179 	  163 
 187309 	  187309 	  189 	   96630 	  489 
 187308 	  187308 	  212 	  159325 	  455 
 187308 	  187308 	  239 	  104432 	  390 
 187308 	  187308 	  180 	  221802 	  353 
 187309 	  187309 	  228 	  208935 	   94 
 187308 	  187308 	  330 	  158675 	  156 
 187308 	  187308 	  195 	  174094 	  286 
 187309 	  187309 	  285 	  207740 	  316 
 187308 	  187308 	  265 	  147597 	  141 
 187308 	  187308 	  261 	  235912 	  343 
 187308 	  187308 	  307 	  114063 	  212 
 187309 	  187309 	  314 	  210626 	 1280 
 187308 	  187308 	  340 	  150597 	  308 
 187308 	  187308 	  332 	  152168 	  198 
 187309 	  187309 	  364 	  174876 	  266 
 187308 	  187308 	  288 	  262438 	  823 
 187308 	  187308 	  257 	   96044 	   92 
 187308 	  187308 	  198 	  240247 	  332 
 187309 	  187309 	  194 	  189393 	  149 
 187308 	  187308 	  256 	  166701 	  284 
 187308 	  187308 	  268 	  181304 	  287 
 187308 	  187308 	  513 	  106677 	   91 
 187309 	  187309 	  278 	  242095 	  207 
 187308 	  187308 	  206 	  173491 	  115 
 187308 	  187308 	  304 	  186634 	  278 
 187309 	  187309 	  198 	  174812 	  423 
 187308 	  187308 	  288 	  136813 	  139 
 187308 	  187308 	  247 	  211494 	  214 
 187308 	  187308 	  276 	  204734 	  117 
 187309 	  187309 	  273 	  213979 	  135 
 187308 	  187308 	  231 	  168742 	  168 
 187308 	  187308 	  212 	  154846 	  193 
 187309 	  187309 	  330 	  192276 	  135 
 187308 	  187308 	  356 	  181712 	   59 
 187308 	  187308 	  298 	  245189 	  210 
 187308 	  187308 	  183 	  221835 	  453 
 187309 	  187309 	  249 	  174338 	   79 
 187308 	  187308 	  395 	  189889 	   59 
 187308 	  187308 	  228 	  214707 	   66 
 187308 	  187308 	  291 	  154809 	   72 
 187309 	  187309 	  198 	  237871 	  279 
 187308 	  187308 	  264 	  167172 	   81 
 187308 	  187308 	  338 	  188591 	  148 
 187309 	  187309 	  294 	  190977 	  106 
 187308 	  187308 	  232 	  206200 	  120 
 187308 	  187308 	  248 	  233756 	  166 
 187308 	  187308 	  316 	  160242 	  360 
 187309 	  187309 	  215 	  131003 	  428 
 187308 	  187308 	  150 	   96325 	  430 
 187308 	  187308 	  226 	  219362 	 1267 
 187309 	  187309 	  151 	  138645 	  333 
 187308 	  187308 	  157 	  189665 	  447 
 187308 	  187308 	  265 	  103376 	  205 
 187308 	  187308 	  193 	  233653 	 1293 
 187309 	  187309 	   97 	  161971 	  468 
 187308 	  187308 	  156 	  150620 	  138 
 187308 	  187308 	  156 	  156859 	   54 
 187308 	  187308 	  203 	  243214 	   72 
 187309 	  187309 	  124 	  304241 	   67 
 187308 	  187308 	  219 	  216097 	   46 
 187308 	  187308 	  173 	  186671 	  121 
 187309 	  187309 	  158 	  205410 	  120 
 187308 	  187308 	  269 	  177444 	  150 
 187308 	  187308 	  307 	  164591 	  109 
 187308 	  187308 	  276 	  237306 	  122 
 187309 	  187309 	  197 	  199013 	  212 
 187308 	  187308 	  299 	  217658 	  139 
 187308 	  187308 	  262 	  189853 	  160 
 187309 	  187309 	  178 	  189963 	  133 
 187308 	  187308 	  198 	  181578 	  119 
 187308 	  187308 	  231 	  233112 	  116 
 187308 	  187308 	  294 	  234700 	   91 
 187309 	  187309 	  236 	  195858 	   94 
 187308 	  187308 	  225 	  213050 	  522 
 187308 	  187308 	  286 	  116151 	  684 
 187308 	  187308 	  354 	  125068 	  466 
 187309 	  187309 	  283 	  164473 	  623 
 187308 	  187308 	  205 	  169745 	   82 
 187308 	  187308 	  187 	  211964 	  177 
 187309 	  187309 	  135 	  220835 	  348 
 187308 	  187308 	  289 	  125500 	  215 
 187308 	  187308 	  277 	  214413 	  168 
 187308 	  187308 	  197 	  195655 	  295 
 187309 	  187309 	  213 	  202895 	  561 
 187308 	  187308 	  274 	  190956 	  243 
 187308 	  187308 	  300 	  150831 	  334 
 187309 	  187309 	  281 	  162905 	  313 
 187308 	  187308 	  242 	  159732 	  226 
 187308 	  187308 	  211 	  205281 	  386 
 187308 	  187308 	  229 	  132796 	  456 
 187309 	  187309 	  309 	  175615 	  922 
 187308 	  187308 	  150 	  165438 	  460 
 187308 	  187308 	  255 	  101198 	  132 
 187308 	  187308 	  177 	  192495 	  102 
 187309 	  187309 	  251 	  240460 	  339 
 187308 	  187308 	  320 	  147438 	  150 
 187308 	  187308 	  211 	  274084 	  219 
 187309 	  187309 	  342 	  170232 	   94 
 187308 	  187308 	  226 	  268273 	  377 
 187308 	  187308 	  273 	  134756 	   65 
 187308 	  187308 	  204 	  170697 	  131 
 187309 	  187309 	  196 	  187679 	  138 
 187308 	  187308 	  152 	  188082 	  178 
 187308 	  187308 	  263 	  198226 	   99 
 187309 	  187309 	  226 	  170348 	  117 
 187308 	  187308 	  168 	  217330 	  381 
 187308 	  187308 	  228 	  106200 	  123 
 187308 	  187308 	  248 	  209299 	  152 
 187309 	  187309 	  192 	  266693 	   64 
 187308 	  187308 	  183 	  212135 	   63 
 187308 	  187308 	  181 	  167519 	   70 
 187308 	  187308 	  199 	  194497 	  118 
 187309 	  187309 	  183 	  246135 	  120 
 187308 	  187308 	  223 	  151582 	  181 
 187308 	  187308 	  333 	  155676 	  121 
 187309 	  187309 	  347 	  224290 	   52 
 187308 	  187308 	  132 	  236552 	  155 
 187308 	  187308 	  165 	  187097 	  107 
 187308 	  187308 	  318 	  165417 	  112 
 187309 	  187309 	  183 	  192038 	  133 
 187308 	  187308 	  183 	  253216 	  139 
 187308 	  187308 	  231 	  191076 	   60 
 187309 	  187309 	  272 	  201103 	   36 
 187308 	  187308 	  150 	  286896 	   55 
 187308 	  187308 	  180 	  234706 	   82 
 187308 	  187308 	  329 	  134421 	   80 
 187309 	  187309 	  195 	  174005 	   82 
 187308 	  187308 	  128 	  189342 	  194 
 187308 	  187308 	  185 	  153038 	  121 
 187308 	  187308 	  223 	  244029 	   70 
 187309 	  187309 	  179 	  222168 	   52 
 187308 	  187308 	  212 	  231366 	  212 
 187308 	  187308 	  239 	  119618 	  106 
 187309 	  187309 	  222 	  182979 	  183 
 187308 	  187308 	  302 	   91366 	  172 
 187308 	  187308 	  187 	  184233 	  336 
 187308 	  187308 	  193 	  145419 	  251 
 187309 	  187309 	  142 	  220535 	  135 
 187308 	  187308 	  382 	  220605 	   54 
 187308 	  187308 	  234 	  315169 	   74 
 187309 	  187309 	  294 	  172454 	   90 
 187308 	  187308 	  301 	  122405 	  182 
 187308 	  187308 	  257 	  189559 	  416 
 187308 	  187308 	  295 	   65882 	  206 
 187309 	  187309 	  278 	  206425 	  573 
 187308 	  187308 	  299 	  130326 	  243 
 187308 	  187308 	  374 	  170230 	  176 
 187308 	  187308 	  272 	  173526 	  237 
 187309 	  187309 	  188 	  197215 	  113 
 187308 	  187308 	  172 	  229656 	  122 
 187308 	  187308 	  174 	  173728 	  127 
 187309 	  187309 	  180 	  131112 	  204 
 187308 	  187308 	  153 	  126827 	  234 
 187308 	  187308 	  171 	  177267 	  198 
 187308 	  187308 	  199 	  180139 	  227 
 187309 	  187309 	  190 	  231098 	  190 
 187308 	  187308 	  215 	  225646 	   51 
 187308 	  187308 	  166 	  200108 	   68 
 187309 	  187309 	  131 	  185259 	  137 
 187308 	  187308 	  211 	  139313 	   75 
 187308 	  187308 	  162 	  262000 	   41 
 187308 	  187308 	  190 	  210633 	   29 
 187309 	  187309 	  149 	  211553 	  125 
 187308 	  187308 	  195 	   97638 	  331 
 187308 	  187308 	  217 	  158594 	  815 
 187308 	  187308 	  181 	  185509 	   93 
 187309 	  187309 	  230 	  220380 	   83 
 187308 	  187308 	  202 	  230434 	   88 
 187308 	  187308 	  227 	  185973 	   88 
 187309 	  187309 	  205 	  216101 	   87 
 187308 	  187308 	  165 	  243514 	   72 
 187308 	  187308 	  154 	  199373 	  105 
 187308 	  187308 	  153 	  221211 	  192 
 187309 	  187309 	  191 	  181896 	  127 
 187308 	  187308 	  256 	  183881 	   92 
 187308 	  187308 	  171 	  173680 	  133 
 187309 	  187309 	  183 	  209225 	  229 
 187308 	  187308 	  275 	  109843 	  148 
 187308 	  187308 	  201 	  220131 	  215 
 187308 	  187308 	  508 	  150792 	   70 
 187309 	  187309 	  284 	  198778 	   75 
 187308 	  187308 	  219 	  248674 	  170 
 187308 	  187308 	  229 	  125790 	   76 
 187308 	  187308 	  140 	  198415 	  119 
 187309 	  187309 	  179 	  190410 	   54 
 187308 	  187308 	  161 	  195448 	   71 
 187308 	  187308 	  168 	  213578 	   85 
 187309 	  187309 	  180 	  211445 	   54 
 187308 	  187308 	  201 	  201188 	  130 
 187308 	  187308 	  222 	  201360 	   66 
 187308 	  187308 	  277 	  143842 	   59 
 187309 	  187309 	  182 	  234006 	   91 
 187308 	  187308 	  273 	  231904 	   77 
 187308 	  187308 	  212 	  161138 	   52 
 187309 	  187309 	  121 	  201042 	  153 
 187308 	  187308 	  186 	  165380 	   68 
 187308 	  187308 	  168 	  221349 	  116 
 187308 	  187308 	  236 	  197156 	   95 
 187309 	  187309 	  332 	  201463 	   74 
 187308 	  187308 	  193 	  193526 	   87 
 187308 	  187308 	  211 	  172327 	   56 
 187308 	  187308 	  184 	  203000 	  278 
 187309 	  187309 	  217 	  199328 	   77 
 187308 	  187308 	  220 	  195983 	  119 
 187308 	  187308 	  207 	  180104 	  158 
 187309 	  187309 	  278 	  112535 	  621 
 187308 	  187308 	  395 	  175533 	 1009 
 187308 	  187308 	  277 	  132335 	  484 
 187308 	  187308 	  291 	  167115 	  523 
 187309 	  187309 	  286 	  151996 	  369 
 187308 	  187308 	  279 	  145456 	  255 
 187308 	  187308 	  307 	  139338 	  526 
 187309 	  187309 	  303 	  133356 	  521 
 187308 	  187308 	  318 	  131205 	  548 
 187308 	  187308 	  182 	  208816 	  290 
 187308 	  187308 	  333 	  175367 	   81 
 187309 	  187309 	  225 	  231469 	  131 
 187308 	  187308 	  152 	  225683 	  264 
 187308 	  187308 	  202 	  235914 	  260 
 187308 	  187308 	  363 	  177996 	  144 
 187309 	  187309 	  239 	  193819 	  137 
 187308 	  187308 	  220 	  199086 	   94 
 187308 	  187308 	  185 	  270645 	  112 
 187309 	  187309 	  220 	  211766 	  121 
 187308 	  187308 	  344 	  208909 	  109 
 187308 	  187308 	  207 	  220084 	  155 
 187308 	  187308 	  272 	  158257 	  155 
 187309 	  187309 	  212 	  173734 	  197 
 187308 	  187308 	  217 	  234296 	  163 
 187308 	  187308 	  180 	  138271 	  105 
 187309 	  187309 	  126 	  170427 	  253 
 187308 	  187308 	  398 	  190575 	  130 
 187308 	  187308 	  324 	  252347 	   74 
 187308 	  187308 	  209 	  172263 	   58 
 187309 	  187309 	  257 	  217193 	  130 
 187308 	  187308 	  289 	  181038 	  250 
 187308 	  187308 	  241 	  173406 	  384 
 187308 	  187308 	  252 	  182993 	  324 
 187309 	  187309 	  152 	  227099 	  113 
 187308 	  187308 	  224 	  142784 	  112 
 187308 	  187308 	  246 	  165050 	  270 
 187309 	  187309 	  263 	  163060 	  700 
 187308 	  187308 	  418 	   97434 	  223 
 187308 	  187308 	  302 	  210645 	  493 
 187308 	  187308 	  203 	  181119 	  207 
 187309 	  187309 	  295 	  156514 	   45 
 187308 	  187308 	  296 	  254577 	  190 
 187308 	  187308 	  443 	  139035 	  109 
 187309 	  187309 	  412 	  290070 	  116 
 187308 	  187308 	  151 	  165853 	  114 
 187308 	  187308 	  148 	  246493 	  136 
 187308 	  187308 	  188 	  143998 	   69 
 187309 	  187309 	  209 	  231159 	   81 
 187308 	  187308 	  210 	  214958 	   44 
 187308 	  187308 	  201 	  287295 	   54 
 187308 	  187308 	  229 	  159063 	  260 
 187309 	  187309 	  267 	  200299 	 1075 
 187308 	  187308 	  215 	  133209 	   49 
 187308 	  187308 	  159 	  214610 	  113 
 187309 	  187309 	  159 	  102647 	  166 
 187308 	  187308 	  180 	  213349 	  242 
 187308 	  187308 	  246 	  208101 	  130 
 187308 	  187308 	  167 	  240821 	  169 
 187309 	  187309 	  223 	  188705 	  178 
 187308 	  187308 	  209 	  159321 	  366 
 187308 	  187308 	  165 	  174808 	  503 
 187309 	  187309 	  281 	  170566 	  894 
 187308 	  187308 	  165 	  194405 	  532 
 187308 	  187308 	  263 	  183811 	  169 
 187308 	  187308 	  230 	  192396 	  263 
 187309 	  187309 	  245 	  146734 	  288 
 187308 	  187308 	  228 	  230520 	  495 
 187308 	  187308 	  252 	   97161 	  129 
 187308 	  187308 	  162 	  194228 	  458 
 187309 	  187309 	  298 	  103267 	  251 
 187308 	  187308 	  237 	  266093 	  385 
 187308 	  187308 	  309 	   99843 	  178 
 187309 	  187309 	  132 	  233096 	  370 
 187308 	  187308 	  251 	  123513 	   68 
 187308 	  187308 	  222 	  263886 	  144 
 187308 	  187308 	  257 	  153078 	  103 
 187309 	  187309 	  198 	  176402 	  142 
 187308 	  187308 	  160 	  170774 	  142 
 187308 	  187308 	  257 	  148858 	   82 
 187309 	  187309 	  204 	  261722 	   85 
 187308 	  187308 	  183 	  269462 	   73 
 187308 	  187308 	  266 	  203456 	   63 
 187308 	  187308 	  198 	  244769 	  277 
 187309 	  187309 	  222 	  168256 	  180 
 187308 	  187308 	  225 	  165914 	   58 
 187308 	  187308 	  150 	  285118 	   74 
 187308 	  187308 	  231 	  231569 	   58 
 187309 	  187309 	  157 	  196437 	  127 
 187308 	  187308 	  228 	  137581 	  141 
 187308 	  187308 	  171 	  241780 	  217 
 187309 	  187309 	  429 	   94860 	  114 
 187308 	  187308 	  171 	  214334 	  369 
 187308 	  187308 	  249 	  157195 	  104 
 187308 	  187308 	  314 	  125371 	  163 
 187309 	  187309 	  374 	  197411 	   82 
 187308 	  187308 	  461 	  234722 	  561 
 187308 	  187308 	  310 	  171459 	  338 
 187309 	  187309 	  349 	  157982 	  500 
 187308 	  187308 	  226 	  212207 	  322 
 187308 	  187308 	  267 	  118347 	  161 
 187308 	  187308 	  190 	  221404 	  185 
 187309 	  187309 	  266 	  202745 	  114 
 187308 	  187308 	  232 	  213796 	  164 
 187308 	  187308 	  242 	  163931 	  148 
 187308 	  187308 	  186 	  161812 	  390 
 187309 	  187309 	  254 	  156182 	  363 
 187308 	  187308 	  286 	  152224 	  327 
 187308 	  187308 	  457 	  106673 	  277 
 187309 	  187309 	  196 	  131307 	  342 
 187308 	  187308 	  196 	  174123 	  200 
 187308 	  187308 	  219 	  213453 	   75 
 187308 	  187308 	  178 	  228510 	  375 
 187309 	  187309 	  343 	  143060 	   87 
 187308 	  187308 	  177 	  252318 	  145 
 187308 	  187308 	  209 	  169704 	  103 
 187309 	  187309 	  245 	  196685 	   64 
 187308 	  187308 	  179 	  231114 	  140 
 187308 	  187308 	  151 	  213202 	  281 
 187308 	  187308 	  284 	  151789 	  122 
 187309 	  187309 	  261 	  147482 	  150 
 187308 	  187308 	  173 	  226618 	  177 
 187308 	  187308 	  201 	  179162 	  164 
 187308 	  187308 	  216 	  230773 	   78 
 187309 	  187309 	  248 	  163636 	  329 
 187308 	  187308 	  139 	  159955 	  692 
 187308 	  187308 	  245 	  163873 	  138 
 187309 	  187309 	  194 	  287661 	  250 
 187308 	  187308 	  240 	  155891 	  151 
 187308 	  187308 	  175 	  145126 	  494 
 187308 	  187308 	  236 	  122592 	  257 
 187309 	  187309 	  167 	  217163 	  256 
 187308 	  187308 	  176 	  224703 	  432 
 187308 	  187308 	  233 	  126693 	  292 
 187309 	  187309 	  211 	  187192 	  239 
 187308 	  187308 	  143 	  141332 	  146 
 187308 	  187308 	  201 	  272693 	  107 
 187308 	  187308 	  290 	  222102 	   57 
 187309 	  187309 	  133 	  168695 	  189 
 187308 	  187308 	  188 	  129774 	  199 
 187308 	  187308 	  159 	  153729 	  172 
 187308 	  187308 	  131 	  235393 	  181 
 187309 	  187309 	  238 	  159356 	   70 
 187308 	  187308 	  124 	  156536 	  161 
 187308 	  187308 	  123 	  161421 	  116 
 187309 	  187309 	  190 	  209479 	   37 
 187308 	  187308 	  205 	  190148 	   52 
 187308 	  187308 	  175 	  207400 	   48 
 187308 	  187308 	  172 	  196528 	   33 
 187309 	  187309 	  145 	  288850 	   48 
 187308 	  187308 	  219 	  187147 	   46 
 187308 	  187308 	  113 	  237522 	  115 
 187309 	  187309 	  123 	  228492 	   91 
 187308 	  187308 	  171 	  131304 	   68 
 187308 	  187308 	  228 	  240815 	  104 
 187308 	  187308 	  168 	  200212 	  214 
 187309 	  187309 	  233 	  157478 	  146 
 187308 	  187308 	  140 	  180872 	  305 
 187308 	  187308 	  203 	  126505 	  206 
 187308 	  187308 	  167 	  215236 	  469 
 187309 	  187309 	  179 	  133987 	  170 
 187308 	  187308 	  280 	  189605 	  148 
 187308 	  187308 	  160 	  265429 	  396 
 187309 	  187309 	  206 	  143254 	  143 
 187308 	  187308 	  217 	  182505 	  252 
 187308 	  187308 	  210 	  153598 	  435 
 187308 	  187308 	  282 	  179130 	  177 
 187309 	  187309 	  236 	  220029 	  114 
 187308 	  187308 	  223 	  162590 	  119 
 187308 	  187308 	  219 	  123522 	  218 
 187309 	  187309 	  229 	  206563 	  856 
 187308 	  187308 	  245 	  146515 	   98 
 187308 	  187308 	  200 	  210595 	   96 
 187308 	  187308 	  243 	  217427 	   58 
 187309 	  187309 	  210 	  218390 	   75 
 187308 	  187308 	  219 	  205732 	   77 
 187308 	  187308 	  192 	  183977 	  158 
 187308 	  187308 	  195 	  155479 	  141 
 187309 	  187309 	  202 	  164289 	   92 
 187308 	  187308 	  298 	  281681 	   58 
 187308 	  187308 	  216 	  251138 	   73 
 187309 	  187309 	  173 	  261527 	  188 
 187308 	  187308 	  262 	  159648 	   95 
 187308 	  187308 	  202 	  191494 	  141 
 187308 	  187308 	  185 	  180766 	  189 
 187309 	  187309 	  235 	  124446 	  102 
 187308 	  187308 	  146 	  287629 	  313 
 187308 	  187308 	  303 	  130910 	   63 
 187309 	  187309 	  147 	  359411 	  144 
 187308 	  187308 	  293 	  203596 	   60 
 187308 	  187308 	  194 	  194885 	  108 
 187308 	  187308 	  198 	  140467 	  120 
 187309 	  187309 	  139 	  209427 	  219 
 187308 	  187308 	  202 	  176842 	  141 
 187308 	  187308 	  224 	  162773 	   96 
 187308 	  187308 	  231 	  211808 	   76 
 187309 	  187309 	  253 	  251965 	   72 
 187308 	  187308 	  189 	  211599 	  105 
 187308 	  187308 	  256 	  187975 	  163 
 187309 	  187309 	  201 	  230042 	   98 
 187308 	  187308 	  314 	  201224 	   63 
 187308 	  187308 	  288 	  271966 	   78 
 187308 	  187308 	  210 	  233476 	  109 
 187309 	  187309 	  221 	  145113 	  159 
 187308 	  187308 	  188 	  203633 	  227 
 187308 	  187308 	  359 	  130183 	   94 
 187309 	  187309 	  182 	  217463 	  172 
 187308 	  187308 	  208 	  181756 	  150 
 187308 	  187308 	  250 	  205189 	  147 
 187308 	  187308 	  240 	  181305 	   95 
 187309 	  187309 	  389 	  219331 	  136 
 187308 	  187308 	  300 	  157403 	  113 
 187308 	  187308 	  204 	  225562 	  111 
 187308 	  187308 	  275 	  193393 	   97 
 187309 	  187309 	  214 	  117590 	  155 
 187308 	  187308 	  192 	  127946 	  176 
 187308 	  187308 	  294 	  176558 	  918 
 187309 	  187309 	  243 	  141514 	  593 
 187308 	  187308 	  221 	  164396 	  349 
 187308 	  187308 	  257 	  205909 	  242 
 187308 	  187308 	  176 	  176555 	  164 
 187309 	  187309 	  259 	  193816 	  695 
 187308 	  187308 	  290 	  108362 	 1094 
 187308 	  187308 	  302 	  243994 	 1559 
 187309 	  187309 	  272 	   89776 	  410 
 187308 	  187308 	  145 	  179078 	  629 
 187308 	  187308 	  262 	  113450 	  549 
 187308 	  187308 	  219 	  145253 	  976 
 187309 	  187309 	  276 	   91333 	  906 
 187308 	  187308 	  264 	  151569 	 1206 
 187308 	  187308 	  301 	  110676 	  583 
 187308 	  187308 	  285 	  122405 	  793 
 187309 	  187309 	  280 	  199286 	  704 
 187308 	  187308 	  229 	  161460 	  302 
 187308 	  187308 	  313 	  123008 	  204 
 187309 	  187309 	  223 	  229686 	  502 
 187308 	  187308 	  183 	  158144 	  191 
 187308 	  187308 	  216 	  236623 	  275 
 187308 	  187308 	  229 	  198767 	  143 
 187309 	  187309 	  278 	  196846 	   50 
 187308 	  187308 	  241 	  224012 	  367 
 187308 	  187308 	  375 	   96694 	  176 
 187309 	  187309 	  190 	  267374 	  512 
 187308 	  187308 	  186 	  160401 	  121 
 187308 	  187308 	  213 	  181581 	   93 
 187308 	  187308 	  250 	  242287 	   89 
 187309 	  187309 	  156 	  214516 	   46 
 187308 	  187308 	  186 	  213183 	   59 
 187308 	  187308 	  182 	  204366 	  312 
 187308 	  187308 	  199 	  103610 	  290 
 187309 	  187309 	  398 	  225817 	  251 
 187308 	  187308 	  313 	  173027 	  226 
 187308 	  187308 	  308 	  180321 	  507 
 187309 	  187309 	  207 	  132944 	  241 
 187308 	  187308 	  337 	  190856 	  234 
 187308 	  187308 	  237 	  166869 	  224 
 187308 	  187308 	  259 	  220526 	  396 
 187309 	  187309 	  343 	  153444 	  178 
 187308 	  187308 	  295 	  134363 	  224 
 187308 	  187308 	  232 	  160306 	  350 
 187309 	  187309 	  434 	  126021 	  458 
 187308 	  187308 	  382 	  262945 	  581 
 187308 	  187308 	  374 	   94236 	  489 
 187308 	  187308 	  377 	  162192 	  519 
 187309 	  187309 	  235 	  174927 	  503 
 187308 	  187308 	  249 	  126097 	  345 
 187308 	  187308 	  273 	  129976 	  407 
 187308 	  187308 	  268 	  129434 	   97 
 187309 	  187309 	  236 	  231208 	  122 
 187308 	  187308 	  128 	  285454 	  169 
 187308 	  187308 	  214 	  144229 	   80 
 187309 	  187309 	  182 	  167903 	  112 
 187308 	  187308 	  337 	  134286 	  105 
 187308 	  187308 	  220 	  130417 	  229 
 187308 	  187308 	  171 	  139906 	  196 
 187309 	  187309 	  157 	  194608 	   88 
 187308 	  187308 	  191 	  245712 	   77 
 187308 	  187308 	  230 	  202415 	   57 
 187309 	  187309 	  114 	  245512 	  152 
 187308 	  187308 	  173 	  216263 	   68 
 187308 	  187308 	  204 	  207331 	   68 
 187308 	  187308 	  166 	  172147 	  140 
 187309 	  187309 	  161 	  199507 	  356 
 187308 	  187308 	  228 	  194841 	   99 
 187308 	  187308 	  172 	  213876 	   59 
 187308 	  187308 	  119 	  239828 	  125 
 187309 	  187309 	  189 	  166395 	  130 
 187308 	  187308 	  188 	  197197 	  191 
 187308 	  187308 	  178 	  221355 	  186 
 187309 	  187309 	  270 	  168854 	   95 
 187308 	  187308 	  200 	  209917 	  211 
 187308 	  187308 	  174 	  134504 	  213 
 187308 	  187308 	  191 	  196767 	  148 
 187309 	  187309 	  261 	  168354 	   75 
 187308 	  187308 	  190 	  264934 	  172 
 187308 	  187308 	  216 	  187115 	   70 
 187309 	  187309 	  207 	  210204 	  173 
 187308 	  187308 	  371 	  111582 	  177 
 187308 	  187308 	  197 	  214426 	  479 
 187308 	  187308 	  298 	  170311 	  156 
 187309 	  187309 	  334 	  254513 	   76 
 187308 	  187308 	  333 	  185750 	   49 
 187308 	  187308 	  223 	  232527 	   82 
 187308 	  187308 	  370 	  174600 	   62 
 187309 	  187309 	  225 	  209907 	  399 
 187308 	  187308 	  251 	  120251 	  205 
 187308 	  187308 	  233 	  162628 	  163 
 187309 	  187309 	  187 	  246570 	  174 
 187308 	  187308 	  241 	  213666 	  127 
 187308 	  187308 	  276 	  141438 	  296 
 187308 	  187308 	  305 	  225308 	  227 
 187309 	  187309 	  254 	  193201 	   62 
 187308 	  187308 	  243 	  223419 	  121 
 187308 	  187308 	  245 	  144705 	  415 
 187309 	  187309 	  254 	  133155 	  813 
 187308 	  187308 	  239 	  135357 	  456 
 187308 	  187308 	  278 	  145228 	   74 
 187308 	  187308 	  279 	  220447 	   60 
 187309 	  187309 	  183 	  242017 	   50 
 187308 	  187308 	  164 	  298998 	   32 
 187308 	  187308 	  188 	  210186 	   67 
 187308 	  187308 	  202 	  189870 	  103 
 187309 	  187309 	  143 	  177054 	  141 
 187308 	  187308 	  184 	  184727 	   49 
 187308 	  187308 	  122 	  250558 	   80 
 187309 	  187309 	  263 	  188175 	   39 
 187308 	  187308 	  254 	  227160 	  115 
 187308 	  187308 	  348 	  187626 	  124 
 187308 	  187308 	  396 	  129558 	  139 
 187309 	  187309 	  239 	  203363 	  314 
 187308 	  187308 	  200 	  156349 	  315 
 187308 	  187308 	  249 	  183945 	  192 
 187309 	  187309 	  233 	  182012 	  132 
 187308 	  187308 	  188 	  216002 	  138 
 187308 	  187308 	  202 	  247974 	   83 
 187308 	  187308 	  216 	  234293 	  126 
 187309 	  187309 	  198 	  183260 	  194 
 187308 	  187308 	  275 	  115735 	  173 
 187308 	  187308 	  206 	  211269 	  259 
 187308 	  187308 	  207 	  229591 	  184 
 187309 	  187309 	  198 	  130311 	  232 
 187308 	  187308 	  216 	  224939 	  344 
 187308 	  187308 	  273 	  169841 	  209 
 187309 	  187309 	  313 	  205004 	  156 
 187308 	  187308 	  276 	  135312 	  440 
 187308 	  187308 	  173 	  149643 	  277 
 187308 	  187308 	  165 	  139727 	  543 
 187309 	  187309 	  157 	  100423 	  253 
 187308 	  187308 	  298 	  145975 	  665 
 187308 	  187308 	  246 	  118972 	  491 
 187309 	  187309 	  448 	   95940 	  315 
 187308 	  187308 	  251 	  206839 	 1027 
 187308 	  187308 	  199 	  164497 	  240 
 187308 	  187308 	  261 	  140406 	  138 
 187309 	  187309 	  137 	  169844 	  197 
 187308 	  187308 	  200 	  189261 	  179 
 187308 	  187308 	  182 	  192412 	   91 
 187308 	  187308 	  142 	  249981 	  120 
 187309 	  187309 	  313 	  224471 	   63 
 187308 	  187308 	  247 	  227772 	   49 
 187308 	  187308 	  241 	  188392 	  134 
 187309 	  187309 	  180 	  182951 	   66 
 187308 	  187308 	  163 	  203709 	   57 
 187308 	  187308 	  197 	  220418 	  164 
 187308 	  187308 	  185 	  211926 	  106 
 187309 	  187309 	  226 	  156572 	   93 
 187308 	  187308 	  163 	  135894 	  181 
 187308 	  187308 	  255 	  171412 	  105 
 187309 	  187309 	  163 	  205769 	  120 
 187308 	  187308 	  154 	  169029 	  187 
 187308 	  187308 	  328 	  157461 	   77 
 187308 	  187308 	  172 	  230405 	  282 
 187309 	  187309 	  173 	  201579 	  295 
 187308 	  187308 	  174 	  134943 	  154 
 187308 	  187308 	  233 	  135649 	  364 
 187308 	  187308 	  162 	  158170 	  427 
 187309 	  187309 	  246 	  219047 	   48 
 187308 	  187308 	  182 	  236197 	   63 
 187308 	  187308 	  197 	  263708 	   42 
 187309 	  187309 	  192 	  287240 	   52 
 187308 	  187308 	  205 	  214493 	   57 
 187308 	  187308 	  219 	  191464 	   49 
 187308 	  187308 	  161 	  201677 	   99 
 187309 	  187309 	  133 	  130265 	  153 
 187308 	  187308 	  150 	  175871 	  337 
 187308 	  187308 	  167 	  127793 	  510 
 187309 	  187309 	  285 	  142799 	  123 
 187308 	  187308 	  277 	  219138 	  251 
 187308 	  187308 	  184 	  241593 	  186 
 187308 	  187308 	  219 	  211976 	   82 
 187309 	  187309 	  231 	  216038 	   90 
 187308 	  187308 	  213 	  182618 	  168 
 187308 	  187308 	  195 	  149340 	  110 
 187308 	  187308 	  145 	  170508 	  325 
 187309 	  187309 	  266 	  181255 	  301 
 187308 	  187308 	  267 	  153684 	  145 
 187308 	  187308 	  325 	  152399 	  182 
 187309 	  187309 	  290 	  190174 	  243 
 187308 	  187308 	  319 	  119766 	  204 
 187308 	  187308 	  194 	  173299 	  243 
 187308 	  187308 	  238 	  126172 	  174 
 187309 	  187309 	  215 	  177681 	  113 
 187308 	  187308 	  247 	  186761 	  142 
 187308 	  187308 	  173 	  191453 	  285 
 187309 	  187309 	  301 	  184121 	   48 
 187308 	  187308 	  175 	  324622 	  118 
 187308 	  187308 	  236 	  154929 	   71 
 187308 	  187308 	  270 	  219959 	  109 
 187309 	  187309 	  211 	  162601 	  255 
 187308 	  187308 	  239 	  111066 	  373 
 187308 	  187308 	  144 	  194998 	   94 
 187308 	  187308 	  239 	  160737 	   81 
 187309 	  187309 	  181 	  235194 	  148 
 187308 	  187308 	  163 	  233557 	   83 
 187308 	  187308 	  166 	  245315 	  114 
 187309 	  187309 	  188 	  228851 	   77 
 187308 	  187308 	  207 	  156401 	  116 
 187308 	  187308 	  198 	  164192 	  153 
 187308 	  187308 	  169 	  175130 	  155 
 187309 	  187309 	  214 	  171160 	  153 
 187308 	  187308 	  295 	  166864 	   73 
 187308 	  187308 	  234 	  220102 	  145 
 187309 	  187309 	  225 	  151128 	  126 
 187308 	  187308 	  202 	  155324 	  177 
 187308 	  187308 	  232 	  254218 	  236 
 187308 	  187308 	  420 	  150576 	  193 
 187309 	  187309 	  298 	  261020 	  173 
 187308 	  187308 	  225 	  251479 	  117 
 187308 	  187308 	  152 	  193027 	  148 
 187308 	  187308 	  225 	  119192 	  200 
 187309 	  187309 	  164 	  208948 	  225 
 187308 	  187308 	  225 	  111558 	  273 
 187308 	  187308 	  195 	  145031 	  263 
 187309 	  187309 	  347 	  214021 	   61 
 187308 	  187308 	  238 	  217309 	   99 
 187308 	  187308 	  327 	  174711 	  447 
 187308 	  187308 	  257 	  134469 	  110 
 187309 	  187309 	  355 	  249519 	   95 
 187308 	  187308 	  391 	  166930 	   91 
 187308 	  187308 	  232 	  236036 	  232 
 187309 	  187309 	  323 	  195200 	   74 
 187308 	  187308 	  279 	  271073 	   52 
 187308 	  187308 	  205 	  305223 	   63 
 187308 	  187308 	  255 	  128926 	   91 
 187309 	  187309 	  205 	  198732 	  140 
 187308 	  187308 	  194 	  203981 	  110 
 187308 	  187308 	  180 	  236361 	  334 
 187308 	  187308 	  384 	  136690 	  130 
 187309 	  187309 	  159 	  201806 	  230 
 187308 	  187308 	  342 	  149727 	  258 
 187308 	  187308 	  283 	  200734 	  219 
 187309 	  187309 	  308 	  175174 	   88 
 187308 	  187308 	  252 	  242140 	  141 
 187308 	  187308 	  198 	  178291 	  126 
 187308 	  187308 	  250 	  184226 	   94 
 187309 	  187309 	  194 	  219966 	  167 
 187308 	  187308 	  195 	  245887 	   97 
 187308 	  187308 	  212 	  186095 	   81 
 187309 	  187309 	  238 	  164230 	   87 
 187308 	  187308 	  212 	  174367 	  103 
 187308 	  187308 	  238 	  172140 	   64 
 187308 	  187308 	  228 	  190639 	  587 
 187309 	  187309 	  459 	  146013 	  130 
 187308 	  187308 	  321 	  214884 	   95 
 187308 	  187308 	  262 	  208355 	   88 
 187308 	  187308 	  251 	  187703 	  135 
 187309 	  187309 	  239 	  213179 	  263 
 187308 	  187308 	  233 	  188891 	  112 
 187308 	  187308 	  226 	  152263 	  171 
 187309 	  187309 	  237 	  185174 	  209 
 187308 	  187308 	  169 	  266717 	  135 
 187308 	  187308 	  233 	  235240 	   74 
 187308 	  187308 	  197 	  163682 	  222 
 187309 	  187309 	  192 	  191022 	  175 
 187308 	  187308 	  229 	  184520 	  158 
 187308 	  187308 	  225 	  202106 	  343 
 187309 	  187309 	  310 	  192432 	  225 
 187308 	  187308 	  414 	  187762 	  145 
 187308 	  187308 	  377 	  181562 	  189 
 187308 	  187308 	  232 	  209281 	  355 
 187309 	  187309 	  160 	  145377 	   98 
 187308 	  187308 	  260 	  203973 	  116 
 187308 	  187308 	  219 	  193138 	  151 
 187308 	  187308 	  250 	  163710 	  125 
 187309 	  187309 	  188 	  241091 	  198 
 187308 	  187308 	  267 	  190650 	  114 
 187308 	  187308 	  458 	  179585 	  159 
 187309 	  187309 	  290 	  121095 	  449 
 187308 	  187308 	  324 	  153753 	  756 
 187308 	  187308 	  259 	  157974 	  321 
 187308 	  187308 	  259 	  184287 	  167 
 187309 	  187309 	  255 	  221596 	  198 
 187308 	  187308 	  227 	  180383 	  125 
 187308 	  187308 	  204 	  174239 	  124 
 187309 	  187309 	  215 	  166419 	  561 
 187308 	  187308 	  250 	  191501 	  541 
 187308 	  187308 	  270 	  119276 	  531 
 187308 	  187308 	  288 	   96625 	  367 
 187309 	  187309 	  269 	  161735 	  556 
 187308 	  187308 	  324 	  175061 	  590 
 187308 	  187308 	  265 	  133796 	  490 
 187308 	  187308 	  315 	   75194 	  361 
 187309 	  187309 	  253 	  234904 	  576 
 187308 	  187308 	  325 	  142224 	   79 
 187308 	  187308 	  169 	  269834 	  218 
 187309 	  187309 	  296 	  145199 	  198 
 187308 	  187308 	  415 	  152816 	  237 
 187308 	  187308 	  255 	  189477 	  444 
 187308 	  187308 	  214 	  166612 	  389 
 187309 	  187309 	  183 	  206108 	   90 
 187308 	  187308 	  346 	  228710 	   66 
 187308 	  187308 	  412 	  182107 	   71 
 187309 	  187309 	  228 	  207337 	  139 
 187308 	  187308 	  282 	  194627 	  141 
 187308 	  187308 	  445 	  216196 	   93 
 187308 	  187308 	  200 	  189093 	   39 
 187309 	  187309 	  210 	  293017 	   59 
 187308 	  187308 	  567 	  188457 	   31 
 187308 	  187308 	  245 	  219378 	  194 
 187308 	  187308 	  266 	  170010 	  215 
 187309 	  187309 	  270 	  164183 	  355 
 187308 	  187308 	  352 	  159309 	  271 
 187308 	  187308 	  283 	  187329 	  240 
 187309 	  187309 	  269 	  247249 	  115 
 187308 	  187308 	  193 	  237758 	  218 
 187308 	  187308 	  298 	  141494 	  250 
 187308 	  187308 	  202 	  209026 	  448 
 187309 	  187309 	  254 	  187234 	  208 
 187308 	  187308 	  211 	  240814 	  165 
 187308 	  187308 	  245 	  168467 	  209 
 187309 	  187309 	  257 	  211108 	  263 
 187308 	  187308 	  400 	  215147 	  256 
 187308 	  187308 	  332 	  113341 	  117 
 187308 	  187308 	  217 	  233881 	  215 
 187309 	  187309 	  268 	  158597 	  191 
 187308 	  187308 	  194 	  253224 	  159 
 187308 	  187308 	  389 	  179454 	   72 
 187308 	  187308 	  274 	  236973 	  136 
 187309 	  187309 	  282 	  208556 	  107 
 187308 	  187308 	  253 	  184520 	  121 
 187308 	  187308 	  225 	  146992 	  197 
 187309 	  187309 	  205 	  192365 	  251 
 187308 	  187308 	  292 	  188407 	   89 
 187308 	  187308 	  280 	  243827 	   68 
 187308 	  187308 	  220 	  214040 	   78 
 187309 	  187309 	  244 	  153069 	  162 
 187308 	  187308 	  211 	  152811 	  164 
 187308 	  187308 	  235 	  173188 	  105 
 187309 	  187309 	  199 	  244937 	   88 
 187308 	  187308 	  270 	  208702 	   63 
 187308 	  187308 	  177 	  300109 	  125 
 187308 	  187308 	  262 	  145838 	   90 
 187309 	  187309 	  241 	  171919 	  168 
 187308 	  187308 	  161 	  257971 	  184 
 187308 	  187308 	  311 	  192803 	   96 
 187308 	  187308 	  208 	  220934 	  122 
 187309 	  187309 	  256 	  177628 	   90 
 187308 	  187308 	  176 	  259229 	  160 
 187308 	  187308 	  164 	  169573 	  131 
 187309 	  187309 	  169 	  234261 	  123 
 187308 	  187308 	  180 	  231117 	  170 
 187308 	  187308 	  279 	  189792 	  301 
 187308 	  187308 	  239 	  228517 	  290 
 187309 	  187309 	  268 	  182754 	  173 
 187308 	  187308 	  299 	  118248 	  219 
 187308 	  187308 	  272 	  172814 	  174 
 187309 	  187309 	  188 	  258018 	  349 
 187308 	  187308 	  181 	  191804 	   84 
 187308 	  187308 	  185 	  186950 	  100 
 187308 	  187308 	  192 	  202950 	  169 
 187309 	  187309 	  190 	  196955 	  182 
 187308 	  187308 	  164 	  165853 	  122 
 187308 	  187308 	  226 	  140776 	  171 
 187308 	  187308 	  278 	  165323 	  385 
 187309 	  187309 	  229 	   95726 	  294 
 187308 	  187308 	  254 	  234211 	  209 
 187308 	  187308 	  222 	  123740 	  405 
 187309 	  187309 	  365 	  131155 	  201 
 187308 	  187308 	  220 	  216485 	  265 
 187308 	  187308 	  342 	   89258 	  304 
 187308 	  187308 	  225 	  233139 	  603 
 187309 	  187309 	  325 	  178174 	  125 
 187308 	  187308 	  288 	  174921 	  117 
 187308 	  187308 	  196 	  242764 	  440 
 187309 	  187309 	  226 	  197874 	  114 
 187308 	  187308 	  256 	  176620 	  215 
 187308 	  187308 	  279 	  185106 	  254 
 187308 	  187308 	  256 	  170250 	   77 
 187309 	  187309 	  251 	  210475 	  202 
 187308 	  187308 	  289 	  183447 	  119 
 187308 	  187308 	  216 	  179183 	  228 
 187308 	  187308 	  534 	  129713 	   85 
 187309 	  187309 	  185 	  303560 	  201 
 187308 	  187308 	  196 	  241031 	  161 
 187308 	  187308 	  313 	  165273 	   67 
 187309 	  187309 	  262 	  249228 	  321 
 187308 	  187308 	  520 	  163484 	  108 
 187308 	  187308 	  277 	  198706 	  199 
 187308 	  187308 	  174 	  200345 	  571 
 187309 	  187309 	  178 	  240528 	  370 
 187308 	  187308 	  413 	  152194 	   52 
 187308 	  187308 	  372 	  128034 	  148 
 187309 	  187309 	  218 	  167355 	  480 
 187308 	  187308 	  312 	  129189 	  282 
 187308 	  187308 	  208 	  265315 	  295 
 187308 	  187308 	  267 	  174457 	   91 
 187309 	  187309 	  346 	  170258 	  119 
 187308 	  187308 	  277 	  193096 	  175 
 187308 	  187308 	  294 	  186140 	  111 
 187308 	  187308 	  262 	  199341 	   49 
 187309 	  187309 	  238 	  210535 	  101 
 187308 	  187308 	  192 	  237942 	  115 
 187308 	  187308 	  215 	  222650 	  120 
 187309 	  187309 	  305 	  182547 	   87 
 187308 	  187308 	  193 	  282981 	  162 
 187308 	  187308 	  260 	  156786 	   60 
 187308 	  187308 	  166 	  210572 	  125 
 187309 	  187309 	  222 	  207857 	  251 
 187308 	  187308 	  236 	  119592 	  251 
 187308 	  187308 	  274 	  147380 	  146 
 187309 	  187309 	  255 	  201365 	  117 
 187308 	  187308 	  242 	  224755 	   64 
 187308 	  187308 	  266 	  239616 	   50 
 187308 	  187308 	  220 	  180406 	   94 
 187309 	  187309 	  199 	  147829 	  240 
 187308 	  187308 	  203 	  153855 	  335 
 187308 	  187308 	  270 	  206129 	  271 
 187308 	  187308 	  294 	  166934 	   82 
 187309 	  187309 	  312 	  238461 	  153 
 187308 	  187308 	  416 	  200170 	  153 
 187308 	  187308 	  272 	  135293 	  201 
 187309 	  187309 	  207 	  233215 	  552 
 187308 	  187308 	  260 	  135545 	   95 
 187308 	  187308 	  225 	  207466 	  118 
 187308 	  187308 	  215 	  214364 	  133 
 187309 	  187309 	  356 	  201317 	   94 
 187308 	  187308 	  232 	  237126 	  120 
 187308 	  187308 	  263 	  200432 	  113 
 187309 	  187309 	  209 	  217176 	  188 
 187308 	  187308 	  225 	  126457 	  296 
 187308 	  187308 	  213 	  160173 	  222 
 187308 	  187308 	  180 	  115634 	  374 
 187309 	  187309 	  228 	  167366 	  294 
 187308 	  187308 	  239 	  159916 	  104 
 187308 	  187308 	  267 	  217315 	   87 
 187309 	  187309 	  225 	  223903 	   55 
 187308 	  187308 	  188 	  259860 	   76 
 187308 	  187308 	  161 	  208051 	   90 
 187308 	  187308 	  193 	  175109 	  140 
 187309 	  187309 	  203 	  243507 	  158 
 187308 	  187308 	  347 	  115421 	   74 
 187308 	  187308 	  212 	  176757 	   93 
 187308 	  187308 	  193 	  189185 	  162 
 187309 	  187309 	  167 	  229666 	   95 
 187308 	  187308 	  220 	  193660 	   75 
 187308 	  187308 	  270 	  181410 	   86 
 187309 	  187309 	  191 	  263552 	  153 
 187308 	  187308 	  270 	  149454 	   94 
 187308 	  187308 	  185 	  222095 	  130 
 187308 	  187308 	  235 	  163056 	   96 
 187309 	  187309 	  170 	  182997 	   83 
 187308 	  187308 	  204 	  206104 	   85 
 187308 	  187308 	  178 	  192575 	  101 
 187309 	  187309 	  183 	  263006 	   60 
 187308 	  187308 	  187 	  252636 	   55 
 187308 	  187308 	  234 	  194949 	   64 
 187308 	  187308 	  218 	  190138 	   77 
 187309 	  187309 	  165 	  198143 	  116 
 187308 	  187308 	  240 	  126648 	   97 
 187308 	  187308 	  174 	  195416 	  135 
 187308 	  187308 	  256 	  161260 	  102 
 187309 	  187309 	  217 	  211571 	   67 
 187308 	  187308 	  193 	  175139 	   73 
 187308 	  187308 	  200 	  180754 	  383 
 187309 	  187309 	  248 	  117205 	  317 
 187308 	  187308 	  287 	  165420 	  378 
 187308 	  187308 	  319 	  132489 	  436 
 187308 	  187308 	  253 	  132135 	  345 
 187309 	  187309 	  299 	  138259 	  170 
 187308 	  187308 	  243 	  214748 	  337 
 187308 	  187308 	  365 	  194846 	  108 
 187309 	  187309 	  286 	  255712 	  102 
 187308 	  187308 	  504 	  152443 	  173 
 187308 	  187308 	  228 	  208722 	  462 
 187308 	  187308 	  252 	  148117 	  191 
 187309 	  187309 	  217 	  254289 	  140 
 187308 	  187308 	  219 	  157894 	   90 
 187308 	  187308 	  166 	  145985 	  245 
 187308 	  187308 	  157 	  169016 	  542 
 187309 	  187309 	  183 	  134468 	  269 
 187308 	  187308 	  245 	  192642 	   59 
 187308 	  187308 	  175 	  240844 	   59 
 187309 	  187309 	  224 	  221585 	   69 
 187308 	  187308 	  182 	  245287 	   62 
 187308 	  187308 	  206 	  232481 	   56 
 187308 	  187308 	  199 	  202521 	   97 
 187309 	  187309 	  223 	   81843 	  168 
 187308 	  187308 	  175 	  137174 	  208 
 187308 	  187308 	  277 	  140411 	   83 
 187309 	  187309 	  244 	  212188 	  115 
 187308 	  187308 	  409 	  179111 	   52 
 187308 	  187308 	  189 	  216769 	  104 
 187308 	  187308 	  208 	  167590 	  101 
 187309 	  187309 	  216 	  211788 	   46 
 187308 	  187308 	  170 	  190181 	  130 
 187308 	  187308 	  152 	  191902 	   53 
 187308 	  187308 	  223 	  205203 	   46 
 187309 	  187309 	  230 	  195503 	   40 
 187308 	  187308 	  149 	  288353 	   63 
 187308 	  187308 	  231 	  196871 	   81 
 187309 	  187309 	  205 	  185416 	   64 
 187308 	  187308 	  259 	  207106 	   74 
 187308 	  187308 	  210 	  233246 	   89 
 187308 	  187308 	  155 	  166537 	  127 
 187309 	  187309 	  231 	  191626 	   87 
 187308 	  187308 	  350 	  134205 	   67 
 187308 	  187308 	  257 	  186715 	  722 
 187309 	  187309 	  248 	  140952 	  115 
 187308 	  187308 	  305 	  170523 	  144 
 187308 	  187308 	  281 	  239210 	  159 
 187308 	  187308 	  177 	  257527 	  327 
 187309 	  187309 	  381 	  105564 	  205 
 187308 	  187308 	  104 	   86543 	  927 
 187308 	  187308 	  221 	  130308 	  241 
 187308 	  187308 	  292 	  163572 	  400 
 187309 	  187309 	  355 	  150520 	  326 
 187308 	  187308 	  240 	  236856 	  751 
 187308 	  187308 	  190 	  120001 	  165 
 187309 	  187309 	  176 	  150293 	  205 
 187308 	  187308 	  162 	  237889 	  495 
 187308 	  187308 	  156 	  139704 	  354 
 187308 	  187308 	  224 	  177422 	  308 
 187309 	  187309 	  248 	  135453 	  307 
 187308 	  187308 	  329 	  208499 	 1695 
 187308 	  187308 	  163 	   96455 	  299 
 187309 	  187309 	  223 	  175464 	   93 
 187308 	  187308 	  117 	  230073 	  233 
 187308 	  187308 	  113 	  151861 	  119 
 187308 	  187308 	  146 	  152547 	   50 
 187309 	  187309 	  181 	  223143 	   65 
 187308 	  187308 	  147 	  167439 	   44 
 187308 	  187308 	  143 	  178582 	   52 
 187308 	  187308 	  126 	  293037 	   34 
 187309 	  187309 	  120 	  293844 	   25 
 187308 	  187308 	  118 	  264449 	   40 
 187308 	  187308 	  118 	  190404 	   65 
 187309 	  187309 	  135 	   85518 	  182 
 187308 	  187308 	  107 	  137166 	  255 
 187308 	  187308 	  121 	  194206 	   62 
 187308 	  187308 	  111 	  201386 	   61 
 187309 	  187309 	  187 	  247347 	   59 
 187308 	  187308 	  241 	  214212 	   48 
 187308 	  187308 	  122 	  235872 	   76 
 187309 	  187309 	  221 	  224006 	   49 
 187308 	  187308 	  133 	  129138 	  196 
 187308 	  187308 	  112 	  176508 	  933 
 187308 	  187308 	  141 	  148282 	  328 
 187309 	  187309 	  195 	  161528 	  263 
 187308 	  187308 	  193 	  170350 	  116 
 187308 	  187308 	  137 	  222585 	   92 
 187308 	  187308 	  148 	  217072 	   71 
 187309 	  187309 	  141 	  234317 	  218 
 187308 	  187308 	  221 	   99230 	  109 
 187308 	  187308 	  145 	  256042 	  399 
 187309 	  187309 	  219 	  156661 	  133 
 187308 	  187308 	  234 	  178461 	  318 
 187308 	  187308 	  185 	  197438 	  469 
 187308 	  187308 	  186 	  158209 	  377 
 187309 	  187309 	  175 	  167996 	  291 
 187308 	  187308 	  188 	  192408 	  214 
 187308 	  187308 	  221 	  246166 	  248 
 187309 	  187309 	  188 	  108955 	  133 
 187308 	  187308 	  213 	  150819 	 1577 
 187308 	  187308 	  302 	   78812 	  977 
 187308 	  187308 	  218 	  256713 	  312 
 187309 	  187309 	  223 	  107672 	  147 
 187308 	  187308 	  163 	  143826 	  176 
 187308 	  187308 	  211 	  174087 	  324 
 187308 	  187308 	  134 	  131344 	   95 
 187309 	  187309 	  136 	  185573 	   92 
 187308 	  187308 	  152 	  224017 	  106 
 187308 	  187308 	  185 	  173214 	   59 
 187309 	  187309 	  124 	  272210 	  121 
 187308 	  187308 	  175 	  224644 	  108 
 187308 	  187308 	  141 	  247467 	   94 
 187308 	  187308 	  280 	  193064 	  163 
 187309 	  187309 	  256 	  191623 	   72 
 187308 	  187308 	  342 	  230028 	   87 
 187308 	  187308 	  162 	  204780 	   82 
 187309 	  187309 	  236 	  134955 	   68 
 187308 	  187308 	  242 	  210574 	  409 
 187308 	  187308 	  146 	  194095 	  136 
 187308 	  187308 	  366 	  195074 	   86 
 187309 	  187309 	  230 	  204123 	  115 
 187308 	  187308 	  200 	  143409 	  101 
 187308 	  187308 	  213 	  281736 	  136 
 187308 	  187308 	  432 	  171459 	   56 
 187309 	  187309 	  238 	  216294 	  148 
 187308 	  187308 	  289 	  214159 	  111 
 187308 	  187308 	  229 	  170040 	  109 
 187309 	  187309 	  258 	  182136 	  114 
 187308 	  187308 	  164 	  231549 	  106 
 187308 	  187308 	  166 	  188272 	  135 
 187308 	  187308 	  127 	  157624 	  202 
 187309 	  187309 	  178 	  206804 	   77 
 187308 	  187308 	  184 	  186012 	   88 
 187308 	  187308 	  133 	  264431 	  131 
 187309 	  187309 	  179 	  172927 	   75 
 187308 	  187308 	  146 	  191924 	   91 
 187308 	  187308 	  182 	  196357 	   47 
 187308 	  187308 	  185 	  187805 	  125 
 187309 	  187309 	  202 	  171026 	  123 
 187308 	  187308 	  214 	  204916 	  105 
 187308 	  187308 	  145 	  193725 	  151 
 187308 	  187308 	  199 	  163940 	  152 
 187309 	  187309 	  184 	  195420 	  142 
 187308 	  187308 	  155 	  195315 	  124 
 187308 	  187308 	  265 	  179875 	   61 
 187309 	  187309 	  160 	  245103 	  121 
 187308 	  187308 	  200 	  159186 	   98 
 187308 	  187308 	  131 	  197610 	  275 
 187308 	  187308 	  139 	  158695 	  107 
 187309 	  187309 	  163 	  224851 	   55 
 187308 	  187308 	  170 	  213631 	   46 
 187308 	  187308 	  114 	  170430 	  162 
 187309 	  187309 	  140 	  183622 	   64 
 187308 	  187308 	  146 	  260655 	  150 
 187308 	  187308 	  166 	  194549 	   94 
 187308 	  187308 	  187 	  185195 	  101 
 187309 	  187309 	  140 	  195420 	  226 
 187308 	  187308 	  183 	  207710 	  140 
 187308 	  187308 	  213 	  221140 	   69 
 187308 	  187308 	  179 	  199381 	  105 
 187309 	  187309 	  204 	  100889 	  109 
 187308 	  187308 	  252 	  270570 	  744 
 187308 	  187308 	  251 	   96217 	  274 
 187309 	  187309 	  312 	  100204 	  490 
 187308 	  187308 	  291 	  113759 	 1110 
 187308 	  187308 	  330 	  215733 	  365 
 187308 	  187308 	  265 	  144938 	   72 
 187309 	  187309 	  180 	  193348 	   94 
 187308 	  187308 	  179 	  239776 	   92 
 187308 	  187308 	  175 	  207835 	   95 
 187309 	  187309 	  366 	  200805 	   48 
 187308 	  187308 	  233 	  177136 	   84 
 187308 	  187308 	  216 	  153015 	  325 
 187308 	  187308 	  258 	  160747 	  179 
 187309 	  187309 	  191 	  197504 	  134 
 187308 	  187308 	  209 	  204133 	  279 
 187308 	  187308 	  176 	  161372 	  152 
 187308 	  187308 	  277 	  190051 	   71 
 187309 	  187309 	  257 	  252401 	  388 
 187308 	  187308 	  293 	  150719 	  605 
 187308 	  187308 	  209 	  138128 	  489 
 187309 	  187309 	  207 	  131399 	  303 
 187308 	  187308 	  243 	  126834 	  386 
 187308 	  187308 	  324 	  157254 	  222 
 187308 	  187308 	  200 	  242463 	  316 
 187309 	  187309 	  249 	  233986 	  180 
 187308 	  187308 	  301 	  149505 	   93 
 187308 	  187308 	  342 	  240946 	  681 
 187309 	  187309 	  354 	  148373 	  215 
 187308 	  187308 	  357 	  212575 	  477 
 187308 	  187308 	  179 	   95510 	  150 
 187308 	  187308 	  303 	  169295 	  583 
 187309 	  187309 	  271 	  161685 	  556 
 187308 	  187308 	  345 	  127626 	  101 
 187308 	  187308 	  165 	  296175 	  342 
 187308 	  187308 	  168 	  147862 	  212 
 187309 	  187309 	  234 	  168784 	  257 
 187308 	  187308 	  187 	  204115 	   64 
 187308 	  187308 	  255 	  242155 	  101 
 187309 	  187309 	  292 	  108469 	   88 
 187308 	  187308 	  294 	  221429 	  327 
 187308 	  187308 	  167 	  174169 	  100 
 187308 	  187308 	  145 	  209055 	  184 
 187309 	  187309 	  186 	  191340 	  228 
 187308 	  187308 	  173 	  162578 	  117 
 187308 	  187308 	  131 	  221647 	  266 
 187309 	  187309 	  246 	  167220 	   56 
 187308 	  187308 	  189 	  163284 	   98 
 187308 	  187308 	  162 	  245701 	  262 
 187308 	  187308 	  226 	  170583 	   93 
 187309 	  187309 	  180 	  199038 	   86 
 187308 	  187308 	  231 	  187828 	   70 
 187308 	  187308 	  164 	  265693 	  338 
 187308 	  187308 	  324 	  109090 	  108 
 187309 	  187309 	  171 	  226471 	  326 
 187308 	  187308 	  161 	  163050 	  106 
 187308 	  187308 	  179 	  279812 	   90 
 187309 	  187309 	  168 	  168736 	  129 
 187308 	  187308 	  247 	  170746 	   65 
 187308 	  187308 	  171 	  199025 	  372 
 187308 	  187308 	  133 	  106476 	  854 
 187309 	  187309 	  210 	  190047 	  306 
 187308 	  187308 	  215 	  167877 	  124 
 187308 	  187308 	  148 	  167901 	  340 
 187309 	  187309 	  230 	  136901 	  191 
 187308 	  187308 	  243 	  145854 	  200 
 187308 	  187308 	  180 	  210889 	  337 
 187308 	  187308 	  232 	  186865 	   89 
 187309 	  187309 	  222 	  165605 	  133 
 187308 	  187308 	  141 	  190818 	  174 
 187308 	  187308 	  148 	  155997 	  159 
 187308 	  187308 	  178 	  235425 	   86 
 187309 	  187309 	  231 	  265070 	   46 
 187308 	  187308 	  172 	  240824 	   89 
 187308 	  187308 	  224 	  192340 	   61 
 187309 	  187309 	  178 	  133681 	   84 
 187308 	  187308 	  160 	  309698 	  169 
 187308 	  187308 	  306 	  145954 	   58 
 187308 	  187308 	  183 	  298000 	   98 
 187309 	  187309 	  321 	  152827 	   52 
 187308 	  187308 	  247 	  179139 	  149 
 187308 	  187308 	  244 	  190654 	  103 
 187309 	  187309 	  237 	  157153 	  112 
 187308 	  187308 	  160 	  161096 	  192 
 187308 	  187308 	  141 	  190986 	  136 
 187308 	  187308 	  268 	  168636 	   31 
 187309 	  187309 	  156 	  273163 	   73 
 187308 	  187308 	  201 	  174640 	   73 
 187308 	  187308 	  150 	  188548 	  642 
 187308 	  187308 	  184 	  198382 	  105 
 187309 	  187309 	  151 	  213006 	  118 
 187308 	  187308 	  166 	  191642 	  100 
 187308 	  187308 	  276 	  181404 	   53 
 187309 	  187309 	  101 	  164422 	  147 
 187308 	  187308 	  150 	  214880 	  384 
 187308 	  187308 	  176 	  214367 	  176 
 187308 	  187308 	  216 	  217710 	   59 
 187309 	  187309 	  227 	  229379 	  150 
 187308 	  187308 	  360 	   99155 	  117 
 187308 	  187308 	  334 	  205422 	   84 
 187309 	  187309 	  204 	  196325 	  182 
 187308 	  187308 	  149 	  206921 	  379 
 187308 	  187308 	  174 	  197206 	  124 
 187308 	  187308 	  263 	  227675 	   64 
 187309 	  187309 	  220 	  249170 	   50 
 187308 	  187308 	  179 	  181189 	   82 
 187308 	  187308 	  139 	  226484 	  145 
 187308 	  187308 	  186 	  209791 	  104 
 187309 	  187309 	  186 	  191819 	  131 
 187308 	  187308 	  199 	  170905 	   80 
 187308 	  187308 	  167 	  175704 	  171 
 187309 	  187309 	  179 	  147763 	  190 
 187308 	  187308 	  145 	  225750 	  128 
 187308 	  187308 	  228 	  198677 	   82 
 187308 	  187308 	  268 	  187494 	  296 
 187309 	  187309 	  187 	  197367 	  333 
 187308 	  187308 	  186 	  228056 	  233 
 187308 	  187308 	  330 	  162372 	  106 
 187309 	  187309 	  198 	  205239 	  198 
 187308 	  187308 	  192 	  150050 	  500 
 187308 	  187308 	  161 	  173359 	  532 
 187308 	  187308 	  221 	  197405 	   89 
 187309 	  187309 	  208 	  251595 	   59 
 187308 	  187308 	  187 	  221526 	   96 
 187308 	  187308 	  174 	  177277 	  133 
 187308 	  187308 	  173 	  165294 	  260 
 187309 	  187309 	  149 	  213687 	  238 
 187308 	  187308 	  252 	  172035 	  103 
 187308 	  187308 	  217 	  180821 	  190 
 187309 	  187309 	  161 	  231937 	  238 
 187308 	  187308 	  310 	  105415 	   68 
 187308 	  187308 	  234 	  215744 	  779 
 187308 	  187308 	  202 	  198227 	  320 
 187309 	  187309 	  329 	  156676 	   94 
 187308 	  187308 	  209 	  170308 	  177 
 187308 	  187308 	  176 	  198435 	  145 
 187309 	  187309 	  193 	  150983 	   84 
 187308 	  187308 	  308 	  254646 	  219 
 187308 	  187308 	  171 	  166623 	   91 
 187308 	  187308 	  133 	  153687 	   87 
 187309 	  187309 	  142 	  345241 	   86 
 187308 	  187308 	  261 	  219739 	   96 
 187308 	  187308 	  217 	  252854 	  147 
 187308 	  187308 	  276 	  155710 	  161 
 187309 	  187309 	  381 	  103011 	  399 
 187308 	  187308 	  189 	  184568 	  546 
 187308 	  187308 	  147 	  206397 	  254 
 187309 	  187309 	  164 	  191297 	  335 
 187308 	  187308 	  311 	  192018 	  176 
 187308 	  187308 	  433 	  146080 	  223 
 187308 	  187308 	  371 	  137010 	  789 
 187309 	  187309 	  179 	  122031 	  291 
 187308 	  187308 	  198 	  208043 	  200 
 187308 	  187308 	  126 	  205245 	  128 
 187309 	  187309 	  165 	  184096 	  408 
 187308 	  187308 	  240 	  235017 	  140 
 187308 	  187308 	  299 	  195078 	  123 
 187308 	  187308 	  123 	  204244 	  437 
 187309 	  187309 	  173 	  157842 	  113 
 187308 	  187308 	  135 	  194045 	  175 
 187308 	  187308 	  196 	  172667 	   80 
 187308 	  187308 	  165 	  191268 	  138 
 187309 	  187309 	  149 	  236261 	  208 
 187308 	  187308 	  349 	  131499 	  453 
 187308 	  187308 	  407 	  147079 	  455 
 187309 	  187309 	  179 	  192623 	  265 
 187308 	  187308 	  180 	  208585 	   99 
 187308 	  187308 	  222 	  197258 	  185 
 187308 	  187308 	  355 	  187426 	  231 
 187309 	  187309 	  189 	  198862 	  212 
 187308 	  187308 	  167 	  221671 	  486 
 187308 	  187308 	  294 	  100992 	   92 
 187309 	  187309 	  222 	  255303 	 1935 
 187308 	  187308 	  164 	  124211 	  591 
 187308 	  187308 	  245 	   96066 	  153 
 187308 	  187308 	  144 	  235297 	  332 
 187309 	  187309 	  145 	  177480 	  213 
 187308 	  187308 	  150 	  185840 	  190 
 187308 	  187308 	  258 	   88093 	  147 
 187308 	  187308 	  112 	  178563 	  584 
 187309 	  187309 	   92 	  103912 	  301 
 187308 	  187308 	  135 	  193880 	  276 
 187308 	  187308 	  219 	  263342 	   37 
 187309 	  187309 	  170 	  167801 	   57 
 187308 	  187308 	  124 	  228010 	  246 
 187308 	  187308 	  187 	   88023 	  104 
 187308 	  187308 	  122 	  209619 	  311 
 187309 	  187309 	  133 	  163790 	  148 
 187308 	  187308 	  211 	  248360 	   63 
 187308 	  187308 	  169 	  196789 	  132 
 187309 	  187309 	  159 	  209790 	  166 
 187308 	  187308 	  161 	  116241 	   67 
 187308 	  187308 	  107 	  203325 	   83 
 187308 	  187308 	  275 	  167846 	   30 
 187309 	  187309 	  161 	  370171 	   97 
 187308 	  187308 	  181 	  237057 	   91 
 187308 	  187308 	  214 	  199987 	   39 
 187308 	  187308 	  144 	  136425 	  116 
 187309 	  187309 	  134 	  156246 	  118 
 187308 	  187308 	  272 	  151783 	   52 
 187308 	  187308 	  143 	  278823 	  210 
 187309 	  187309 	  199 	  120714 	  122 
 187308 	  187308 	  167 	  214227 	  218 
 187308 	  187308 	  127 	  169522 	   58 
 187308 	  187308 	  181 	  156215 	   48 
 187309 	  187309 	   92 	  261801 	   99 
 187308 	  187308 	  130 	  141677 	  104 
 187308 	  187308 	  201 	  177022 	   38 
 187309 	  187309 	  165 	  247545 	  140 
 187308 	  187308 	  222 	  181114 	   48 
 187308 	  187308 	  184 	  231931 	  112 
 187308 	  187308 	  139 	  196975 	  374 
 187309 	  187309 	  193 	  111891 	  129 
 187308 	  187308 	  148 	  174484 	  320 
 187308 	  187308 	  163 	  175232 	   80 
 187308 	  187308 	  185 	  182552 	  100 
 187309 	  187309 	  194 	  146276 	   78 
 187308 	  187308 	  118 	  221870 	  151 
 187308 	  187308 	  150 	   95321 	  246 
 187309 	  187309 	  128 	  197260 	  102 
 187308 	  187308 	  127 	  236051 	   61 
 187308 	  187308 	  184 	  225596 	   55 
 187308 	  187308 	  162 	  218278 	   58 
 187309 	  187309 	  172 	  206046 	   67 
 187308 	  187308 	  187 	  193392 	   57 
 187308 	  187308 	  163 	  265100 	   68 
 187309 	  187309 	  185 	  264611 	   67 
 187308 	  187308 	  217 	  161684 	   51 
 187308 	  187308 	  197 	  226250 	   94 
 187308 	  187308 	  187 	  176585 	   87 
 187309 	  187309 	  168 	  184002 	  130 
 187308 	  187308 	  255 	  118417 	   80 
 187308 	  187308 	  163 	  236783 	  272 
 187308 	  187308 	  167 	  207977 	  152 
 187309 	  187309 	  215 	  195091 	   79 
 187308 	  187308 	  126 	  226658 	  148 
 187308 	  187308 	  164 	  162550 	  116 
 187309 	  187309 	  207 	  218218 	  109 
 187308 	  187308 	  185 	  132051 	  149 
 187308 	  187308 	  149 	  236648 	  114 
 187308 	  187308 	  199 	  112401 	   96 
 187309 	  187309 	  168 	  187181 	  126 
 187308 	  187308 	  173 	  236924 	   68 
 187308 	  187308 	  177 	  197549 	   70 
 187309 	  187309 	  134 	  221754 	   70 
 187308 	  187308 	  150 	  242044 	   80 
 187308 	  187308 	  197 	  199429 	   67 
 187308 	  187308 	  178 	  226690 	  147 
 187309 	  187309 	  166 	  162084 	   92 
 187308 	  187308 	  192 	  180035 	   82 
 187308 	  187308 	  175 	  174076 	  136 
 187308 	  187308 	  148 	  201614 	  147 
 187309 	  187309 	  253 	  117509 	   95 
 187308 	  187308 	  209 	  215683 	  146 
 187308 	  187308 	  410 	  217878 	  758 
 187309 	  187309 	  228 	  141612 	  316 
 187308 	  187308 	  300 	  125944 	  385 
 187308 	  187308 	  186 	  189874 	  734 
 187308 	  187308 	  164 	  125513 	  326 
 187309 	  187309 	  171 	  167656 	   83 
 187308 	  187308 	  212 	  295206 	   89 
 187308 	  187308 	  174 	  198242 	   64 
 187309 	  187309 	  162 	  181811 	  349 
 187308 	  187308 	  362 	  159014 	  267 
 187308 	  187308 	  379 	  163185 	  367 
 187308 	  187308 	  410 	  183314 	  221 
 187309 	  187309 	  349 	  126278 	  352 
 187308 	  187308 	  271 	  174098 	  259 
 187308 	  187308 	  300 	  179901 	  123 
 187308 	  187308 	  137 	  135508 	  240 
 187309 	  187309 	  152 	  179200 	  110 
 187308 	  187308 	  244 	  266850 	  144 
 187308 	  187308 	  274 	  225344 	   99 
 187309 	  187309 	  359 	  203226 	  120 
 187308 	  187308 	  392 	  156060 	  152 
 187308 	  187308 	  221 	  132958 	  137 
 187308 	  187308 	  165 	  169674 	  213 
 187309 	  187309 	  216 	  130925 	  657 
 187308 	  187308 	  232 	  127940 	  167 
 187308 	  187308 	  158 	  236353 	  358 
 187309 	  187309 	  211 	  147465 	  108 
 187308 	  187308 	  156 	  257959 	  206 
 187308 	  187308 	  151 	  160736 	  109 
 187308 	  187308 	  198 	  219805 	  212 
 187309 	  187309 	  354 	   87519 	   78 
 187308 	  187308 	  273 	  266149 	 1690 
 187308 	  187308 	  163 	  145764 	   57 
 187308 	  187308 	  175 	  278074 	   70 
 187309 	  187309 	  178 	  147871 	   78 
 187308 	  187308 	  193 	  188001 	  262 
 187308 	  187308 	  199 	  228843 	  210 
 187309 	  187309 	  150 	  158405 	  104 
 187308 	  187308 	  189 	  229395 	  118 
 187308 	  187308 	  226 	  154753 	   90 
 187308 	  187308 	  231 	  232459 	  110 
 187309 	  187309 	  261 	  176753 	   99 
 187308 	  187308 	  202 	  269560 	  383 
 187308 	  187308 	  248 	   90399 	  146 
 187309 	  187309 	  179 	  229294 	  341 
 187308 	  187308 	  275 	  104555 	  186 
 187308 	  187308 	  241 	  171274 	  298 
 187308 	  187308 	  204 	  128948 	  287 
 187309 	  187309 	  155 	  150695 	  504 
 187308 	  187308 	  201 	  134380 	  532 
 187308 	  187308 	  240 	  225112 	  967 
 187308 	  187308 	  239 	  192291 	   89 
 187309 	  187309 	  222 	  240386 	   96 
 187308 	  187308 	  222 	  202434 	  109 
 187308 	  187308 	  182 	  212850 	  235 
 187309 	  187309 	  309 	  107587 	  152 
 187308 	  187308 	  253 	  151396 	  649 
 187308 	  187308 	  315 	  134428 	  455 
 187308 	  187308 	  186 	  122120 	  114 
 187309 	  187309 	  166 	  160660 	  143 
 187308 	  187308 	  177 	  193083 	  219 
 187308 	  187308 	  215 	  192164 	   90 
 187309 	  187309 	  212 	  194929 	   70 
 187308 	  187308 	  171 	  199615 	   61 
 187308 	  187308 	  174 	  236759 	   59 
 187308 	  187308 	  118 	  255757 	  239 
 187309 	  187309 	  124 	  182003 	  140 
 187308 	  187308 	  178 	  172504 	   74 
 187308 	  187308 	  151 	  192785 	  191 
 187308 	  187308 	  161 	  176795 	  389 
 187309 	  187309 	  183 	  146321 	  203 
 187308 	  187308 	  147 	  154285 	  148 
 187308 	  187308 	  201 	  140002 	  192 
 187309 	  187309 	  136 	  195027 	  421 
 187308 	  187308 	  192 	  182086 	  218 
 187308 	  187308 	  262 	  170278 	  114 
 187308 	  187308 	  174 	  164530 	  215 
 187309 	  187309 	  169 	  152532 	  329 
 187308 	  187308 	  186 	  181275 	  214 
 187308 	  187308 	  204 	  170101 	  147 
 187309 	  187309 	  142 	  270756 	  215 
 187308 	  187308 	  265 	  199796 	   87 
 187308 	  187308 	  224 	  163297 	  130 
 187308 	  187308 	  128 	  229345 	  260 
 187309 	  187309 	  196 	  218158 	   41 
 187308 	  187308 	  121 	  210787 	   98 
 187308 	  187308 	  164 	  159126 	  302 
 187308 	  187308 	  168 	  190683 	  112 
 187309 	  187309 	  189 	  171746 	  118 
 187308 	  187308 	  109 	  178298 	  278 
 187308 	  187308 	  206 	  162477 	  286 
 187309 	  187309 	  236 	  151258 	  206 
 187308 	  187308 	  416 	  108422 	   54 
 187308 	  187308 	  165 	  264107 	  270 
 187308 	  187308 	  135 	  178647 	  193 
 187309 	  187309 	  234 	  133736 	   97 
 187308 	  187308 	  160 	  269396 	  147 
 187308 	  187308 	  178 	  180048 	  138 
 187309 	  187309 	  147 	  187862 	  384 
 187308 	  187308 	  292 	  143980 	   94 
 187308 	  187308 	  277 	  244170 	   88 
 187308 	  187308 	  219 	  187839 	   87 
 187309 	  187309 	  198 	  146137 	  151 
 187308 	  187308 	  192 	  236777 	  431 
 187308 	  187308 	  250 	  226188 	  164 
 187308 	  187308 	  294 	  194925 	  128 
 187309 	  187309 	  263 	  134871 	  341 
 187308 	  187308 	  177 	   99534 	  502 
 187308 	  187308 	  198 	  203765 	  713 
 187309 	  187309 	  234 	  154234 	  108 
 187308 	  187308 	  215 	  209859 	  153 
 187308 	  187308 	  123 	  156974 	   89 
 187308 	  187308 	  141 	  215389 	   98 
 187309 	  187309 	  156 	  176281 	  431 
 187308 	  187308 	  239 	  170757 	  443 
 187308 	  187308 	  358 	  145069 	  382 
 187309 	  187309 	   88 	  211840 	  633 
 187308 	  187308 	  139 	  154398 	  270 
 187308 	  187308 	  205 	  175330 	  193 
 187308 	  187308 	  140 	  236205 	  389 
 187309 	  187309 	  147 	  143910 	  111 
 187308 	  187308 	  182 	  190513 	  976 
 187308 	  187308 	  401 	   77174 	  906 
 187308 	  187308 	  109 	  166322 	  877 
 187309 	  187309 	  143 	  110816 	  314 
 187308 	  187308 	  201 	  200457 	  867 
 187308 	  187308 	  283 	  274885 	 1709 
 187309 	  187309 	  367 	   70900 	  395 
 187308 	  187308 	  417 	  180111 	  719 
 187308 	  187308 	  248 	  111103 	  282 
 187308 	  187308 	  146 	  146246 	  377 
 187309 	  187309 	  168 	  181005 	  718 
 187308 	  187308 	  245 	  129626 	  337 
 187308 	  187308 	  224 	  206219 	  978 
 187309 	  187309 	  186 	  164757 	  840 
 187308 	  187308 	  138 	  127813 	  852 
 187308 	  187308 	  119 	  143567 	  704 
 187308 	  187308 	  197 	  157401 	   44 
 187309 	  187309 	  117 	  294359 	   76 
 187308 	  187308 	  121 	  239868 	   53 
 187308 	  187308 	  130 	  180396 	   71 
 187308 	  187308 	  113 	  150068 	  203 
 187309 	  187309 	  120 	  208243 	  181 
 187308 	  187308 	  128 	  210842 	  172 
 187308 	  187308 	  196 	   81395 	  131 
 187309 	  187309 	  100 	  222590 	  769 
 187308 	  187308 	  206 	   84571 	   90 
 187308 	  187308 	  118 	  286783 	  113 
 187308 	  187308 	  154 	  152824 	   72 
 187309 	  187309 	  111 	  183493 	  112 
 187308 	  187308 	  136 	  210816 	   54 
 187308 	  187308 	  134 	  165707 	   87 
 187309 	  187309 	  170 	  180967 	   82 
 187308 	  187308 	  165 	  253495 	   54 
 187308 	  187308 	  188 	  236631 	   34 
 187308 	  187308 	  149 	  206807 	   43 
 187309 	  187309 	  104 	  153711 	  140 
 187308 	  187308 	   80 	  230068 	  720 
 187308 	  187308 	  215 	  167150 	  229 
 187308 	  187308 	  218 	  192437 	  195 
 187309 	  187309 	  200 	  139139 	  340 
 187308 	  187308 	  147 	  168049 	  537 
 187308 	  187308 	  113 	  212966 	  733 
 187309 	  187309 	  242 	  123168 	  134 
 187308 	  187308 	  146 	  227594 	  536 
 187308 	  187308 	  246 	  174869 	  110 
 187308 	  187308 	  195 	  215873 	  344 
 187309 	  187309 	  185 	  118051 	  172 
 187308 	  187308 	  215 	  283233 	  145 
 187308 	  187308 	  192 	  169998 	  293 
 187309 	  187309 	  156 	  236906 	  392 
 187308 	  187308 	  183 	  142685 	  106 
 187308 	  187308 	  117 	  174228 	   78 
 187308 	  187308 	  114 	  185580 	   71 
 187309 	  187309 	  116 	  182318 	  131 
 187308 	  187308 	   96 	  210677 	  133 
 187308 	  187308 	  112 	  189983 	   68 
 187308 	  187308 	  256 	  189400 	   42 
 187309 	  187309 	  155 	  280807 	   33 
 187308 	  187308 	   92 	  365675 	   77 
 187308 	  187308 	  230 	  151277 	   38 
 187309 	  187309 	  157 	  255816 	   45 
 187308 	  187308 	  179 	  104631 	   89 
 187308 	  187308 	  127 	  105698 	  133 
 187308 	  187308 	  140 	  277994 	 1213 
 187309 	  187309 	  196 	   87926 	  127 
 187308 	  187308 	  116 	  175808 	  355 
 187308 	  187308 	  195 	  122137 	  129 
 187309 	  187309 	  166 	  191957 	  119 
 187308 	  187308 	  140 	  197881 	  206 
 187308 	  187308 	  182 	  139557 	  145 
 187308 	  187308 	  184 	  254097 	  373 
 187309 	  187309 	  198 	  156391 	  252 
 187308 	  187308 	  207 	  162674 	  796 
 187308 	  187308 	  151 	  138491 	  126 
 187308 	  187308 	  148 	  168431 	  128 
 187309 	  187309 	  113 	  263323 	  104 
 187308 	  187308 	  119 	  237035 	   91 
 187308 	  187308 	  146 	  162875 	   52 
 187309 	  187309 	   88 	  282178 	  250 
 187308 	  187308 	  156 	  165734 	   65 
 187308 	  187308 	  174 	  177958 	   60 
 187308 	  187308 	  100 	  281077 	  124 
 187309 	  187309 	  243 	  135114 	   71 
 187308 	  187308 	  169 	  169164 	   84 
 187308 	  187308 	  144 	  198341 	   81 
 187309 	  187309 	   97 	  201816 	   67 
 187308 	  187308 	  181 	  220793 	   26 
 187308 	  187308 	  158 	  223319 	  104 
 187308 	  187308 	  155 	  255036 	  116 
 187309 	  187309 	  166 	  201294 	  130 
 187308 	  187308 	  165 	  163622 	  386 
 187308 	  187308 	  191 	  102436 	   95 
 187308 	  187308 	  176 	  134980 	  496 
 187309 	  187309 	  360 	  205906 	 2045 
 187308 	  187308 	  218 	  133353 	 1164 
 187308 	  187308 	  198 	  122232 	  327 
 187309 	  187309 	  396 	  148901 	  268 
 187308 	  187308 	  472 	  102229 	  279 
 187308 	  187308 	  191 	  215147 	  361 
 187308 	  187308 	  176 	  172321 	  522 
 187309 	  187309 	  255 	  200249 	  117 
 187308 	  187308 	  216 	  207977 	   62 
 187308 	  187308 	  236 	  218962 	  105 
 187309 	  187309 	  251 	  231723 	  191 
 187308 	  187308 	  220 	  121561 	   64 
 187308 	  187308 	  133 	  231696 	  770 
 187308 	  187308 	  239 	  175746 	   84 
 187309 	  187309 	  195 	  207902 	   91 
 187308 	  187308 	  204 	  206065 	  208 
 187308 	  187308 	  187 	  150613 	   80 
 187308 	  187308 	  105 	  255648 	  755 
 187309 	  187309 	  169 	  167280 	  177 
 187308 	  187308 	  205 	  163355 	  118 
 187308 	  187308 	  312 	  229726 	  481 
 187309 	  187309 	  398 	  243331 	  731 
 187308 	  187308 	  361 	  128711 	   79 
 187308 	  187308 	  199 	  260192 	  302 
 187308 	  187308 	  225 	  195569 	  296 
 187309 	  187309 	  246 	  229019 	  533 
 187308 	  187308 	  207 	  123773 	  158 
 187308 	  187308 	  199 	  181878 	  420 
 187309 	  187309 	  192 	  189125 	  655 
 187308 	  187308 	  175 	  170193 	  320 
 187308 	  187308 	  196 	  141478 	  432 
 187308 	  187308 	  234 	  164856 	  940 
 187309 	  187309 	  225 	  123014 	 1412 
 187308 	  187308 	  251 	  103551 	  378 
 187308 	  187308 	  351 	  125759 	  249 
 187308 	  187308 	  201 	  113095 	  439 
 187309 	  187309 	  242 	  221029 	 1075 
 187308 	  187308 	  166 	  163180 	  170 
 187308 	  187308 	  193 	  227464 	  136 
 187309 	  187309 	  151 	  214046 	  111 
 187308 	  187308 	  142 	  137073 	  109 
 187308 	  187308 	  291 	  162881 	  250 
 187308 	  187308 	  187 	  213506 	  363 
 187309 	  187309 	  212 	  123945 	  262 
 187308 	  187308 	  150 	  208184 	  302 
 187308 	  187308 	  188 	  147857 	  214 
 187309 	  187309 	  162 	  228575 	  261 
 187308 	  187308 	  221 	  136691 	  133 
 187308 	  187308 	  203 	  252387 	  572 
 187308 	  187308 	  221 	  174660 	  137 
 187309 	  187309 	  185 	  174903 	  210 
 187308 	  187308 	  201 	  196996 	  165 
 187308 	  187308 	  159 	  190113 	  133 
 187308 	  187308 	  141 	  167942 	  433 
 187309 	  187309 	  118 	  287613 	  368 
 187308 	  187308 	  204 	  156732 	   98 
 187308 	  187308 	  148 	  176995 	  223 
 187309 	  187309 	  139 	  246412 	  295 
 187308 	  187308 	  191 	  223057 	   81 
 187308 	  187308 	  183 	  188705 	  161 
 187308 	  187308 	  245 	  207730 	   74 
 187309 	  187309 	  229 	  164430 	   86 
 187308 	  187308 	  125 	  243551 	  227 
 187308 	  187308 	  142 	   74729 	  190 
 187309 	  187309 	  206 	  210258 	  102 
 187308 	  187308 	  167 	  182634 	   73 
 187308 	  187308 	  145 	  251697 	  339 
 187308 	  187308 	  340 	  106752 	  131 
 187309 	  187309 	  145 	  210533 	  339 
 187308 	  187308 	  153 	  153340 	   85 
 187308 	  187308 	  134 	  260314 	   95 
 187308 	  187308 	  127 	  207583 	  137 
 187309 	  187309 	  199 	  225043 	   30 
 187308 	  187308 	  128 	  269978 	   88 
 187308 	  187308 	   88 	  188647 	  132 
 187309 	  187309 	  198 	  173434 	   24 
 187308 	  187308 	   96 	  235141 	   63 
 187308 	  187308 	  171 	  158280 	   65 
 187308 	  187308 	  113 	  107716 	  125 
 187309 	  187309 	  146 	  180715 	  925 
 187308 	  187308 	  339 	  153789 	  145 
 187308 	  187308 	  180 	  187899 	  112 
 187309 	  187309 	  166 	  178908 	  175 
 187308 	  187308 	  225 	  141456 	   96 
 187308 	  187308 	  196 	  161135 	  352 
 187308 	  187308 	  236 	  122047 	  424 
 187309 	  187309 	  166 	  136500 	  427 
 187308 	  187308 	  194 	  174754 	  273 
 187308 	  187308 	  166 	  173012 	  279 
 187308 	  187308 	  259 	  115568 	   91 
 187309 	  187309 	  228 	  250607 	  697 
 187308 	  187308 	  280 	  103013 	  302 
 187308 	  187308 	  200 	  151960 	 1333 
 187309 	  187309 	  145 	  161096 	 1363 
 187308 	  187308 	  163 	  206466 	  169 
 187308 	  187308 	  158 	  177913 	  119 
 187308 	  187308 	  158 	  250916 	  167 
 187309 	  187309 	  172 	  102287 	  293 
 187308 	  187308 	  168 	  215776 	  645 
 187308 	  187308 	  182 	  172155 	  517 
 187309 	  187309 	  187 	  137713 	  396 
 187308 	  187308 	  174 	  196677 	  551 
 187308 	  187308 	  286 	  161229 	  138 
 187308 	  187308 	  159 	  167172 	  227 
 187309 	  187309 	  206 	  189318 	  244 
 187308 	  187308 	  141 	  160953 	  604 
 187308 	  187308 	  199 	  115929 	  443 
 187308 	  187308 	  474 	  160944 	 1490 
 187309 	  187309 	  425 	  157034 	 1348 
 187308 	  187308 	  244 	  125585 	  401 
 187308 	  187308 	  241 	  106148 	  599 
 187309 	  187309 	  177 	  164011 	 1048 
 187308 	  187308 	  224 	  129742 	  425 
 187308 	  187308 	  162 	  183319 	  521 
 187308 	  187308 	  305 	  113671 	   87 
 187309 	  187309 	  276 	  301989 	 1640 
 187308 	  187308 	  180 	  191456 	   83 
 187308 	  187308 	  207 	  182045 	   56 
 187309 	  187309 	  179 	  158490 	   56 
 187308 	  187308 	   98 	  253960 	   82 
 187308 	  187308 	  243 	  176155 	   97 
 187308 	  187308 	  141 	  215748 	  222 
 187309 	  187309 	  221 	  146712 	  114 
 187308 	  187308 	  170 	  224672 	  168 
 187308 	  187308 	  179 	  169825 	   79 
 187308 	  187308 	  225 	  174885 	   76 
 187309 	  187309 	  172 	  232090 	  203 
 187308 	  187308 	  176 	  168208 	  123 
 187308 	  187308 	  163 	  205557 	  101 
 187309 	  187309 	  134 	  274101 	   90 
 187308 	  187308 	  140 	  234962 	  121 
 187308 	  187308 	  242 	  107325 	   60 
 187308 	  187308 	  140 	  205032 	  328 
 187309 	  187309 	  269 	  149702 	   87 
 187308 	  187308 	  219 	  239637 	  107 
 187308 	  187308 	  204 	  197087 	   62 
 187309 	  187309 	  127 	  275896 	  223 
 187308 	  187308 	  196 	  195633 	   50 
 187308 	  187308 	  175 	  263820 	   81 
 187308 	  187308 	  183 	  155653 	  121 
 187309 	  187309 	  166 	  124725 	  124 
 187308 	  187308 	  187 	  208457 	  294 
 187308 	  187308 	  164 	  180773 	  539 
 187308 	  187308 	  215 	  133464 	   98 
 187309 	  187309 	  173 	  161764 	  202 
 187308 	  187308 	  249 	  135609 	   94 
 187308 	  187308 	  176 	  236917 	  152 
 187309 	  187309 	  178 	  151588 	  220 
 187308 	  187308 	  123 	  196594 	  241 
 187308 	  187308 	  196 	  169030 	  102 
 187308 	  187308 	  174 	  195915 	  110 
 187309 	  187309 	  171 	  307062 	   56 
 187308 	  187308 	  187 	  168029 	   41 
 187308 	  187308 	  151 	  223817 	  124 
 187309 	  187309 	  120 	  205208 	  410 
 187308 	  187308 	  254 	  161700 	  176 
 187308 	  187308 	  236 	  208932 	  329 
 187308 	  187308 	  262 	  152213 	  137 
 187309 	  187309 	  129 	  239266 	  177 
 187308 	  187308 	  127 	  230681 	  226 
 187308 	  187308 	  213 	  162818 	   94 
 187308 	  187308 	  155 	  241689 	  294 
 187309 	  187309 	  182 	  146630 	  119 
 187308 	  187308 	  128 	  151632 	  452 
 187308 	  187308 	  233 	  121539 	  732 
 187309 	  187309 	  166 	  190366 	  265 
 187308 	  187308 	  225 	  157520 	   85 
 187308 	  187308 	  170 	  254038 	  110 
 187308 	  187308 	  212 	  227562 	   65 
 187309 	  187309 	  200 	  268559 	   79 
 187308 	  187308 	  228 	  208499 	   77 
 187308 	  187308 	  147 	  147015 	  193 
 187309 	  187309 	  234 	  161786 	  125 
 187308 	  187308 	  173 	  238273 	   40 
 187308 	  187308 	  141 	  249183 	   49 
 187308 	  187308 	  185 	  175337 	   56 
 187309 	  187309 	  171 	  179227 	   81 
 187308 	  187308 	  200 	  187562 	   66 
 187308 	  187308 	  159 	  217705 	   58 
 187308 	  187308 	  124 	  224700 	   52 
 187309 	  187309 	  186 	  196959 	   62 
 187308 	  187308 	  165 	  158990 	   85 
 187308 	  187308 	  140 	  188743 	  208 
 187309 	  187309 	  178 	  172540 	   87 
 187308 	  187308 	  135 	  252770 	  245 
 187308 	  187308 	  230 	   84236 	  128 
 187308 	  187308 	  160 	  146131 	  294 
 187309 	  187309 	  139 	  171048 	  237 
 187308 	  187308 	  248 	  198873 	   58 
 187308 	  187308 	  194 	  232362 	   66 
 187309 	  187309 	  167 	  235069 	  220 
 187308 	  187308 	  223 	  144691 	   94 
 187308 	  187308 	  212 	  221072 	  134 
 187308 	  187308 	  212 	  193573 	   61 
 187309 	  187309 	  127 	  261896 	  132 
 187308 	  187308 	  178 	  175559 	   61 
 187308 	  187308 	  168 	  212399 	   73 
 187308 	  187308 	  145 	  228948 	  142 
 187309 	  187309 	  211 	  200431 	  264 
 187308 	  187308 	  155 	  150368 	  140 
 187308 	  187308 	  176 	  206920 	  130 
 187309 	  187309 	  203 	  144607 	  112 
 187308 	  187308 	  228 	  208632 	  164 
 187308 	  187308 	  132 	  194911 	  172 
 187308 	  187308 	  238 	  144836 	   74 
 187309 	  187309 	  192 	  226924 	  199 
 187308 	  187308 	  172 	  202253 	  211 
 187308 	  187308 	  207 	  218654 	  133 
 187309 	  187309 	  234 	  192670 	  118 
 187308 	  187308 	  124 	  240067 	  132 
 187308 	  187308 	  249 	  207323 	   71 
 187308 	  187308 	  198 	  185046 	  121 
 187309 	  187309 	  165 	  178540 	   69 
 187308 	  187308 	  195 	  220109 	  409 
 187308 	  187308 	  265 	  195982 	  463 
 187308 	  187308 	  264 	  123791 	  230 
 187309 	  187309 	  226 	  191088 	  337 
 187308 	  187308 	  205 	  110223 	  305 
 187308 	  187308 	  219 	  192515 	  414 
 187309 	  187309 	  189 	  104168 	  310 
 187308 	  187308 	  170 	  211915 	  853 
 187308 	  187308 	  259 	   86807 	  408 
 187308 	  187308 	  273 	  177594 	  141 
 187309 	  187309 	  203 	  288032 	  193 
 187308 	  187308 	  248 	  159012 	  160 
 187308 	  187308 	  149 	  241020 	  164 
 187309 	  187309 	  236 	  133821 	   88 
 187308 	  187308 	  139 	  159266 	  497 
 187308 	  187308 	  185 	  144580 	  925 
 187308 	  187308 	  335 	   93755 	  190 
 187309 	  187309 	  125 	  221129 	  300 
 187308 	  187308 	  249 	  203279 	   95 
 187308 	  187308 	  156 	  218099 	  152 
 187308 	  187308 	  203 	  185524 	  118 
 187309 	  187309 	  126 	  146994 	  181 
 187308 	  187308 	  145 	  185059 	  151 
 187308 	  187308 	  176 	  190970 	   80 
 187309 	  187309 	  165 	  223176 	   44 
 187308 	  187308 	  143 	  286827 	   95 
 187308 	  187308 	  154 	  241727 	  236 
 187308 	  187308 	  176 	  175432 	   64 
 187309 	  187309 	  142 	  223872 	   80 
 187308 	  187308 	  223 	  144066 	   59 
 187308 	  187308 	  157 	  230222 	   96 
 187309 	  187309 	  126 	  189233 	  132 
 187308 	  187308 	  200 	  189415 	   59 
 187308 	  187308 	  198 	  223796 	   95 
 187308 	  187308 	  162 	  253942 	   76 
 187309 	  187309 	  189 	  227468 	  117 
 187308 	  187308 	  227 	  207204 	  101 
 187308 	  187308 	  240 	  228767 	   92 
 187308 	  187308 	  175 	  293048 	  101 
 187309 	  187309 	  138 	  210931 	  131 
 187308 	  187308 	  189 	  159104 	   65 
 187308 	  187308 	  162 	  188838 	   99 
 187309 	  187309 	  228 	  191996 	   82 
 187308 	  187308 	  166 	  201661 	  137 
 187308 	  187308 	  206 	  186996 	  112 
 187308 	  187308 	  216 	  179622 	  109 
 187309 	  187309 	  147 	  221388 	   58 
 187308 	  187308 	  195 	  175606 	  115 
 187308 	  187308 	  175 	  243977 	   89 
 187309 	  187309 	  175 	  197544 	   62 
 187308 	  187308 	  181 	  183565 	   85 
 187308 	  187308 	  192 	  180382 	   70 
 187308 	  187308 	  188 	  196573 	   77 
 187309 	  187309 	  143 	  168515 	  143 
 187308 	  187308 	  200 	  197668 	  104 
 187308 	  187308 	  211 	  173626 	   91 
 187308 	  187308 	  153 	  204081 	  178 
 187309 	  187309 	  159 	  176118 	   99 
 187308 	  187308 	  187 	  189661 	   97 
 187308 	  187308 	  173 	  231355 	  102 
 187309 	  187309 	  145 	  235305 	  130 
 187308 	  187308 	  217 	  189587 	  112 
 187308 	  187308 	  197 	  149831 	   83 
 187308 	  187308 	  173 	  217073 	  116 
 187309 	  187309 	  171 	  199329 	  112 
 187308 	  187308 	  168 	  156528 	  137 
 187308 	  187308 	  134 	  214419 	  183 
 187309 	  187309 	  144 	  240507 	  197 
 187308 	  187308 	  211 	  133292 	   48 
 187308 	  187308 	  187 	  143825 	   85 
 187308 	  187308 	  109 	  215685 	  124 
 187309 	  187309 	  155 	  196176 	   73 
 187308 	  187308 	  156 	  161345 	   73 
 187308 	  187308 	  214 	  164625 	   55 
 187308 	  187308 	  173 	  217535 	  126 
 187309 	  187309 	  167 	  248488 	  166 
 187308 	  187308 	  213 	  205305 	   74 
 187308 	  187308 	  204 	  193952 	  101 
 187309 	  187309 	  130 	  151256 	  116 
 187308 	  187308 	  172 	  177296 	  111 
 187308 	  187308 	  180 	  181255 	   73 
 187308 	  187308 	  231 	  180622 	  107 
 187309 	  187309 	  152 	  158800 	  137 
 187308 	  187308 	  172 	  177117 	  112 
 187308 	  187308 	  184 	  144479 	   71 
 187309 	  187309 	  126 	  249059 	  126 
 187308 	  187308 	  152 	  215953 	   53 
 187308 	  187308 	  166 	  204570 	   56 
 187308 	  187308 	  102 	  285596 	   95 
 187309 	  187309 	  180 	  201375 	   60 
 187308 	  187308 	  144 	  145978 	   73 
 187308 	  187308 	  201 	  148770 	   66 
 187308 	  187308 	  178 	  171351 	  135 
 187309 	  187309 	  217 	  142078 	  111 
 187308 	  187308 	  190 	  237262 	  111 
 187308 	  187308 	  265 	  188264 	   76 
 187309 	  187309 	  167 	  124150 	  349 
 187308 	  187308 	  145 	  191731 	  261 
 187308 	  187308 	  160 	  158950 	  154 
 187308 	  187308 	  220 	   78197 	  158 
 187309 	  187309 	  140 	  214826 	  464 
 187308 	  187308 	  217 	   59981 	  177 
 187308 	  187308 	  143 	  223374 	  292 
 187309 	  187309 	  265 	  111435 	  125 
 187308 	  187308 	  176 	  226106 	  167 
 187308 	  187308 	  163 	  186365 	  150 
 187308 	  187308 	  230 	  219846 	  495 
 187309 	  187309 	  214 	  170994 	  728 
 187308 	  187308 	  189 	  166067 	  470 
 187308 	  187308 	  177 	  227539 	  416 
 187308 	  187308 	  191 	  157031 	  141 
 187309 	  187309 	  156 	  187889 	  444 
 187308 	  187308 	  187 	  208380 	  391 
 187308 	  187308 	  199 	  168227 	  131 
 187309 	  187309 	  193 	  185026 	  198 
 187308 	  187308 	  183 	  182328 	  118 
 187308 	  187308 	  154 	  243743 	   53 
 187308 	  187308 	  159 	  259522 	   89 
 187309 	  187309 	  186 	  277665 	   32 
 187308 	  187308 	  194 	  199304 	   42 
 187308 	  187308 	  189 	  234831 	   97 
 187309 	  187309 	  140 	  182508 	  107 
 187308 	  187308 	  207 	  177576 	   87 
 187308 	  187308 	  183 	  141359 	  148 
 187308 	  187308 	  179 	  208007 	  711 
 187309 	  187309 	  121 	  138899 	  570 
 187308 	  187308 	  136 	  197690 	  126 
 187308 	  187308 	  217 	  159851 	   82 
 187308 	  187308 	   99 	  248305 	  338 
 187309 	  187309 	  151 	  155718 	   76 
 187308 	  187308 	  130 	  164633 	  153 
 187308 	  187308 	  182 	  158032 	  568 
 187309 	  187309 	  199 	  198358 	  464 
 187308 	  187308 	  296 	  170059 	   99 
 187308 	  187308 	  191 	  179315 	  218 
 187308 	  187308 	  156 	  124218 	 1095 
 187309 	  187309 	  144 	  223890 	  487 
 187308 	  187308 	  227 	  161067 	  113 
 187308 	  187308 	  155 	  128840 	  247 
 187309 	  187309 	  200 	  164816 	  191 
 187308 	  187308 	  182 	  178016 	  271 
 187308 	  187308 	  148 	  188554 	  321 
 187308 	  187308 	  196 	  151628 	   77 
 187309 	  187309 	  129 	  302706 	  168 
 187308 	  187308 	  164 	  210361 	   65 
 187308 	  187308 	  124 	  223034 	  519 
 187309 	  187309 	  286 	   91074 	  362 
