% num_local_points | num_send_points | num_send_procs | num_recv_points | num_recv_procs 
 374617 	  374617 	  258 	  222371 	  173 
 374617 	  374617 	  156 	  462841 	  128 
 374617 	  374617 	  175 	  516753 	  167 
 374617 	  374617 	  125 	  533512 	  374 
 374617 	  374617 	  278 	  186795 	  146 
 374617 	  374617 	  240 	  433786 	  215 
 374617 	  374617 	  309 	  359872 	   62 
 374617 	  374617 	  151 	  368902 	  156 
 374617 	  374617 	  160 	  514574 	  242 
 374617 	  374617 	  221 	  254268 	  184 
 374617 	  374617 	  157 	  270830 	  203 
 374617 	  374617 	  143 	  580256 	  242 
 374617 	  374617 	  249 	  291765 	   74 
 374617 	  374617 	  209 	  424614 	  116 
 374617 	  374617 	  177 	  370282 	  126 
 374617 	  374617 	  188 	  368676 	  225 
 374617 	  374617 	  195 	  301857 	  188 
 374617 	  374617 	  204 	  358411 	  195 
 374617 	  374617 	  171 	  456991 	  207 
 374617 	  374617 	  212 	  375718 	   74 
 374617 	  374617 	  174 	  558657 	  206 
 374617 	  374617 	  258 	  244599 	  123 
 374617 	  374617 	  260 	  356063 	   95 
 374617 	  374617 	  108 	  458939 	  298 
 374617 	  374617 	  201 	  370192 	   79 
 374617 	  374617 	  236 	  536704 	   56 
 374617 	  374617 	  234 	  345342 	   69 
 374617 	  374617 	  205 	  366077 	  116 
 374617 	  374617 	  148 	  412358 	  217 
 374617 	  374617 	  137 	  281011 	  403 
 374617 	  374617 	  249 	  330718 	  246 
 374617 	  374617 	  189 	  395493 	  229 
 374617 	  374617 	  164 	  450519 	  251 
 374617 	  374617 	  199 	  380223 	  167 
 374617 	  374617 	  188 	  368857 	  105 
 374617 	  374617 	  183 	  440386 	  250 
 374617 	  374617 	  187 	  291566 	  277 
 374617 	  374617 	  208 	  309083 	  191 
 374617 	  374617 	  252 	  301352 	  192 
 374617 	  374617 	  252 	  249193 	  184 
 374617 	  374617 	  245 	  325212 	  573 
 374617 	  374617 	  288 	  382384 	  481 
 374617 	  374617 	  301 	  231649 	  339 
 374617 	  374617 	  300 	  381484 	  284 
 374617 	  374617 	  213 	  425144 	  211 
 374617 	  374617 	  214 	  352136 	  176 
 374617 	  374617 	  172 	  350552 	  313 
 374617 	  374617 	  270 	  322816 	  242 
 374617 	  374617 	  198 	  556702 	  336 
 374617 	  374617 	  363 	  247885 	  119 
 374617 	  374617 	  269 	  340388 	  662 
 374617 	  374617 	  136 	  354864 	  393 
 374617 	  374617 	  234 	  277372 	   70 
 374617 	  374617 	  198 	  392719 	  145 
 374617 	  374617 	  143 	  349249 	  309 
 374617 	  374617 	  178 	  352129 	  145 
 374617 	  374617 	  193 	  386768 	  116 
 374617 	  374617 	  246 	  391777 	  101 
 374617 	  374617 	  164 	  454459 	  187 
 374617 	  374617 	  189 	  287495 	  107 
 374617 	  374617 	  164 	  393427 	  296 
 374617 	  374617 	  251 	  368424 	   99 
 374617 	  374617 	  219 	  560138 	  110 
 374617 	  374617 	  333 	  477637 	   44 
 374617 	  374617 	  175 	  483505 	  149 
 374617 	  374617 	  203 	  360630 	  230 
 374617 	  374617 	  186 	  384199 	  181 
 374617 	  374617 	  304 	  295444 	  156 
 374617 	  374617 	  204 	  378242 	  246 
 374617 	  374617 	  199 	  324177 	  278 
 374617 	  374617 	  197 	  397580 	  256 
 374617 	  374617 	  228 	  342366 	   56 
 374617 	  374617 	  194 	  457090 	   60 
 374617 	  374617 	  212 	  413804 	   70 
 374617 	  374617 	  157 	  438920 	  148 
 374617 	  374617 	  174 	  403505 	  176 
 374617 	  374617 	  237 	  239993 	  125 
 374617 	  374617 	  179 	  420061 	  123 
 374617 	  374617 	  213 	  517113 	  129 
 374617 	  374617 	  247 	  230348 	  137 
 374617 	  374617 	  236 	  487344 	  134 
 374617 	  374617 	  251 	  431866 	   95 
 374617 	  374617 	  200 	  442382 	  217 
 374617 	  374617 	  244 	  307092 	  190 
 374617 	  374617 	  172 	  334827 	  273 
 374617 	  374617 	  192 	  439576 	  266 
 374617 	  374617 	  211 	  314480 	  121 
 374617 	  374617 	  257 	  432160 	  111 
 374617 	  374617 	  262 	  378577 	  126 
 374617 	  374617 	  172 	  454821 	  208 
 374617 	  374617 	  329 	  410267 	   67 
 374617 	  374617 	  202 	  390025 	  318 
 374617 	  374617 	  192 	  268750 	  379 
 374617 	  374617 	  193 	  346510 	  227 
 374617 	  374617 	  235 	  349535 	  216 
 374617 	  374617 	  301 	  410779 	  212 
 374617 	  374617 	  257 	  345517 	  269 
 374617 	  374617 	  306 	  397980 	  741 
 374617 	  374617 	  396 	  187498 	  242 
 374617 	  374617 	  292 	  401673 	  462 
 374617 	  374617 	  241 	  282124 	  247 
 374617 	  374617 	  264 	  378734 	  279 
 374617 	  374617 	  329 	  339413 	  144 
 374617 	  374617 	  307 	  340088 	  212 
 374617 	  374617 	  197 	  373185 	  279 
 374617 	  374617 	  259 	  421260 	  157 
 374617 	  374617 	  245 	  394490 	  179 
 374617 	  374617 	  246 	  394362 	  179 
 374617 	  374617 	  333 	  296160 	  159 
 374617 	  374617 	  204 	  450208 	  303 
 374617 	  374617 	  424 	  281788 	   66 
 374617 	  374617 	  247 	  475109 	  198 
 374617 	  374617 	  330 	  383908 	  115 
 374617 	  374617 	  379 	  329346 	  124 
 374617 	  374617 	  282 	  523004 	  293 
 374617 	  374617 	  212 	  128277 	  377 
 374617 	  374617 	  206 	  513926 	  746 
 374617 	  374617 	  211 	   98967 	  342 
 374617 	  374617 	  151 	  494639 	  766 
 374617 	  374617 	  166 	  221209 	  105 
 374617 	  374617 	  171 	  499933 	   71 
 374617 	  374617 	  180 	  529306 	  114 
 374617 	  374617 	  262 	  382538 	  149 
 374617 	  374617 	  267 	  511710 	  130 
 374617 	  374617 	  266 	  467873 	  184 
 374617 	  374617 	  255 	  362211 	  154 
 374617 	  374617 	  287 	  404411 	  126 
 374617 	  374617 	  320 	  415769 	  108 
 374617 	  374617 	  247 	  407634 	  495 
 374617 	  374617 	  270 	  309480 	  469 
 374617 	  374617 	  263 	  247864 	  136 
 374617 	  374617 	  173 	  430183 	  275 
 374617 	  374617 	  214 	  348678 	  242 
 374617 	  374617 	  222 	  397269 	  396 
 374617 	  374617 	  302 	  274383 	  276 
 374617 	  374617 	  300 	  215169 	  295 
 374617 	  374617 	  236 	  418547 	  598 
 374617 	  374617 	  162 	  250802 	  317 
 374617 	  374617 	  216 	  270773 	  243 
 374617 	  374617 	  273 	  368450 	  154 
 374617 	  374617 	  217 	  474102 	  237 
 374617 	  374617 	  225 	  253270 	  117 
 374617 	  374617 	  196 	  435491 	  164 
 374617 	  374617 	  328 	  304722 	  108 
 374617 	  374617 	  170 	  374840 	  290 
 374617 	  374617 	  222 	  435641 	  117 
 374617 	  374617 	  169 	  445477 	   68 
 374617 	  374617 	  167 	  452309 	  110 
 374617 	  374617 	  234 	  378572 	  152 
 374617 	  374617 	  209 	  368270 	   99 
 374617 	  374617 	  208 	  396473 	  114 
 374617 	  374617 	  168 	  439043 	  119 
 374617 	  374617 	  229 	  507747 	   50 
 374617 	  374617 	  184 	  536253 	   65 
 374617 	  374617 	  232 	  345848 	   82 
 374617 	  374617 	  137 	  399289 	  145 
 374617 	  374617 	  312 	  352199 	   57 
 374617 	  374617 	  229 	  386582 	  163 
 374617 	  374617 	  225 	  249630 	  165 
 374617 	  374617 	  165 	  417032 	  259 
 374617 	  374617 	  224 	  432739 	   94 
 374617 	  374617 	  284 	  348200 	   79 
 374617 	  374617 	  228 	  346313 	  300 
 374617 	  374617 	  239 	  289129 	  397 
 374617 	  374617 	  296 	  313274 	  185 
 374617 	  374617 	  241 	  365227 	  169 
 374617 	  374617 	  180 	  404859 	  111 
 374617 	  374617 	  161 	  289543 	  200 
 374617 	  374617 	  196 	  370181 	  185 
 374617 	  374617 	  205 	  351828 	  140 
 374617 	  374617 	  165 	  363217 	  120 
 374617 	  374617 	  208 	  427102 	   66 
 374617 	  374617 	  207 	  393025 	   90 
 374617 	  374617 	  165 	  350557 	  509 
 374617 	  374617 	  194 	  491208 	   84 
 374617 	  374617 	  219 	  384208 	   81 
 374617 	  374617 	  198 	  340090 	   68 
 374617 	  374617 	  147 	  487828 	  146 
 374617 	  374617 	  216 	  311497 	  114 
 374617 	  374617 	  184 	  395037 	  167 
 374617 	  374617 	  243 	  306810 	  163 
 374617 	  374617 	  340 	  342335 	   70 
 374617 	  374617 	  207 	  503907 	  139 
 374617 	  374617 	  146 	  340174 	   97 
 374617 	  374617 	  155 	  492101 	   75 
 374617 	  374617 	  216 	  438929 	   99 
 374617 	  374617 	  260 	  307774 	   68 
 374617 	  374617 	  203 	  499215 	   75 
 374617 	  374617 	  128 	  276102 	  115 
 374617 	  374617 	  194 	  426203 	   93 
 374617 	  374617 	  269 	  419055 	   80 
 374617 	  374617 	  241 	  332894 	   78 
 374617 	  374617 	  190 	  476049 	  191 
 374617 	  374617 	  213 	  260858 	  132 
 374617 	  374617 	  360 	  356328 	  647 
 374617 	  374617 	  272 	  366652 	  431 
 374617 	  374617 	  242 	  274612 	  278 
 374617 	  374617 	  310 	  328879 	  474 
 374617 	  374617 	  294 	  422053 	  385 
 374617 	  374617 	  318 	  269456 	  115 
 374617 	  374617 	  154 	  573168 	  255 
 374617 	  374617 	  241 	  366369 	  142 
 374617 	  374617 	  195 	  575583 	  108 
 374617 	  374617 	  242 	  479567 	   92 
 374617 	  374617 	  261 	  277040 	  162 
 374617 	  374617 	  184 	  394943 	  170 
 374617 	  374617 	  124 	  285239 	  181 
 374617 	  374617 	  422 	  353726 	  105 
 374617 	  374617 	  319 	  395932 	  101 
 374617 	  374617 	  260 	  502971 	  289 
 374617 	  374617 	  255 	  398551 	  216 
 374617 	  374617 	  279 	  237098 	  184 
 374617 	  374617 	  304 	  269254 	  439 
 374617 	  374617 	  301 	  307365 	  316 
 374617 	  374617 	  354 	  361733 	  127 
 374617 	  374617 	  478 	  376862 	  127 
 374617 	  374617 	  180 	  343755 	  117 
 374617 	  374617 	  189 	  499399 	   80 
 374617 	  374617 	  240 	  443299 	   55 
 374617 	  374617 	  266 	  539277 	  659 
 374617 	  374617 	  241 	  233124 	   92 
 374617 	  374617 	  185 	  365562 	  198 
 374617 	  374617 	  232 	  355105 	  161 
 374617 	  374617 	  213 	  485040 	  284 
 374617 	  374617 	  190 	  473808 	  581 
 374617 	  374617 	  226 	  271935 	  368 
 374617 	  374617 	  230 	  288133 	  260 
 374617 	  374617 	  272 	  282292 	  327 
 374617 	  374617 	  210 	  237919 	  356 
 374617 	  374617 	  247 	  320545 	  272 
 374617 	  374617 	  156 	  368411 	  239 
 374617 	  374617 	  235 	  285748 	  118 
 374617 	  374617 	  200 	  414007 	  152 
 374617 	  374617 	  235 	  519230 	   89 
 374617 	  374617 	  272 	  418883 	   63 
 374617 	  374617 	  166 	  534612 	  222 
 374617 	  374617 	  198 	  390105 	   86 
 374617 	  374617 	  181 	  489390 	   95 
 374617 	  374617 	  190 	  388732 	  176 
 374617 	  374617 	  184 	  322172 	  255 
 374617 	  374617 	  268 	  279263 	  120 
 374617 	  374617 	  418 	  384552 	  336 
 374617 	  374617 	  307 	  348665 	  396 
 374617 	  374617 	  244 	  434213 	  237 
 374617 	  374617 	  232 	  384020 	  132 
 374617 	  374617 	  253 	  291919 	  139 
 374617 	  374617 	  195 	  389242 	  325 
 374617 	  374617 	  327 	  155294 	  295 
 374617 	  374617 	  177 	  284199 	  275 
 374617 	  374617 	  185 	  403388 	  231 
 374617 	  374617 	  227 	  364277 	  125 
 374617 	  374617 	  274 	  367661 	  100 
 374617 	  374617 	  147 	  536636 	  212 
 374617 	  374617 	  248 	  307541 	  126 
 374617 	  374617 	  184 	  459484 	  170 
 374617 	  374617 	  246 	  351520 	  212 
 374617 	  374617 	  180 	  422599 	  407 
 374617 	  374617 	  234 	  347500 	  179 
 374617 	  374617 	  180 	  215137 	  336 
 374617 	  374617 	  151 	  426165 	  314 
 374617 	  374617 	  189 	  366094 	  228 
 374617 	  374617 	  182 	  361127 	  122 
 374617 	  374617 	  185 	  419605 	  128 
 374617 	  374617 	  174 	  305183 	  162 
 374617 	  374617 	  192 	  329053 	  118 
 374617 	  374617 	  114 	  450193 	  137 
 374617 	  374617 	  227 	  328389 	   42 
 374617 	  374617 	  173 	  511920 	   45 
 374617 	  374617 	  209 	  433155 	   43 
 374617 	  374617 	  123 	  514175 	   86 
 374617 	  374617 	  195 	  422507 	   76 
 374617 	  374617 	  189 	  333333 	  200 
 374617 	  374617 	  166 	  242129 	  238 
 374617 	  374617 	  146 	  296078 	  296 
 374617 	  374617 	  153 	  408739 	  242 
 374617 	  374617 	  241 	  268181 	  182 
 374617 	  374617 	  192 	  436987 	  281 
 374617 	  374617 	  246 	  248021 	  112 
 374617 	  374617 	  182 	  326553 	  533 
 374617 	  374617 	  207 	  383627 	   76 
 374617 	  374617 	  202 	  477626 	   62 
 374617 	  374617 	  186 	  398013 	  102 
 374617 	  374617 	  167 	  415692 	  102 
 374617 	  374617 	  369 	  433306 	   63 
 374617 	  374617 	  171 	  534578 	  129 
 374617 	  374617 	  144 	  337347 	  138 
 374617 	  374617 	  155 	  371330 	  213 
 374617 	  374617 	  196 	  480875 	  115 
 374617 	  374617 	  229 	  482424 	   92 
 374617 	  374617 	  165 	  321498 	  133 
 374617 	  374617 	  196 	  308230 	  100 
 374617 	  374617 	  290 	  395152 	   69 
 374617 	  374617 	  202 	  632593 	  109 
 374617 	  374617 	  225 	  493118 	   69 
 374617 	  374617 	  268 	  395825 	   76 
 374617 	  374617 	  167 	  326312 	  164 
 374617 	  374617 	  232 	  355832 	  126 
 374617 	  374617 	  216 	  443753 	  135 
 374617 	  374617 	  325 	  316105 	  102 
 374617 	  374617 	  238 	  536067 	  106 
 374617 	  374617 	  251 	  215825 	  116 
 374617 	  374617 	  260 	  342693 	  529 
 374617 	  374617 	  267 	  268398 	  454 
 374617 	  374617 	  282 	  370412 	  218 
 374617 	  374617 	  306 	  360125 	  704 
 374617 	  374617 	  276 	  354334 	  853 
 374617 	  374617 	  160 	  209337 	  515 
 374617 	  374617 	  250 	  148877 	  708 
 374617 	  374617 	  231 	  213768 	  747 
 374617 	  374617 	  262 	  368668 	  638 
 374617 	  374617 	  278 	  268277 	  244 
 374617 	  374617 	  241 	  337580 	  331 
 374617 	  374617 	  176 	  440628 	  197 
 374617 	  374617 	  268 	  298232 	  248 
 374617 	  374617 	  190 	  423217 	  349 
 374617 	  374617 	  204 	  361552 	  117 
 374617 	  374617 	  249 	  424614 	   77 
 374617 	  374617 	  178 	  416010 	  229 
 374617 	  374617 	  276 	  340453 	  262 
 374617 	  374617 	  282 	  297566 	  353 
 374617 	  374617 	  254 	  368827 	  210 
 374617 	  374617 	  260 	  271184 	  295 
 374617 	  374617 	  255 	  376931 	  191 
 374617 	  374617 	  260 	  346899 	  354 
 374617 	  374617 	  294 	  271627 	  452 
 374617 	  374617 	  343 	  291068 	  457 
 374617 	  374617 	  246 	  259409 	  327 
 374617 	  374617 	  273 	  285402 	  109 
 374617 	  374617 	  149 	  521477 	  125 
 374617 	  374617 	  210 	  328058 	  105 
 374617 	  374617 	  166 	  318011 	  210 
 374617 	  374617 	  163 	  423087 	   85 
 374617 	  374617 	  148 	  473347 	  114 
 374617 	  374617 	  229 	  345210 	   75 
 374617 	  374617 	  130 	  469311 	  239 
 374617 	  374617 	  188 	  418264 	   80 
 374617 	  374617 	  146 	  416984 	  139 
 374617 	  374617 	  180 	  424123 	  183 
 374617 	  374617 	  198 	  334708 	  143 
 374617 	  374617 	  183 	  365459 	  175 
 374617 	  374617 	  248 	  386464 	  126 
 374617 	  374617 	  254 	  329242 	  133 
 374617 	  374617 	  217 	  398333 	  305 
 374617 	  374617 	  299 	  422640 	  121 
 374617 	  374617 	  277 	  348694 	   67 
 374617 	  374617 	  224 	  475467 	  262 
 374617 	  374617 	  293 	  356953 	  196 
 374617 	  374617 	  268 	  330410 	  168 
 374617 	  374617 	  242 	  528621 	  234 
 374617 	  374617 	  285 	  321333 	  104 
 374617 	  374617 	  230 	  308106 	  532 
 374617 	  374617 	  234 	  271383 	  292 
 374617 	  374617 	  242 	  409545 	   47 
 374617 	  374617 	  222 	  509903 	   48 
 374617 	  374617 	  163 	  422126 	  122 
 374617 	  374617 	  151 	  399051 	   64 
 374617 	  374617 	  257 	  573778 	   86 
 374617 	  374617 	  338 	  248851 	  145 
 374617 	  374617 	  172 	  507358 	  279 
 374617 	  374617 	  297 	  289155 	  173 
 374617 	  374617 	  235 	  471118 	  120 
 374617 	  374617 	  222 	  401252 	  146 
 374617 	  374617 	  235 	  310150 	  209 
 374617 	  374617 	  205 	  366117 	  195 
 374617 	  374617 	  196 	  386044 	  274 
 374617 	  374617 	  304 	  226151 	  293 
 374617 	  374617 	  165 	  268293 	  356 
 374617 	  374617 	  237 	  300068 	  437 
 374617 	  374617 	  308 	  184331 	  357 
 374617 	  374617 	  200 	  428547 	  596 
 374617 	  374617 	  163 	  305736 	  152 
 374617 	  374617 	  198 	  464142 	  121 
 374617 	  374617 	  211 	  385595 	   93 
 374617 	  374617 	  208 	  464175 	  103 
 374617 	  374617 	  217 	  338635 	   57 
 374617 	  374617 	  173 	  528785 	  137 
 374617 	  374617 	  190 	  305918 	  156 
 374617 	  374617 	  248 	  313744 	  119 
 374617 	  374617 	  241 	  318556 	  133 
 374617 	  374617 	  130 	  522503 	  263 
 374617 	  374617 	  229 	  180693 	  277 
 374617 	  374617 	  146 	  464122 	  266 
 374617 	  374617 	  195 	  497435 	   67 
 374617 	  374617 	  241 	  456011 	   51 
 374617 	  374617 	  209 	  271347 	   77 
 374617 	  374617 	  148 	  324551 	  225 
 374617 	  374617 	  178 	  235542 	  317 
 374617 	  374617 	  192 	  434140 	  192 
 374617 	  374617 	  258 	  385087 	   85 
 374617 	  374617 	  190 	  338458 	  139 
 374617 	  374617 	  208 	  448806 	  262 
 374617 	  374617 	  249 	  291504 	  162 
 374617 	  374617 	  281 	  233838 	  195 
 374617 	  374617 	  211 	  288241 	  215 
 374617 	  374617 	  255 	  297510 	  120 
 374617 	  374617 	  196 	  507837 	  176 
 374617 	  374617 	  225 	  366341 	   92 
 374617 	  374617 	  233 	  357932 	  178 
 374617 	  374617 	  195 	  218602 	  250 
 374617 	  374617 	  194 	  417691 	  126 
 374617 	  374617 	  173 	  487851 	  104 
 374617 	  374617 	  171 	  525132 	   83 
 374617 	  374617 	  190 	  281996 	  163 
 374617 	  374617 	  209 	  368436 	  113 
 374617 	  374617 	  212 	  334235 	  143 
 374617 	  374617 	  179 	  430360 	  192 
 374617 	  374617 	  317 	  462811 	  178 
 374617 	  374617 	  211 	  470197 	  141 
 374617 	  374617 	  202 	  310104 	  208 
 374617 	  374617 	  207 	  320272 	  238 
 374617 	  374617 	  382 	  278050 	   85 
 374617 	  374617 	  304 	  497417 	  294 
 374617 	  374617 	  342 	  325158 	  105 
 374617 	  374617 	  241 	  589416 	  144 
 374617 	  374617 	  276 	  398895 	   60 
 374617 	  374617 	  223 	  351331 	  111 
 374617 	  374617 	  190 	  558012 	  222 
 374617 	  374617 	  258 	  254780 	  185 
 374617 	  374617 	  255 	  394381 	  224 
 374617 	  374617 	  294 	  394274 	  132 
 374617 	  374617 	  198 	  408351 	  127 
 374617 	  374617 	  182 	  518070 	  137 
 374617 	  374617 	  218 	  385676 	   92 
 374617 	  374617 	  230 	  314696 	   80 
 374617 	  374617 	  283 	  437210 	  328 
 374617 	  374617 	  289 	  294912 	   97 
 374617 	  374617 	  221 	  473217 	  187 
 374617 	  374617 	  213 	  332942 	  122 
 374617 	  374617 	  174 	  450494 	  179 
 374617 	  374617 	  205 	  405842 	  143 
 374617 	  374617 	  176 	  450998 	  153 
 374617 	  374617 	  227 	  407803 	  249 
 374617 	  374617 	  344 	  299812 	  159 
 374617 	  374617 	  234 	  333707 	  247 
 374617 	  374617 	  234 	  338724 	  109 
 374617 	  374617 	  180 	  537058 	  160 
 374617 	  374617 	  379 	  269048 	  138 
 374617 	  374617 	  283 	  281796 	  538 
 374617 	  374617 	  249 	  312710 	  238 
 374617 	  374617 	  228 	  378473 	  167 
 374617 	  374617 	  221 	  291053 	  366 
 374617 	  374617 	  259 	  416306 	  429 
 374617 	  374617 	  267 	  227700 	  384 
 374617 	  374617 	  294 	  335801 	  462 
 374617 	  374617 	  269 	  303779 	  430 
 374617 	  374617 	  231 	  306840 	  159 
 374617 	  374617 	  376 	  474059 	  231 
 374617 	  374617 	  255 	  465014 	  377 
 374617 	  374617 	  239 	  416872 	   99 
 374617 	  374617 	  281 	  412175 	  124 
 374617 	  374617 	  438 	  396706 	  109 
 374617 	  374617 	  282 	  357154 	   67 
 374617 	  374617 	  299 	  501155 	  133 
 374617 	  374617 	  247 	  373129 	  282 
 374617 	  374617 	  292 	  311117 	  243 
 374617 	  374617 	  279 	  377137 	  172 
 374617 	  374617 	  218 	  392371 	  341 
 374617 	  374617 	  272 	  522103 	  203 
 374617 	  374617 	  258 	  390157 	  231 
 374617 	  374617 	  380 	  301926 	  203 
 374617 	  374617 	  208 	  444816 	  175 
 374617 	  374617 	  264 	  351602 	  119 
 374617 	  374617 	  230 	  399120 	  113 
 374617 	  374617 	  231 	  316815 	  154 
 374617 	  374617 	  210 	  466930 	  187 
 374617 	  374617 	  276 	  354519 	   76 
 374617 	  374617 	  219 	  304673 	  144 
 374617 	  374617 	  220 	  513603 	   86 
 374617 	  374617 	  243 	  493522 	   88 
 374617 	  374617 	  218 	  425432 	  128 
 374617 	  374617 	  184 	  525904 	  132 
 374617 	  374617 	  236 	  368456 	  106 
 374617 	  374617 	  149 	  509838 	  114 
 374617 	  374617 	  178 	  493042 	  139 
 374617 	  374617 	  214 	  398039 	  242 
 374617 	  374617 	  270 	  300684 	  159 
 374617 	  374617 	  150 	  571014 	  251 
 374617 	  374617 	  217 	  313565 	   90 
 374617 	  374617 	  190 	  421442 	  150 
 374617 	  374617 	  209 	  209426 	  120 
 374617 	  374617 	  231 	  234805 	  299 
 374617 	  374617 	  218 	  247616 	  285 
 374617 	  374617 	  265 	  226692 	  229 
 374617 	  374617 	  197 	  404297 	  421 
 374617 	  374617 	  366 	  266164 	  104 
 374617 	  374617 	  219 	  423101 	  283 
 374617 	  374617 	  270 	  345964 	  205 
 374617 	  374617 	  241 	  374206 	  143 
 374617 	  374617 	  224 	  377592 	  157 
 374617 	  374617 	  237 	  474203 	  155 
 374617 	  374617 	  240 	  486843 	  115 
 374617 	  374617 	  296 	  355247 	  232 
 374617 	  374617 	  216 	  325110 	  379 
 374617 	  374617 	  318 	  212471 	  240 
 374617 	  374617 	  234 	  404245 	  313 
 374617 	  374617 	  244 	  495684 	  268 
 374617 	  374617 	  414 	  288326 	  118 
 374617 	  374617 	  279 	  374031 	  131 
 374617 	  374617 	  285 	  293130 	   73 
 374617 	  374617 	  234 	  540151 	  113 
 374617 	  374617 	  262 	  432493 	  111 
 374617 	  374617 	  223 	  373461 	  110 
 374617 	  374617 	  202 	  368781 	  221 
 374617 	  374617 	  247 	  451331 	  139 
 374617 	  374617 	  274 	  350311 	   56 
 374617 	  374617 	  172 	  338427 	  165 
 374617 	  374617 	  212 	  476061 	  256 
 374617 	  374617 	  294 	  428688 	  127 
 374617 	  374617 	  346 	  220218 	  149 
 374617 	  374617 	  177 	  539151 	  373 
 374617 	  374617 	  216 	  324484 	  111 
 374617 	  374617 	  276 	  301435 	  103 
 374617 	  374617 	  212 	  431067 	  135 
 374617 	  374617 	  224 	  308993 	  222 
 374617 	  374617 	  173 	  381705 	  274 
 374617 	  374617 	  268 	  367340 	   75 
 374617 	  374617 	  217 	  487129 	   67 
 374617 	  374617 	  188 	  497346 	  105 
 374617 	  374617 	  222 	  241957 	  109 
 374617 	  374617 	  205 	  416163 	  140 
 374617 	  374617 	  194 	  388083 	   84 
 374617 	  374617 	  244 	  468587 	  108 
 374617 	  374617 	  249 	  395378 	  101 
 374617 	  374617 	  217 	  316844 	   78 
 374617 	  374617 	  187 	  594150 	   79 
 374617 	  374617 	  299 	  410561 	   57 
 374617 	  374617 	  254 	  318274 	   56 
 374617 	  374617 	  188 	  403112 	   84 
 374617 	  374617 	  202 	  452105 	  106 
 374617 	  374617 	  267 	  252795 	   64 
 374617 	  374617 	  160 	  419283 	  309 
 374617 	  374617 	  248 	  254050 	  334 
 374617 	  374617 	  262 	  290757 	  220 
 374617 	  374617 	  264 	  514575 	  237 
 374617 	  374617 	  433 	  309984 	  131 
 374617 	  374617 	  242 	  488279 	  313 
 374617 	  374617 	  247 	  201967 	  110 
 374617 	  374617 	  138 	  384217 	  366 
 374617 	  374617 	  189 	  404997 	  170 
 374617 	  374617 	  216 	  385223 	   58 
 374617 	  374617 	  229 	  494125 	   63 
 374617 	  374617 	  180 	  311409 	  132 
 374617 	  374617 	  196 	  297541 	  151 
 374617 	  374617 	  267 	  430840 	   92 
 374617 	  374617 	  217 	  337789 	   94 
 374617 	  374617 	  234 	  357183 	   97 
 374617 	  374617 	  218 	  399415 	   46 
 374617 	  374617 	  224 	  458361 	   58 
 374617 	  374617 	  212 	  423257 	   77 
 374617 	  374617 	  268 	  405707 	   87 
 374617 	  374617 	  200 	  363191 	   95 
 374617 	  374617 	  299 	  311943 	  466 
 374617 	  374617 	  272 	  298165 	  120 
 374617 	  374617 	  235 	  357290 	  260 
 374617 	  374617 	  192 	  253060 	  579 
 374617 	  374617 	  287 	  188049 	  308 
 374617 	  374617 	  232 	  443741 	  497 
 374617 	  374617 	  188 	  207920 	  205 
 374617 	  374617 	  139 	  467917 	  411 
 374617 	  374617 	  228 	  165307 	  297 
 374617 	  374617 	  296 	  341002 	  925 
 374617 	  374617 	  139 	  219674 	  180 
 374617 	  374617 	  122 	  367929 	   92 
 374617 	  374617 	  140 	  401180 	   49 
 374617 	  374617 	  120 	  604875 	   34 
 374617 	  374617 	  160 	  530845 	   33 
 374617 	  374617 	  133 	  301117 	  115 
 374617 	  374617 	  101 	  427366 	  172 
 374617 	  374617 	  138 	  453434 	   53 
 374617 	  374617 	  174 	  369506 	   48 
 374617 	  374617 	  179 	  457901 	  158 
 374617 	  374617 	  103 	  347561 	  596 
 374617 	  374617 	  178 	  290118 	  231 
 374617 	  374617 	  222 	  339821 	   82 
 374617 	  374617 	  157 	  353876 	  177 
 374617 	  374617 	  130 	  447754 	  271 
 374617 	  374617 	  174 	  400494 	  351 
 374617 	  374617 	  168 	  384053 	  342 
 374617 	  374617 	  215 	  292241 	  238 
 374617 	  374617 	  193 	  231230 	  861 
 374617 	  374617 	  235 	  317174 	  582 
 374617 	  374617 	  170 	  222355 	  159 
 374617 	  374617 	  197 	  340347 	  235 
 374617 	  374617 	  167 	  365557 	   77 
 374617 	  374617 	  159 	  394415 	  106 
 374617 	  374617 	  171 	  536026 	   86 
 374617 	  374617 	  234 	  462436 	  126 
 374617 	  374617 	  276 	  338097 	   85 
 374617 	  374617 	  242 	  384869 	  256 
 374617 	  374617 	  304 	  322200 	  105 
 374617 	  374617 	  277 	  399043 	  111 
 374617 	  374617 	  289 	  412005 	   91 
 374617 	  374617 	  257 	  435698 	  107 
 374617 	  374617 	  208 	  410573 	  107 
 374617 	  374617 	  162 	  403848 	  122 
 374617 	  374617 	  133 	  411257 	  145 
 374617 	  374617 	  140 	  509263 	  100 
 374617 	  374617 	  147 	  479210 	   91 
 374617 	  374617 	  199 	  291332 	   96 
 374617 	  374617 	  215 	  374424 	   94 
 374617 	  374617 	  136 	  423830 	  136 
 374617 	  374617 	  136 	  451909 	  126 
 374617 	  374617 	  228 	  310449 	  101 
 374617 	  374617 	  135 	  462613 	  165 
 374617 	  374617 	  157 	  380899 	   75 
 374617 	  374617 	  132 	  367450 	  113 
 374617 	  374617 	  146 	  489985 	   96 
 374617 	  374617 	  175 	  377005 	   85 
 374617 	  374617 	  141 	  473766 	  169 
 374617 	  374617 	  217 	  310295 	   92 
 374617 	  374617 	  215 	  380092 	  462 
 374617 	  374617 	  262 	  180066 	  330 
 374617 	  374617 	  257 	  400549 	  664 
 374617 	  374617 	  234 	  248581 	   81 
 374617 	  374617 	  150 	  534259 	   86 
 374617 	  374617 	  250 	  361252 	   72 
 374617 	  374617 	  209 	  249978 	  264 
 374617 	  374617 	  204 	  449534 	  208 
 374617 	  374617 	  232 	  267461 	  120 
 374617 	  374617 	  245 	  553554 	  429 
 374617 	  374617 	  159 	  310143 	  396 
 374617 	  374617 	  238 	  263334 	  322 
 374617 	  374617 	  210 	  395730 	  279 
 374617 	  374617 	  334 	  383761 	  440 
 374617 	  374617 	  367 	  355069 	  340 
 374617 	  374617 	  285 	  266972 	  358 
 374617 	  374617 	  272 	  288372 	  343 
 374617 	  374617 	  187 	  381821 	  272 
 374617 	  374617 	  230 	  405807 	  164 
 374617 	  374617 	  280 	  298781 	  105 
 374617 	  374617 	  251 	  496418 	  218 
 374617 	  374617 	  176 	  380319 	  190 
 374617 	  374617 	  128 	  373155 	  174 
 374617 	  374617 	  237 	  277552 	   74 
 374617 	  374617 	  146 	  551148 	  178 
 374617 	  374617 	  219 	  301649 	   69 
 374617 	  374617 	  155 	  375466 	  234 
 374617 	  374617 	  146 	  423859 	  193 
 374617 	  374617 	  196 	  317877 	   93 
 374617 	  374617 	  174 	  371853 	  265 
 374617 	  374617 	  124 	  334381 	  555 
 374617 	  374617 	  153 	  307605 	  234 
 374617 	  374617 	  208 	  306062 	  191 
 374617 	  374617 	  202 	  326252 	  216 
 374617 	  374617 	  158 	  369568 	  144 
 374617 	  374617 	  148 	  368339 	  119 
 374617 	  374617 	  175 	  546388 	   57 
 374617 	  374617 	  194 	  414866 	   64 
 374617 	  374617 	  217 	  561596 	  118 
 374617 	  374617 	  247 	  323640 	   68 
 374617 	  374617 	  205 	  284545 	  126 
 374617 	  374617 	  170 	  479789 	  136 
 374617 	  374617 	  175 	  452786 	   88 
 374617 	  374617 	  187 	  354338 	   65 
 374617 	  374617 	  150 	  432907 	  425 
 374617 	  374617 	  158 	  359480 	  106 
 374617 	  374617 	  154 	  291765 	   92 
 374617 	  374617 	  142 	  599320 	  279 
 374617 	  374617 	  251 	  363676 	   95 
 374617 	  374617 	  280 	  334579 	  102 
 374617 	  374617 	  136 	  403945 	  295 
 374617 	  374617 	  178 	  449210 	   89 
 374617 	  374617 	  171 	  406092 	   79 
 374617 	  374617 	  167 	  473638 	  112 
 374617 	  374617 	  221 	  387351 	  110 
 374617 	  374617 	  144 	  442619 	  165 
 374617 	  374617 	  199 	  345000 	   96 
 374617 	  374617 	  200 	  441506 	  266 
 374617 	  374617 	  198 	  350080 	  161 
 374617 	  374617 	  157 	  487943 	  357 
 374617 	  374617 	  166 	  418875 	  325 
 374617 	  374617 	  278 	  294588 	   81 
 374617 	  374617 	  165 	  412618 	  181 
 374617 	  374617 	  182 	  324534 	  189 
 374617 	  374617 	  157 	  350594 	  212 
 374617 	  374617 	  166 	  297979 	  469 
 374617 	  374617 	  214 	  281303 	  197 
 374617 	  374617 	  210 	  339928 	  167 
 374617 	  374617 	  239 	  463390 	  151 
 374617 	  374617 	  128 	  468818 	   87 
 374617 	  374617 	  169 	  602050 	   82 
 374617 	  374617 	  279 	  378978 	  145 
 374617 	  374617 	  256 	  233577 	  402 
 374617 	  374617 	  150 	  481191 	  282 
 374617 	  374617 	  328 	  302550 	  194 
 374617 	  374617 	  352 	  260963 	  520 
 374617 	  374617 	  223 	  364063 	  192 
 374617 	  374617 	  183 	  359597 	  288 
 374617 	  374617 	  146 	  418441 	  307 
 374617 	  374617 	  166 	  320525 	  170 
 374617 	  374617 	  198 	  459772 	  121 
 374617 	  374617 	  385 	  383340 	  355 
 374617 	  374617 	  311 	  469216 	  367 
 374617 	  374617 	  255 	  424740 	  141 
 374617 	  374617 	  347 	  397892 	  232 
 374617 	  374617 	  231 	  169380 	  356 
 374617 	  374617 	  195 	  398319 	 1009 
 374617 	  374617 	  183 	  161150 	  230 
 374617 	  374617 	  144 	  386968 	  195 
 374617 	  374617 	  136 	  219786 	  380 
 374617 	  374617 	  121 	  452212 	  290 
 374617 	  374617 	  281 	  328326 	   47 
 374617 	  374617 	  143 	  276694 	  188 
 374617 	  374617 	  114 	  413129 	  226 
 374617 	  374617 	  258 	  259214 	   96 
 374617 	  374617 	  157 	  452035 	  119 
 374617 	  374617 	  162 	  426686 	   64 
 374617 	  374617 	  147 	  545783 	   90 
 374617 	  374617 	  156 	  364076 	   80 
 374617 	  374617 	  168 	  303607 	   83 
 374617 	  374617 	  128 	  490213 	  160 
 374617 	  374617 	  149 	  351156 	  157 
 374617 	  374617 	  148 	  362597 	   78 
 374617 	  374617 	  201 	  378248 	   74 
 374617 	  374617 	  170 	  388397 	   87 
 374617 	  374617 	  134 	  347787 	  254 
 374617 	  374617 	  126 	  359854 	  219 
 374617 	  374617 	  187 	  275871 	   80 
 374617 	  374617 	  141 	  350133 	  109 
 374617 	  374617 	  111 	  463967 	  162 
 374617 	  374617 	  179 	  405427 	   50 
 374617 	  374617 	  189 	  354768 	   53 
 374617 	  374617 	  179 	  558188 	   55 
 374617 	  374617 	  202 	  470540 	   50 
 374617 	  374617 	  172 	  416678 	   82 
 374617 	  374617 	  152 	  293363 	   85 
 374617 	  374617 	  124 	  480631 	  213 
 374617 	  374617 	  141 	  451244 	   98 
 374617 	  374617 	  187 	  443370 	  100 
 374617 	  374617 	  164 	  341970 	  125 
 374617 	  374617 	  159 	  313958 	  120 
 374617 	  374617 	  184 	  383618 	   61 
 374617 	  374617 	  173 	  461924 	   58 
 374617 	  374617 	  146 	  508574 	  105 
 374617 	  374617 	  179 	  247058 	   80 
 374617 	  374617 	  147 	  393535 	  121 
 374617 	  374617 	  187 	  331367 	  116 
 374617 	  374617 	  361 	  293091 	  495 
 374617 	  374617 	  267 	  235616 	  509 
 374617 	  374617 	  161 	  347852 	  217 
 374617 	  374617 	  223 	  444353 	   85 
 374617 	  374617 	  306 	  323876 	  301 
 374617 	  374617 	  407 	  316452 	  294 
 374617 	  374617 	  283 	  340281 	  274 
 374617 	  374617 	  238 	  406385 	  171 
 374617 	  374617 	  225 	  379890 	  126 
 374617 	  374617 	  335 	  390577 	  130 
 374617 	  374617 	  349 	  282634 	  159 
 374617 	  374617 	  197 	  338686 	  453 
 374617 	  374617 	  131 	  340664 	  260 
 374617 	  374617 	  209 	  443796 	  160 
 374617 	  374617 	  205 	  242493 	  162 
 374617 	  374617 	  249 	  432074 	  915 
 374617 	  374617 	  195 	  288093 	   64 
 374617 	  374617 	  187 	  411204 	  182 
 374617 	  374617 	  168 	  534798 	  150 
 374617 	  374617 	  267 	  363145 	  107 
 374617 	  374617 	  326 	  316081 	   97 
 374617 	  374617 	  185 	  411831 	  230 
 374617 	  374617 	  165 	  294420 	  254 
 374617 	  374617 	  183 	  303691 	  275 
 374617 	  374617 	  171 	  298940 	  462 
 374617 	  374617 	  210 	  497023 	  573 
 374617 	  374617 	  229 	  343496 	  102 
 374617 	  374617 	  212 	  305204 	  204 
 374617 	  374617 	  272 	  295048 	  479 
 374617 	  374617 	  183 	  276297 	  110 
 374617 	  374617 	  157 	  444872 	  140 
 374617 	  374617 	  182 	  365897 	   60 
 374617 	  374617 	  131 	  503496 	  157 
 374617 	  374617 	  188 	  193325 	  104 
 374617 	  374617 	  128 	  502793 	  285 
 374617 	  374617 	  183 	  248393 	  179 
 374617 	  374617 	  123 	  452233 	  305 
 374617 	  374617 	  194 	  340811 	  163 
 374617 	  374617 	  156 	  294676 	  276 
 374617 	  374617 	  179 	  399994 	  170 
 374617 	  374617 	  159 	  382386 	  165 
 374617 	  374617 	  149 	  567092 	  182 
 374617 	  374617 	  269 	  305267 	   81 
 374617 	  374617 	  150 	  367871 	  214 
 374617 	  374617 	  133 	  298328 	  214 
 374617 	  374617 	  192 	  266886 	  238 
 374617 	  374617 	  174 	  368296 	  159 
 374617 	  374617 	  166 	  350525 	  132 
 374617 	  374617 	  191 	  370321 	  121 
 374617 	  374617 	  159 	  415382 	  270 
 374617 	  374617 	  278 	  258022 	   86 
 374617 	  374617 	  157 	  522294 	  308 
 374617 	  374617 	  304 	  264167 	  138 
 374617 	  374617 	  166 	  361656 	  376 
 374617 	  374617 	  233 	  306802 	  477 
 374617 	  374617 	  212 	  350623 	  142 
 374617 	  374617 	  198 	  391025 	  289 
 374617 	  374617 	  304 	  294247 	  413 
 374617 	  374617 	  116 	  313089 	  455 
 374617 	  374617 	  148 	  357107 	  283 
 374617 	  374617 	  205 	  358902 	  632 
 374617 	  374617 	  266 	  190387 	  737 
 374617 	  374617 	  181 	  239508 	  583 
 374617 	  374617 	  276 	  283956 	  930 
 374617 	  374617 	  431 	  223151 	  510 
 374617 	  374617 	  153 	  218201 	  532 
 374617 	  374617 	  215 	  241974 	  620 
 374617 	  374617 	  183 	  182354 	  723 
 374617 	  374617 	  113 	  419368 	  444 
 374617 	  374617 	  139 	  408362 	   61 
 374617 	  374617 	  119 	  410214 	  164 
 374617 	  374617 	  137 	  293670 	  167 
 374617 	  374617 	   85 	  289945 	  504 
 374617 	  374617 	  145 	  324445 	  104 
 374617 	  374617 	  106 	  389457 	   94 
 374617 	  374617 	  132 	  383357 	   73 
 374617 	  374617 	  148 	  450189 	   65 
 374617 	  374617 	  212 	  479490 	   42 
 374617 	  374617 	   90 	  546522 	  472 
 374617 	  374617 	  336 	  188255 	  214 
 374617 	  374617 	  160 	  309313 	  432 
 374617 	  374617 	  107 	  466990 	  468 
 374617 	  374617 	  148 	  439626 	  364 
 374617 	  374617 	  178 	  237895 	  278 
 374617 	  374617 	  187 	  414787 	  224 
 374617 	  374617 	  135 	  494897 	  248 
 374617 	  374617 	  154 	  280908 	   75 
 374617 	  374617 	  101 	  500842 	  140 
 374617 	  374617 	  138 	  404531 	   52 
 374617 	  374617 	  133 	  558442 	   65 
 374617 	  374617 	  176 	  475164 	   46 
 374617 	  374617 	  125 	  270724 	  117 
 374617 	  374617 	   98 	  394562 	  685 
 374617 	  374617 	  108 	  263575 	  276 
 374617 	  374617 	  151 	  325588 	  161 
 374617 	  374617 	  167 	  358738 	  264 
 374617 	  374617 	  180 	  421051 	  511 
 374617 	  374617 	  148 	  270621 	  110 
 374617 	  374617 	  109 	  462150 	  103 
 374617 	  374617 	   91 	  563348 	  182 
 374617 	  374617 	  195 	  330422 	   57 
 374617 	  374617 	  109 	  477765 	  113 
 374617 	  374617 	  144 	  437276 	   79 
 374617 	  374617 	  147 	  333667 	   51 
 374617 	  374617 	  150 	  495140 	  116 
 374617 	  374617 	  160 	  378002 	  271 
 374617 	  374617 	  182 	  192944 	  333 
 374617 	  374617 	  304 	  452330 	 1023 
 374617 	  374617 	  320 	  207261 	  310 
 374617 	  374617 	  309 	  288926 	  332 
 374617 	  374617 	  187 	  482811 	  369 
 374617 	  374617 	  257 	  354006 	   86 
 374617 	  374617 	  263 	  306624 	  148 
 374617 	  374617 	  124 	  478335 	  505 
 374617 	  374617 	  173 	  284904 	  171 
 374617 	  374617 	  115 	  377790 	  478 
 374617 	  374617 	  177 	  274902 	  147 
 374617 	  374617 	  361 	  543759 	  555 
 374617 	  374617 	  220 	  314488 	  209 
 374617 	  374617 	  236 	  499502 	  400 
 374617 	  374617 	  179 	  269748 	  333 
 374617 	  374617 	  180 	  295633 	  500 
 374617 	  374617 	  202 	  335175 	  654 
 374617 	  374617 	  189 	  190289 	  833 
 374617 	  374617 	  229 	  217776 	  354 
 374617 	  374617 	  208 	  384085 	  622 
 374617 	  374617 	  180 	  351349 	  141 
 374617 	  374617 	  190 	  455943 	  196 
 374617 	  374617 	  210 	  302819 	  340 
 374617 	  374617 	  177 	  289826 	  265 
 374617 	  374617 	  188 	  334052 	  197 
 374617 	  374617 	  175 	  527860 	  392 
 374617 	  374617 	  157 	  369813 	  211 
 374617 	  374617 	  134 	  429672 	  357 
 374617 	  374617 	  112 	  418530 	  233 
 374617 	  374617 	  134 	  423534 	  280 
 374617 	  374617 	  206 	  379414 	  115 
 374617 	  374617 	  232 	  334084 	   91 
 374617 	  374617 	  135 	  445764 	  224 
 374617 	  374617 	  204 	  285662 	   93 
 374617 	  374617 	  158 	  449874 	  272 
 374617 	  374617 	  151 	  294413 	  218 
 374617 	  374617 	  125 	  581439 	  120 
 374617 	  374617 	  203 	  450093 	   55 
 374617 	  374617 	  121 	  323937 	   96 
 374617 	  374617 	  134 	  364739 	   59 
 374617 	  374617 	  123 	  320171 	  575 
 374617 	  374617 	  268 	  251665 	  122 
 374617 	  374617 	  180 	  414629 	  157 
 374617 	  374617 	  169 	  348499 	  403 
 374617 	  374617 	  161 	  302774 	  318 
 374617 	  374617 	  166 	  284084 	  208 
 374617 	  374617 	  191 	  276672 	  481 
 374617 	  374617 	  156 	  322213 	  929 
 374617 	  374617 	  172 	  400060 	  148 
 374617 	  374617 	  168 	  343087 	  241 
 374617 	  374617 	  144 	  418048 	  536 
 374617 	  374617 	  185 	  231305 	  464 
 374617 	  374617 	  209 	  279108 	  199 
 374617 	  374617 	  191 	  321090 	  434 
 374617 	  374617 	  397 	  305135 	  862 
 374617 	  374617 	  355 	  246863 	  781 
 374617 	  374617 	  192 	  266462 	  717 
 374617 	  374617 	  180 	  173659 	  417 
 374617 	  374617 	  241 	  446237 	  909 
 374617 	  374617 	  190 	  351223 	   65 
 374617 	  374617 	  135 	  385496 	   55 
 374617 	  374617 	  151 	  465869 	  160 
 374617 	  374617 	  176 	  419700 	  150 
 374617 	  374617 	  214 	  309500 	   78 
 374617 	  374617 	  166 	  464742 	  157 
 374617 	  374617 	  183 	  449119 	   96 
 374617 	  374617 	  163 	  481893 	   95 
 374617 	  374617 	  145 	  432599 	  220 
 374617 	  374617 	  281 	  283354 	   71 
 374617 	  374617 	  137 	  544479 	  127 
 374617 	  374617 	  193 	  328753 	   84 
 374617 	  374617 	  183 	  388344 	  214 
 374617 	  374617 	  158 	  331623 	  351 
 374617 	  374617 	  149 	  327196 	  149 
 374617 	  374617 	  157 	  318974 	  188 
 374617 	  374617 	  166 	  301401 	  170 
 374617 	  374617 	  204 	  487012 	   82 
 374617 	  374617 	  152 	  467497 	   81 
 374617 	  374617 	  171 	  359740 	  300 
 374617 	  374617 	  215 	  413070 	  249 
 374617 	  374617 	  139 	  364694 	  196 
 374617 	  374617 	  174 	  425652 	  203 
 374617 	  374617 	  165 	  221226 	  324 
 374617 	  374617 	  155 	  386656 	  486 
 374617 	  374617 	  174 	  365410 	   88 
 374617 	  374617 	  209 	  508900 	   79 
 374617 	  374617 	  170 	  406218 	  114 
 374617 	  374617 	  228 	  378475 	   83 
 374617 	  374617 	  204 	  401482 	   53 
 374617 	  374617 	  195 	  427964 	   80 
 374617 	  374617 	  170 	  435430 	   49 
 374617 	  374617 	  172 	  410783 	   73 
 374617 	  374617 	  138 	  407261 	  150 
 374617 	  374617 	  130 	  312211 	  186 
 374617 	  374617 	  129 	  393664 	  240 
 374617 	  374617 	  273 	  330310 	   54 
 374617 	  374617 	  160 	  457478 	  152 
 374617 	  374617 	  219 	  444484 	   99 
 374617 	  374617 	  166 	  461450 	  103 
 374617 	  374617 	  182 	  408110 	  105 
 374617 	  374617 	  161 	  467479 	  190 
 374617 	  374617 	  191 	  308421 	  113 
 374617 	  374617 	  172 	  421736 	  158 
 374617 	  374617 	  184 	  425166 	  137 
 374617 	  374617 	  170 	  442199 	  162 
 374617 	  374617 	  147 	  444332 	  111 
 374617 	  374617 	  195 	  424953 	   96 
 374617 	  374617 	  166 	  352172 	  250 
 374617 	  374617 	  221 	  342508 	  327 
 374617 	  374617 	  199 	  216298 	  289 
 374617 	  374617 	  180 	  307106 	  331 
 374617 	  374617 	  154 	  267435 	  570 
 374617 	  374617 	  246 	  314110 	  156 
 374617 	  374617 	  191 	  375560 	  133 
 374617 	  374617 	  120 	  404882 	  315 
 374617 	  374617 	  143 	  311372 	  575 
 374617 	  374617 	  172 	  348669 	  225 
 374617 	  374617 	  188 	  288375 	  122 
 374617 	  374617 	  154 	  408993 	  148 
 374617 	  374617 	  182 	  350338 	   78 
 374617 	  374617 	  144 	  587385 	  168 
 374617 	  374617 	  185 	  363912 	   58 
 374617 	  374617 	  172 	  405883 	   66 
 374617 	  374617 	  123 	  436264 	   90 
 374617 	  374617 	  173 	  437577 	   69 
 374617 	  374617 	  176 	  534570 	   96 
 374617 	  374617 	  196 	  438428 	   77 
 374617 	  374617 	  148 	  384304 	   90 
 374617 	  374617 	  160 	  455705 	   74 
 374617 	  374617 	  145 	  464867 	  106 
 374617 	  374617 	  183 	  283224 	   72 
 374617 	  374617 	  146 	  530302 	   87 
 374617 	  374617 	  154 	  413208 	   58 
 374617 	  374617 	  175 	  410745 	   63 
 374617 	  374617 	  150 	  411202 	  111 
 374617 	  374617 	  143 	  344829 	  118 
 374617 	  374617 	  169 	  351180 	   80 
 374617 	  374617 	  148 	  422067 	   93 
 374617 	  374617 	  173 	  439262 	   73 
 374617 	  374617 	  156 	  490720 	   96 
 374617 	  374617 	  146 	  268483 	  133 
 374617 	  374617 	  134 	  297934 	  136 
 374617 	  374617 	  111 	  319074 	   88 
 374617 	  374617 	  159 	  376061 	   66 
 374617 	  374617 	  178 	  364074 	   69 
 374617 	  374617 	  173 	  438227 	  115 
 374617 	  374617 	  165 	  347332 	   97 
 374617 	  374617 	  172 	  344163 	   76 
 374617 	  374617 	  163 	  379094 	  102 
 374617 	  374617 	  177 	  286650 	   67 
 374617 	  374617 	  140 	  492989 	   79 
 374617 	  374617 	  119 	  527762 	   73 
 374617 	  374617 	  168 	  342505 	   57 
 374617 	  374617 	  177 	  303172 	   83 
 374617 	  374617 	  204 	  333919 	  100 
 374617 	  374617 	  157 	  354125 	  217 
 374617 	  374617 	  174 	  218927 	  184 
 374617 	  374617 	  131 	  284415 	  301 
 374617 	  374617 	  124 	  308212 	  214 
 374617 	  374617 	  219 	  324112 	  142 
 374617 	  374617 	  218 	  433834 	  333 
 374617 	  374617 	  182 	  403593 	  511 
 374617 	  374617 	  193 	  298458 	  309 
 374617 	  374617 	  150 	  399165 	  410 
 374617 	  374617 	  203 	  387611 	  178 
 374617 	  374617 	  153 	  526176 	  103 
 374617 	  374617 	  193 	  501695 	   53 
 374617 	  374617 	  197 	  497904 	   71 
 374617 	  374617 	  168 	  292251 	  123 
 374617 	  374617 	  170 	  342442 	  455 
 374617 	  374617 	  126 	  296668 	  361 
 374617 	  374617 	  119 	  381108 	  210 
 374617 	  374617 	  147 	  335884 	  125 
 374617 	  374617 	  160 	  414948 	  486 
 374617 	  374617 	  243 	  247856 	  173 
 374617 	  374617 	  128 	  434296 	  715 
 374617 	  374617 	  204 	  192139 	  196 
 374617 	  374617 	  196 	  299429 	  237 
 374617 	  374617 	  162 	  399758 	  191 
 374617 	  374617 	  192 	  547128 	  135 
 374617 	  374617 	  170 	  234723 	  422 
