% num_local_points | num_send_points | num_send_procs | num_recv_points | num_recv_procs 
  10188 	  193585 	  200 	  158615 	  331 
  10188 	  193585 	  242 	  283269 	  102 
  10188 	  193585 	  350 	  165499 	   75 
  10188 	  193585 	  161 	  205978 	  251 
  10188 	  193586 	  235 	  189399 	  204 
  10188 	  193585 	  244 	  190871 	  256 
  10188 	  193585 	  168 	  195778 	  590 
  10188 	  193585 	  175 	  216721 	  408 
  10188 	  193585 	  254 	  101049 	  156 
  10188 	  193586 	  251 	  192633 	  315 
  10188 	  193585 	  265 	  163401 	  316 
  10188 	  193585 	  313 	  221501 	   93 
  10188 	  193585 	  186 	  280738 	   73 
  10188 	  193585 	  188 	  218010 	  122 
  10188 	  193586 	  200 	  160030 	  140 
  10188 	  193585 	  204 	  223768 	  221 
  10188 	  193585 	  282 	  194907 	  349 
  10188 	  193585 	  200 	  192778 	  370 
  10188 	  193585 	  217 	  131585 	  197 
  10188 	  193586 	  198 	  193495 	  459 
  10188 	  193585 	  262 	   55910 	  245 
  10188 	  193585 	  213 	  156069 	  491 
  10188 	  193585 	  196 	  219796 	  200 
  10188 	  193585 	  287 	  239251 	   64 
  10188 	  193586 	  343 	  190270 	   71 
  10188 	  193585 	  248 	  226681 	  193 
  10188 	  193585 	  330 	  180555 	   80 
  10188 	  193585 	  204 	  223722 	  196 
  10188 	  193585 	  245 	  207761 	   99 
  10188 	  193586 	  334 	  138635 	   79 
  10188 	  193585 	  226 	  238305 	  475 
  10188 	  193585 	  212 	  133799 	  294 
  10188 	  193585 	  376 	  130565 	  103 
  10188 	  193585 	  357 	  243194 	  134 
  10188 	  193586 	  264 	  241768 	  345 
  10188 	  193585 	  195 	  186015 	  439 
  10188 	  193585 	  316 	  146631 	   79 
  10188 	  193585 	  340 	  254425 	   50 
  10188 	  193585 	  233 	  316676 	  100 
  10188 	  193586 	  358 	  150779 	   82 
  10188 	  193585 	  225 	  266266 	  296 
  10188 	  193585 	  287 	  203749 	  275 
  10188 	  193585 	  296 	  187530 	  113 
  10188 	  193586 	  253 	  233903 	  104 
  10188 	  193585 	  283 	  155902 	  148 
  10188 	  193585 	  161 	  188749 	  448 
  10188 	  193585 	  169 	  171656 	  363 
  10188 	  193585 	  196 	  143379 	  117 
  10188 	  193586 	  259 	  203087 	   48 
  10188 	  193585 	  182 	  267539 	   63 
  10188 	  193585 	  288 	  211602 	   74 
  10188 	  193585 	  273 	  263489 	   51 
  10188 	  193585 	  206 	  212676 	   49 
  10188 	  193586 	  239 	  207846 	   61 
  10188 	  193585 	  199 	  229415 	  139 
  10188 	  193585 	  265 	  137050 	  187 
  10188 	  193585 	  153 	  217427 	  434 
  10188 	  193585 	  297 	  230395 	  153 
  10188 	  193586 	  272 	  119362 	  215 
  10188 	  193585 	  171 	  198829 	  662 
  10188 	  193585 	  206 	  170621 	  541 
  10188 	  193585 	  432 	  179465 	   84 
  10188 	  193585 	  208 	  252144 	  366 
  10188 	  193586 	  267 	  225861 	  211 
  10188 	  193585 	  253 	  189954 	  369 
  10188 	  193585 	  275 	  196673 	  220 
  10188 	  193585 	  217 	  173543 	  286 
  10188 	  193585 	  263 	  257333 	  156 
  10188 	  193586 	  343 	  191825 	   84 
  10188 	  193585 	  249 	  129242 	  182 
  10188 	  193585 	  272 	  241272 	  467 
  10188 	  193585 	  312 	   96883 	  214 
  10188 	  193585 	  213 	  166414 	  307 
  10188 	  193586 	  235 	  203384 	  448 
  10188 	  193585 	  291 	  122836 	  234 
  10188 	  193585 	  237 	  260139 	  400 
  10188 	  193585 	  269 	  218871 	  226 
  10188 	  193585 	  299 	  179177 	  209 
  10188 	  193586 	  310 	  167875 	  271 
  10188 	  193585 	  295 	  172232 	  134 
  10188 	  193585 	  284 	  221972 	 1062 
  10188 	  193585 	  335 	  154085 	  617 
  10188 	  193585 	  295 	  213350 	  948 
  10188 	  193586 	  333 	   91920 	  624 
  10188 	  193585 	  381 	  206092 	  254 
  10188 	  193585 	  378 	  212372 	  392 
  10188 	  193585 	  505 	  180976 	  293 
  10188 	  193586 	  261 	  188305 	  258 
  10188 	  193585 	  274 	  148647 	  327 
  10188 	  193585 	  244 	  187141 	  297 
  10188 	  193585 	  253 	  178258 	  247 
  10188 	  193585 	  189 	  233223 	  653 
  10188 	  193586 	  367 	  170797 	  283 
  10188 	  193585 	  316 	  225963 	  358 
  10188 	  193585 	  375 	  215871 	  253 
  10188 	  193585 	  262 	  242430 	  524 
  10188 	  193585 	  357 	  125494 	  133 
  10188 	  193586 	  340 	  216843 	  500 
  10188 	  193585 	  309 	  116523 	  727 
  10188 	  193585 	  337 	  268593 	 1269 
  10188 	  193585 	  267 	  157379 	   54 
  10188 	  193585 	  230 	  234886 	  104 
  10188 	  193586 	  219 	  227015 	   89 
  10188 	  193585 	  275 	  189443 	   74 
  10188 	  193585 	  225 	  138919 	  238 
  10188 	  193585 	  235 	  175099 	  305 
  10188 	  193585 	  205 	  159492 	  559 
  10188 	  193586 	  256 	  179920 	  175 
  10188 	  193585 	  202 	  217000 	  264 
  10188 	  193585 	  334 	  227239 	   68 
  10188 	  193585 	  327 	  157844 	  127 
  10188 	  193585 	  242 	  211445 	  173 
  10188 	  193586 	  230 	  228801 	  192 
  10188 	  193585 	  379 	  181294 	   45 
  10188 	  193585 	  199 	  263878 	  364 
  10188 	  193585 	  253 	  186079 	  162 
  10188 	  193585 	  280 	  150159 	  120 
  10188 	  193586 	  223 	  250643 	  171 
  10188 	  193585 	  231 	  173726 	  127 
  10188 	  193585 	  178 	  180090 	  597 
  10188 	  193585 	  288 	  160395 	  167 
  10188 	  193585 	  273 	  173250 	   55 
  10188 	  193586 	  200 	  288169 	  155 
  10188 	  193585 	  334 	  286395 	   97 
  10188 	  193585 	  356 	  253173 	   75 
  10188 	  193585 	  320 	  173427 	   56 
  10188 	  193585 	  321 	  182995 	   80 
  10188 	  193586 	  160 	  236531 	  265 
  10188 	  193585 	  171 	  284124 	  385 
  10188 	  193585 	  322 	  170522 	   74 
  10188 	  193585 	  269 	  150922 	  192 
  10188 	  193586 	  198 	  222326 	  312 
  10188 	  193585 	  370 	  180854 	  184 
  10188 	  193585 	  326 	  107403 	  237 
  10188 	  193585 	  254 	  225243 	  432 
  10188 	  193585 	  266 	  174470 	  262 
  10188 	  193586 	  277 	  176760 	  377 
  10188 	  193585 	  243 	  158274 	  391 
  10188 	  193585 	  240 	  193743 	  533 
  10188 	  193585 	  212 	  156850 	  118 
  10188 	  193585 	  289 	  179979 	   79 
  10188 	  193586 	  234 	  214882 	   46 
  10188 	  193585 	  198 	  200958 	   65 
  10188 	  193585 	  190 	  223361 	   73 
  10188 	  193585 	  300 	  211170 	   67 
  10188 	  193585 	  221 	  270109 	  106 
  10188 	  193586 	  273 	  200534 	   73 
  10188 	  193585 	  263 	  140959 	  114 
  10188 	  193585 	  215 	  211066 	  277 
  10188 	  193585 	  197 	  177435 	  270 
  10188 	  193585 	  286 	  156379 	  150 
  10188 	  193586 	  262 	  210915 	  192 
  10188 	  193585 	  316 	  141133 	  131 
  10188 	  193585 	  235 	  275479 	  183 
  10188 	  193585 	  242 	  199049 	  147 
  10188 	  193585 	  256 	  190716 	  189 
  10188 	  193586 	  325 	  159792 	  168 
  10188 	  193585 	  231 	  194198 	  203 
  10188 	  193585 	  360 	  124608 	  136 
  10188 	  193585 	  376 	  163797 	  169 
  10188 	  193585 	  266 	  244072 	  183 
  10188 	  193586 	  301 	  251541 	   71 
  10188 	  193585 	  229 	  245596 	  109 
  10188 	  193585 	  374 	  228987 	  136 
  10188 	  193585 	  389 	  175874 	  121 
  10188 	  193585 	  197 	  264001 	  437 
  10188 	  193586 	  376 	  128625 	  273 
  10188 	  193585 	  351 	  131383 	  304 
  10188 	  193585 	  207 	  181628 	  442 
  10188 	  193585 	  244 	  190074 	  430 
  10188 	  193585 	  294 	  186709 	  278 
  10188 	  193586 	  286 	  164997 	  150 
  10188 	  193585 	  187 	  166461 	  168 
  10188 	  193585 	  266 	  258387 	  142 
  10188 	  193585 	  391 	  189853 	  103 
  10188 	  193586 	  422 	  202982 	   87 
  10188 	  193585 	  289 	  261779 	  181 
  10188 	  193585 	  303 	  178909 	  319 
  10188 	  193585 	  238 	  165107 	  185 
  10188 	  193585 	  186 	  204511 	  217 
  10188 	  193586 	  294 	  268133 	   74 
  10188 	  193585 	  297 	  204285 	  103 
  10188 	  193585 	  267 	  210801 	  325 
  10188 	  193585 	  223 	   94679 	  547 
  10188 	  193585 	  253 	  142671 	  683 
  10188 	  193586 	  199 	  214188 	  468 
  10188 	  193585 	  369 	  205048 	  129 
  10188 	  193585 	  393 	  137983 	  167 
  10188 	  193585 	  202 	  219424 	  367 
  10188 	  193585 	  329 	  229955 	  368 
  10188 	  193586 	  366 	  161761 	  157 
  10188 	  193585 	  335 	  229467 	  466 
  10188 	  193585 	  374 	  117946 	  281 
  10188 	  193585 	  360 	  253779 	 1509 
  10188 	  193585 	  506 	  117909 	  376 
  10188 	  193586 	  344 	  119214 	  466 
  10188 	  193585 	  356 	  243689 	  992 
  10188 	  193585 	  322 	  104215 	  104 
  10188 	  193585 	  235 	  277444 	  447 
  10188 	  193585 	  286 	  215052 	  195 
  10188 	  193586 	  298 	  196771 	  380 
  10188 	  193585 	  477 	  105396 	  316 
  10188 	  193585 	  488 	  174006 	  188 
  10188 	  193585 	  376 	  230488 	  190 
  10188 	  193585 	  255 	  165278 	  242 
  10188 	  193586 	  373 	  211585 	  387 
  10188 	  193585 	  247 	  146519 	  423 
  10188 	  193585 	  331 	  153217 	  327 
  10188 	  193585 	  272 	  185048 	  237 
  10188 	  193585 	  316 	  217659 	  148 
  10188 	  193586 	  344 	  232481 	  195 
  10188 	  193585 	  260 	  185071 	  202 
  10188 	  193585 	  276 	  157979 	  257 
  10188 	  193585 	  369 	  207648 	  188 
  10188 	  193585 	  420 	  195903 	   91 
  10188 	  193586 	  346 	  259471 	  270 
  10188 	  193585 	  223 	  224886 	  604 
  10188 	  193585 	  353 	  199123 	   90 
  10188 	  193585 	  491 	  193916 	   51 
  10188 	  193586 	  444 	  200729 	  102 
  10188 	  193585 	  358 	  140968 	   87 
  10188 	  193585 	  274 	  290157 	  388 
  10188 	  193585 	  316 	  151716 	   70 
  10188 	  193585 	  307 	  206214 	  193 
  10188 	  193586 	  493 	  169718 	  108 
  10188 	  193585 	  300 	  165491 	  162 
  10188 	  193585 	  316 	  253454 	  221 
  10188 	  193585 	  375 	  158917 	  469 
  10188 	  193585 	  222 	   72388 	  750 
  10188 	  193586 	  266 	  207918 	 1487 
  10188 	  193585 	  226 	  148612 	  527 
  10188 	  193585 	  267 	  218310 	  526 
  10188 	  193585 	  357 	  104612 	  282 
  10188 	  193585 	  230 	  244819 	 1501 
  10188 	  193586 	  124 	  174849 	  591 
  10188 	  193585 	  236 	  157142 	  167 
  10188 	  193585 	  331 	  152789 	   47 
  10188 	  193585 	  141 	  222288 	   91 
  10188 	  193585 	  158 	  265506 	   86 
  10188 	  193586 	  284 	  232655 	   40 
  10188 	  193585 	  223 	  248894 	  114 
  10188 	  193585 	  219 	  145770 	  154 
  10188 	  193585 	  233 	  219787 	  188 
  10188 	  193585 	  348 	  141880 	  186 
  10188 	  193586 	  313 	  248022 	  167 
  10188 	  193585 	  313 	  220577 	  118 
  10188 	  193585 	  331 	  264681 	  291 
  10188 	  193585 	  387 	  180278 	  229 
  10188 	  193585 	  211 	  200880 	  173 
  10188 	  193586 	  257 	  175086 	  146 
  10188 	  193585 	  233 	  198374 	  154 
  10188 	  193585 	  334 	  276739 	  113 
  10188 	  193585 	  298 	  249920 	  118 
  10188 	  193585 	  365 	  158771 	  150 
  10188 	  193586 	  369 	  166304 	 1048 
  10188 	  193585 	  422 	  125710 	  762 
  10188 	  193585 	  346 	  174207 	  619 
  10188 	  193585 	  226 	  128619 	  179 
  10188 	  193585 	  148 	  236980 	  380 
  10188 	  193586 	  218 	  192034 	  351 
  10188 	  193585 	  253 	  210416 	  241 
  10188 	  193585 	  249 	  225450 	  325 
  10188 	  193585 	  286 	  243605 	  752 
  10188 	  193586 	  362 	  178414 	  328 
  10188 	  193585 	  347 	  161040 	  379 
  10188 	  193585 	  384 	  191337 	  392 
  10188 	  193585 	  303 	  193206 	  566 
  10188 	  193585 	  280 	   84461 	  386 
  10188 	  193586 	  342 	  205657 	 1199 
  10188 	  193585 	  178 	  215959 	  574 
  10188 	  193585 	  261 	  116718 	  168 
  10188 	  193585 	  226 	  179318 	  103 
  10188 	  193585 	  271 	  233044 	  453 
  10188 	  193586 	  442 	  139623 	  146 
  10188 	  193585 	  275 	  317856 	  263 
  10188 	  193585 	  401 	  131772 	  119 
  10188 	  193585 	  249 	  234571 	  487 
  10188 	  193585 	  234 	  149320 	  145 
  10188 	  193586 	  312 	  158693 	   95 
  10188 	  193585 	  291 	  204006 	  177 
  10188 	  193585 	  218 	  160207 	  198 
  10188 	  193585 	  335 	  166149 	  147 
  10188 	  193585 	  281 	  180224 	  129 
  10188 	  193586 	  190 	  272607 	  536 
  10188 	  193585 	  412 	  100504 	  134 
  10188 	  193585 	  293 	  220857 	  221 
  10188 	  193585 	  285 	  219707 	   58 
  10188 	  193585 	  190 	  240371 	   83 
  10188 	  193586 	  201 	  232911 	   59 
  10188 	  193585 	  268 	  166771 	   65 
  10188 	  193585 	  227 	  227836 	  159 
  10188 	  193585 	  231 	  243765 	  149 
  10188 	  193585 	  272 	  120568 	  210 
  10188 	  193586 	  390 	  179924 	  153 
  10188 	  193585 	  378 	  225347 	   83 
  10188 	  193585 	  201 	  258535 	  164 
  10188 	  193585 	  285 	  139949 	   91 
  10188 	  193585 	  175 	  219709 	  171 
  10188 	  193586 	  272 	  128054 	  150 
  10188 	  193585 	  290 	  194271 	  150 
  10188 	  193585 	  267 	  218010 	  123 
  10188 	  193585 	  251 	  287817 	   78 
  10188 	  193585 	  255 	  232443 	   38 
  10188 	  193586 	  273 	  227368 	   47 
  10188 	  193585 	  215 	  211928 	   72 
  10188 	  193585 	  280 	  212080 	   90 
  10188 	  193585 	  264 	  211048 	  103 
  10188 	  193586 	  227 	  171618 	  104 
  10188 	  193585 	  136 	  169923 	  229 
  10188 	  193585 	  234 	  129530 	  153 
  10188 	  193585 	  281 	  280044 	   90 
  10188 	  193585 	  333 	  215870 	   44 
  10188 	  193586 	  384 	  214335 	  148 
  10188 	  193585 	  213 	  166407 	  238 
  10188 	  193585 	  289 	  139972 	  165 
  10188 	  193585 	  367 	  198888 	  232 
  10188 	  193585 	  356 	  157713 	  152 
  10188 	  193586 	  217 	  173750 	  474 
  10188 	  193585 	  399 	   95307 	   90 
  10188 	  193585 	  191 	  362031 	  157 
  10188 	  193585 	  309 	  207696 	   50 
  10188 	  193585 	  314 	  297145 	   94 
  10188 	  193586 	  350 	  157278 	  104 
  10188 	  193585 	  387 	  116628 	  236 
  10188 	  193585 	  313 	  187655 	  535 
  10188 	  193585 	  352 	   84354 	  361 
  10188 	  193585 	  325 	  190000 	  709 
  10188 	  193586 	  319 	  162333 	  322 
  10188 	  193585 	  384 	  197800 	  250 
  10188 	  193585 	  301 	  193426 	  264 
  10188 	  193585 	  326 	  148171 	   82 
  10188 	  193585 	  188 	  219510 	  172 
  10188 	  193586 	  219 	  178739 	  213 
  10188 	  193585 	  251 	  164291 	  316 
  10188 	  193585 	  243 	  157885 	  164 
  10188 	  193585 	  198 	  168922 	  261 
  10188 	  193585 	  269 	  192025 	  362 
  10188 	  193586 	  205 	  216310 	   70 
  10188 	  193585 	  304 	  197545 	   51 
  10188 	  193585 	  183 	  175219 	  110 
  10188 	  193585 	  160 	  228656 	  175 
  10188 	  193585 	  290 	  134612 	   79 
  10188 	  193586 	  182 	  285869 	   53 
  10188 	  193585 	  215 	  241872 	   39 
  10188 	  193585 	  243 	  220973 	   61 
  10188 	  193585 	  176 	  137690 	  370 
  10188 	  193585 	  249 	  120031 	  823 
  10188 	  193586 	  319 	  116327 	  651 
  10188 	  193585 	  225 	  304326 	  114 
  10188 	  193585 	  325 	  228980 	   64 
  10188 	  193585 	  258 	  147045 	   98 
  10188 	  193586 	  263 	  181002 	  144 
  10188 	  193585 	  290 	  187591 	   59 
  10188 	  193585 	  179 	  241647 	   74 
  10188 	  193585 	  211 	  163884 	  124 
  10188 	  193585 	  196 	  198715 	  235 
  10188 	  193586 	  392 	  152660 	   92 
  10188 	  193585 	  253 	  264325 	  155 
  10188 	  193585 	  196 	  235397 	  189 
  10188 	  193585 	  217 	  172682 	  164 
  10188 	  193585 	  276 	  149008 	  267 
  10188 	  193586 	  348 	  148348 	  179 
  10188 	  193585 	  320 	  223330 	  226 
  10188 	  193585 	  387 	  193729 	   88 
  10188 	  193585 	  315 	  184563 	  101 
  10188 	  193585 	  253 	  310305 	  209 
  10188 	  193586 	  294 	  108280 	   98 
  10188 	  193585 	  169 	  214544 	  152 
  10188 	  193585 	  290 	  156963 	   45 
  10188 	  193585 	  266 	  156186 	   57 
  10188 	  193585 	  154 	  275118 	  101 
  10188 	  193586 	  212 	  226003 	   84 
  10188 	  193585 	  254 	  207391 	   59 
  10188 	  193585 	  224 	  203998 	  172 
  10188 	  193585 	  268 	  159414 	   74 
  10188 	  193585 	  312 	  193452 	   72 
  10188 	  193586 	  238 	  257295 	  108 
  10188 	  193585 	  218 	  206951 	   92 
  10188 	  193585 	  321 	  182911 	   55 
  10188 	  193585 	  334 	  178790 	   73 
  10188 	  193585 	  141 	  241423 	  185 
  10188 	  193586 	  226 	  169957 	   63 
  10188 	  193585 	  230 	  211783 	  131 
  10188 	  193585 	  296 	  176482 	  124 
  10188 	  193585 	  336 	  197854 	   83 
  10188 	  193585 	  244 	  252537 	   95 
  10188 	  193586 	  282 	  108053 	   70 
  10188 	  193585 	  246 	  207592 	  300 
  10188 	  193585 	  379 	  191208 	  168 
  10188 	  193585 	  305 	  185929 	   67 
  10188 	  193585 	  224 	  219522 	  230 
  10188 	  193586 	  403 	  129578 	  271 
  10188 	  193585 	  431 	  225948 	 1338 
  10188 	  193585 	  369 	  114875 	  597 
  10188 	  193585 	  382 	  203298 	  646 
  10188 	  193586 	  343 	  154217 	  461 
  10188 	  193585 	  313 	  117678 	  387 
  10188 	  193585 	  372 	  206207 	  827 
  10188 	  193585 	  465 	  144159 	  779 
  10188 	  193585 	  339 	  245920 	  530 
  10188 	  193586 	  369 	  156032 	  102 
  10188 	  193585 	  276 	  235356 	  168 
  10188 	  193585 	  208 	  212498 	  360 
  10188 	  193585 	  254 	  236769 	  324 
  10188 	  193585 	  330 	  185991 	  206 
  10188 	  193586 	  232 	  193854 	  149 
  10188 	  193585 	  283 	  207479 	  110 
  10188 	  193585 	  228 	  247141 	  139 
  10188 	  193585 	  245 	  201111 	  150 
  10188 	  193585 	  393 	  223464 	  125 
  10188 	  193586 	  282 	  213758 	  197 
  10188 	  193585 	  313 	  145996 	  205 
  10188 	  193585 	  235 	  188061 	  264 
  10188 	  193585 	  332 	  225392 	  140 
  10188 	  193585 	  222 	  159141 	  124 
  10188 	  193586 	  284 	  211500 	  301 
  10188 	  193585 	  515 	  199027 	  137 
  10188 	  193585 	  368 	  236787 	   89 
  10188 	  193585 	  278 	  193109 	   51 
  10188 	  193585 	  355 	  298504 	  166 
  10188 	  193586 	  529 	  156958 	  143 
  10188 	  193585 	  328 	  178149 	  546 
  10188 	  193585 	  270 	  150540 	  436 
  10188 	  193585 	  191 	  228109 	  162 
  10188 	  193585 	  285 	  152327 	  147 
  10188 	  193586 	  307 	  167931 	  317 
  10188 	  193585 	  323 	  189592 	  856 
  10188 	  193585 	  487 	   85335 	  300 
  10188 	  193585 	  396 	  173553 	  535 
  10188 	  193585 	  255 	  196678 	  239 
  10188 	  193586 	  306 	  160868 	   76 
  10188 	  193585 	  331 	  332935 	  283 
  10188 	  193585 	  879 	  154051 	   86 
  10188 	  193585 	  512 	  205771 	  139 
  10188 	  193585 	  200 	  153310 	  138 
  10188 	  193586 	  173 	  235278 	  189 
  10188 	  193585 	  226 	  172674 	   83 
  10188 	  193585 	  209 	  234797 	  114 
  10188 	  193585 	  172 	  251088 	   53 
  10188 	  193586 	  203 	  231436 	   60 
  10188 	  193585 	  311 	  179209 	  200 
  10188 	  193585 	  349 	  214126 	 1310 
  10188 	  193585 	  264 	  206805 	   78 
  10188 	  193585 	  270 	  212164 	   58 
  10188 	  193586 	  191 	  126650 	  264 
  10188 	  193585 	  369 	  139215 	  185 
  10188 	  193585 	  283 	  229170 	  239 
  10188 	  193585 	  200 	  203692 	  236 
  10188 	  193585 	  296 	  164275 	  233 
  10188 	  193586 	  308 	  190067 	  273 
  10188 	  193585 	  199 	  220342 	  718 
  10188 	  193585 	  296 	  221225 	 1120 
  10188 	  193585 	  216 	  184719 	  743 
  10188 	  193585 	  380 	  169655 	  255 
  10188 	  193586 	  275 	  221134 	  367 
  10188 	  193585 	  305 	  165674 	  408 
  10188 	  193585 	  318 	  111495 	  640 
  10188 	  193585 	  212 	  162156 	  638 
  10188 	  193585 	  529 	  102161 	  206 
  10188 	  193586 	  285 	  237759 	  362 
  10188 	  193585 	  311 	  158194 	  492 
  10188 	  193585 	  193 	  200916 	  469 
  10188 	  193585 	  283 	  178226 	  127 
  10188 	  193585 	  259 	  205480 	  170 
  10188 	  193586 	  349 	  157747 	  104 
  10188 	  193585 	  277 	  258962 	  141 
  10188 	  193585 	  248 	  185128 	  178 
  10188 	  193585 	  208 	  175808 	  226 
  10188 	  193585 	  263 	  208995 	   66 
  10188 	  193586 	  297 	  264652 	   91 
  10188 	  193585 	  217 	  238617 	   83 
  10188 	  193585 	  294 	  160884 	   95 
  10188 	  193585 	  222 	  218304 	  358 
  10188 	  193585 	  357 	  205597 	  125 
  10188 	  193586 	  270 	  172024 	   86 
  10188 	  193585 	  199 	  238350 	   99 
  10188 	  193585 	  319 	  219795 	   47 
  10188 	  193585 	  200 	  275505 	  146 
  10188 	  193585 	  226 	  141893 	  190 
  10188 	  193586 	  227 	  244476 	  239 
  10188 	  193585 	  363 	  113482 	  175 
  10188 	  193585 	  216 	  239805 	  425 
  10188 	  193585 	  448 	  110028 	  102 
  10188 	  193586 	  299 	  252679 	  166 
  10188 	  193585 	  324 	  253885 	  172 
  10188 	  193585 	  506 	  174521 	   99 
  10188 	  193585 	  475 	  164823 	  803 
  10188 	  193585 	  402 	  173540 	  660 
  10188 	  193586 	  305 	  173819 	  436 
  10188 	  193585 	  245 	  211541 	  302 
  10188 	  193585 	  272 	  246115 	  238 
  10188 	  193585 	  342 	  125105 	  117 
  10188 	  193585 	  255 	  264013 	  213 
  10188 	  193586 	  401 	  132685 	  156 
  10188 	  193585 	  210 	  216177 	  528 
  10188 	  193585 	  433 	  132528 	  320 
  10188 	  193585 	  293 	  209024 	  590 
  10188 	  193585 	  541 	  105148 	  355 
  10188 	  193586 	  250 	  191813 	  491 
  10188 	  193585 	  300 	  133337 	  207 
  10188 	  193585 	  325 	  238038 	  102 
  10188 	  193585 	  189 	  256963 	  485 
  10188 	  193585 	  409 	  154132 	   93 
  10188 	  193586 	  199 	  257693 	  234 
  10188 	  193585 	  247 	  170033 	  147 
  10188 	  193585 	  274 	  172348 	   82 
  10188 	  193585 	  229 	  230638 	  187 
  10188 	  193585 	  186 	  204734 	  346 
  10188 	  193586 	  267 	  178717 	  183 
  10188 	  193585 	  294 	  164878 	  210 
  10188 	  193585 	  250 	  217128 	  192 
  10188 	  193585 	  252 	  170706 	  241 
  10188 	  193585 	  282 	  220344 	   96 
  10188 	  193586 	  296 	  193538 	  298 
  10188 	  193585 	  175 	  205819 	  967 
  10188 	  193585 	  379 	  157429 	  171 
  10188 	  193585 	  279 	  272605 	  307 
  10188 	  193585 	  366 	  148514 	  256 
  10188 	  193586 	  212 	  206206 	  667 
  10188 	  193585 	  411 	   94318 	  180 
  10188 	  193585 	  191 	  313115 	  660 
  10188 	  193585 	  350 	  125104 	  261 
  10188 	  193586 	  225 	  208840 	  417 
  10188 	  193585 	  195 	  166364 	  205 
  10188 	  193585 	  296 	  217029 	  120 
  10188 	  193585 	  347 	  212777 	  116 
  10188 	  193585 	  208 	  268388 	  115 
  10188 	  193586 	  179 	  141980 	  269 
  10188 	  193585 	  207 	  109289 	  257 
  10188 	  193585 	  227 	  156495 	  237 
  10188 	  193585 	  282 	  180418 	   85 
  10188 	  193585 	  163 	  215180 	  192 
  10188 	  193586 	  159 	  167792 	  211 
  10188 	  193585 	  225 	  203198 	   55 
  10188 	  193585 	  189 	  293082 	   48 
  10188 	  193585 	  219 	  208136 	   63 
  10188 	  193585 	  215 	  156763 	   88 
  10188 	  193586 	  231 	  235267 	   47 
  10188 	  193585 	  240 	  211015 	   35 
  10188 	  193585 	  189 	  325430 	   58 
  10188 	  193585 	  264 	  157145 	   48 
  10188 	  193585 	  151 	  227192 	  139 
  10188 	  193586 	  150 	  223577 	  106 
  10188 	  193585 	  249 	  118691 	   85 
  10188 	  193585 	  247 	  232132 	  133 
  10188 	  193585 	  227 	  207540 	  195 
  10188 	  193585 	  312 	  133986 	  248 
  10188 	  193586 	  159 	  220213 	  426 
  10188 	  193585 	  358 	   98977 	  143 
  10188 	  193585 	  191 	  237476 	  649 
  10188 	  193585 	  289 	  146568 	  241 
  10188 	  193585 	  293 	  178247 	  191 
  10188 	  193586 	  194 	  285638 	  480 
  10188 	  193585 	  258 	  150589 	  163 
  10188 	  193585 	  249 	  199855 	  302 
  10188 	  193585 	  277 	  173607 	  568 
  10188 	  193585 	  354 	  178732 	  209 
  10188 	  193586 	  288 	  219921 	  159 
  10188 	  193585 	  262 	  153313 	  157 
  10188 	  193585 	  257 	  127822 	  259 
  10188 	  193585 	  250 	  210673 	 1090 
  10188 	  193585 	  293 	  162351 	  110 
  10188 	  193586 	  200 	  186584 	  116 
  10188 	  193585 	  311 	  210819 	   51 
  10188 	  193585 	  217 	  285197 	   91 
  10188 	  193585 	  260 	  213431 	   79 
  10188 	  193586 	  289 	  198535 	  103 
  10188 	  193585 	  200 	  202307 	  172 
  10188 	  193585 	  229 	  201556 	  165 
  10188 	  193585 	  280 	  148509 	  117 
  10188 	  193585 	  249 	  303746 	   93 
  10188 	  193586 	  352 	  170256 	   82 
  10188 	  193585 	  233 	  198797 	  141 
  10188 	  193585 	  222 	  162576 	  186 
  10188 	  193585 	  329 	  154955 	  124 
  10188 	  193585 	  223 	  216979 	  189 
  10188 	  193586 	  199 	  251635 	  240 
  10188 	  193585 	  269 	  102295 	  128 
  10188 	  193585 	  200 	  258570 	  395 
  10188 	  193585 	  303 	  139555 	   73 
  10188 	  193585 	  175 	  321895 	  185 
  10188 	  193586 	  492 	  144958 	   75 
  10188 	  193585 	  238 	  250173 	  134 
  10188 	  193585 	  375 	  187681 	  120 
  10188 	  193585 	  285 	  117690 	  127 
  10188 	  193585 	  187 	  235425 	  269 
  10188 	  193586 	  286 	  217181 	  103 
  10188 	  193585 	  307 	  213794 	  107 
  10188 	  193585 	  198 	  183670 	  124 
  10188 	  193585 	  274 	  202643 	   85 
  10188 	  193585 	  305 	  237517 	   64 
  10188 	  193586 	  198 	  254451 	  133 
  10188 	  193585 	  340 	  168035 	  190 
  10188 	  193585 	  222 	  222434 	  108 
  10188 	  193585 	  367 	  164537 	   65 
  10188 	  193585 	  322 	  281480 	   83 
  10188 	  193586 	  488 	  208805 	   47 
  10188 	  193585 	  207 	  209346 	  146 
  10188 	  193585 	  307 	  135506 	  190 
  10188 	  193585 	  228 	  240075 	  266 
  10188 	  193585 	  413 	  116811 	  139 
  10188 	  193586 	  220 	  225864 	  248 
  10188 	  193585 	  248 	  161644 	  187 
  10188 	  193585 	  274 	  190332 	  183 
  10188 	  193585 	  325 	  205492 	  101 
  10188 	  193585 	  404 	  272981 	  174 
  10188 	  193586 	  361 	  172336 	  118 
  10188 	  193585 	  329 	  219462 	  161 
  10188 	  193585 	  292 	  173893 	  102 
  10188 	  193585 	  187 	  205888 	  178 
  10188 	  193586 	  234 	  176908 	  162 
  10188 	  193585 	  291 	  122270 	  205 
  10188 	  193585 	  316 	  228882 	 1261 
  10188 	  193585 	  432 	   80206 	  505 
  10188 	  193585 	  405 	  131359 	  323 
  10188 	  193586 	  260 	  202687 	  255 
  10188 	  193585 	  277 	  249554 	  725 
  10188 	  193585 	  372 	  156080 	 1372 
  10188 	  193585 	  348 	  274592 	 1752 
  10188 	  193585 	  303 	   89709 	  834 
  10188 	  193586 	  214 	  119494 	  877 
  10188 	  193585 	  274 	   91933 	 1176 
  10188 	  193585 	  289 	  215193 	 1523 
  10188 	  193585 	  359 	   59516 	  725 
  10188 	  193585 	  338 	  158144 	 1007 
  10188 	  193586 	  350 	  214947 	 1045 
  10188 	  193585 	  324 	  138446 	  360 
  10188 	  193585 	  297 	  121528 	  623 
  10188 	  193585 	  349 	  195803 	  299 
  10188 	  193585 	  262 	  216856 	  225 
  10188 	  193586 	  217 	  235581 	  377 
  10188 	  193585 	  290 	  186265 	  105 
  10188 	  193585 	  344 	  234833 	  278 
  10188 	  193585 	  363 	  242186 	  434 
  10188 	  193585 	  346 	  146567 	  276 
  10188 	  193586 	  235 	  240272 	  646 
  10188 	  193585 	  265 	  135664 	  159 
  10188 	  193585 	  270 	  155968 	  148 
  10188 	  193585 	  366 	  225663 	   69 
  10188 	  193585 	  243 	  187890 	   46 
  10188 	  193586 	  209 	  289003 	   71 
  10188 	  193585 	  287 	  169772 	   52 
  10188 	  193585 	  195 	  200928 	  534 
  10188 	  193585 	  364 	  175830 	  371 
  10188 	  193585 	  395 	  160583 	  310 
  10188 	  193586 	  320 	  225692 	  613 
  10188 	  193585 	  260 	  159459 	  239 
  10188 	  193585 	  330 	  210139 	  344 
  10188 	  193585 	  303 	  141574 	  270 
  10188 	  193585 	  308 	  208334 	  531 
  10188 	  193586 	  306 	  172434 	  285 
  10188 	  193585 	  302 	  114752 	  309 
  10188 	  193585 	  297 	  190217 	  398 
  10188 	  193585 	  441 	  159583 	  561 
  10188 	  193586 	  421 	  189644 	  764 
  10188 	  193585 	  450 	  178020 	  780 
  10188 	  193585 	  323 	  161875 	  675 
  10188 	  193585 	  341 	  113853 	  551 
  10188 	  193585 	  283 	  151924 	  521 
  10188 	  193586 	  302 	  154004 	  112 
  10188 	  193585 	  257 	  230022 	  150 
  10188 	  193585 	  166 	  260954 	  263 
  10188 	  193585 	  289 	  150048 	   99 
  10188 	  193585 	  216 	  228690 	   97 
  10188 	  193586 	  169 	  154667 	  158 
  10188 	  193585 	  236 	  119391 	  313 
  10188 	  193585 	  288 	  182189 	  236 
  10188 	  193585 	  215 	  153510 	  106 
  10188 	  193585 	  208 	  224018 	  100 
  10188 	  193586 	  224 	  278908 	   75 
  10188 	  193585 	  316 	  179174 	   67 
  10188 	  193585 	  148 	  232509 	  199 
  10188 	  193585 	  241 	  216796 	   74 
  10188 	  193585 	  247 	  204798 	   66 
  10188 	  193586 	  170 	  172068 	  177 
  10188 	  193585 	  197 	  236269 	  450 
  10188 	  193585 	  417 	  135567 	  111 
  10188 	  193585 	  236 	  250688 	  103 
  10188 	  193585 	  312 	  168135 	   63 
  10188 	  193586 	  148 	  269375 	  261 
  10188 	  193585 	  273 	  151459 	   93 
  10188 	  193585 	  255 	  275875 	  269 
  10188 	  193585 	  274 	  184828 	  200 
  10188 	  193585 	  348 	  192545 	  104 
  10188 	  193586 	  237 	  188631 	  296 
  10188 	  193585 	  296 	  110852 	  254 
  10188 	  193585 	  222 	  226520 	  187 
  10188 	  193585 	  357 	  188349 	   58 
  10188 	  193585 	  272 	  282189 	  212 
  10188 	  193586 	  264 	  187664 	   94 
  10188 	  193585 	  245 	  243656 	  193 
  10188 	  193585 	  367 	   99900 	  115 
  10188 	  193585 	  323 	  227913 	  554 
  10188 	  193585 	  309 	  200358 	  356 
  10188 	  193586 	  441 	  117976 	  117 
  10188 	  193585 	  423 	  260558 	   65 
  10188 	  193585 	  350 	  223687 	   57 
  10188 	  193585 	  216 	  286204 	  131 
  10188 	  193586 	  408 	  180472 	   53 
  10188 	  193585 	  249 	  170302 	  538 
  10188 	  193585 	  366 	  132665 	  269 
  10188 	  193585 	  275 	  167564 	  237 
  10188 	  193585 	  248 	  204880 	  214 
  10188 	  193586 	  326 	  269449 	  228 
  10188 	  193585 	  336 	  170018 	  402 
  10188 	  193585 	  272 	  191256 	  209 
  10188 	  193585 	  384 	  248425 	   72 
  10188 	  193585 	  354 	  218395 	  159 
  10188 	  193586 	  283 	  166050 	  673 
  10188 	  193585 	  338 	  101982 	  959 
  10188 	  193585 	  285 	  159959 	  476 
  10188 	  193585 	  291 	  157379 	   65 
  10188 	  193585 	  269 	  219202 	   79 
  10188 	  193586 	  251 	  258207 	   48 
  10188 	  193585 	  215 	  309725 	   43 
  10188 	  193585 	  280 	  207719 	   80 
  10188 	  193585 	  260 	  171027 	  100 
  10188 	  193585 	  259 	  167901 	  106 
  10188 	  193586 	  172 	  171891 	  161 
  10188 	  193585 	  262 	  161380 	   41 
  10188 	  193585 	  133 	  201850 	   99 
  10188 	  193585 	  312 	  197731 	   38 
  10188 	  193585 	  229 	  265232 	   85 
  10188 	  193586 	  342 	  226504 	  171 
  10188 	  193585 	  475 	  187654 	  178 
  10188 	  193585 	  347 	  140853 	  297 
  10188 	  193585 	  239 	  192961 	  516 
  10188 	  193585 	  239 	  197443 	  324 
  10188 	  193586 	  379 	  197112 	   80 
  10188 	  193585 	  178 	  314309 	  235 
  10188 	  193585 	  318 	  222118 	  115 
  10188 	  193585 	  250 	  232298 	   94 
  10188 	  193585 	  295 	  254300 	  175 
  10188 	  193586 	  226 	  206138 	  258 
  10188 	  193585 	  319 	  108201 	  267 
  10188 	  193585 	  319 	  215804 	  269 
  10188 	  193585 	  264 	  197703 	  229 
  10188 	  193585 	  298 	  136764 	  275 
  10188 	  193586 	  242 	  232591 	  456 
  10188 	  193585 	  313 	  172740 	  284 
  10188 	  193585 	  349 	  126889 	  231 
  10188 	  193585 	  250 	  193145 	  633 
  10188 	  193586 	  310 	  134772 	  249 
  10188 	  193585 	  256 	  125291 	  696 
  10188 	  193585 	  267 	  120724 	  646 
  10188 	  193585 	  384 	  171179 	  798 
  10188 	  193585 	  422 	  125480 	  980 
  10188 	  193586 	  248 	  188067 	  865 
  10188 	  193585 	  261 	  111519 	  317 
  10188 	  193585 	  321 	  146135 	  217 
  10188 	  193585 	  196 	  165076 	  242 
  10188 	  193585 	  225 	  199673 	  230 
  10188 	  193586 	  302 	  165800 	  113 
  10188 	  193585 	  191 	  240330 	  154 
  10188 	  193585 	  290 	  280416 	   74 
  10188 	  193585 	  322 	  226708 	   53 
  10188 	  193585 	  302 	  214443 	  181 
  10188 	  193586 	  308 	  149376 	  119 
  10188 	  193585 	  228 	  244810 	   70 
  10188 	  193585 	  231 	  199825 	   60 
  10188 	  193585 	  220 	  254402 	  229 
  10188 	  193585 	  212 	  235535 	  140 
  10188 	  193586 	  261 	  170692 	  138 
  10188 	  193585 	  247 	  147016 	  216 
  10188 	  193585 	  259 	  156258 	  175 
  10188 	  193585 	  222 	  202504 	  154 
  10188 	  193585 	  268 	  210704 	  154 
  10188 	  193586 	  231 	  187253 	  209 
  10188 	  193585 	  198 	  203048 	  320 
  10188 	  193585 	  210 	  230217 	  406 
  10188 	  193585 	  259 	  204562 	  259 
  10188 	  193585 	  347 	  150113 	  123 
  10188 	  193586 	  169 	  207789 	  699 
  10188 	  193585 	  230 	  232616 	  163 
  10188 	  193585 	  261 	  182593 	   93 
  10188 	  193585 	  300 	  244196 	   44 
  10188 	  193585 	  198 	  264402 	   70 
  10188 	  193586 	  379 	  194596 	   40 
  10188 	  193585 	  186 	  182820 	   66 
  10188 	  193585 	  293 	  188945 	   63 
  10188 	  193585 	  238 	  189402 	   87 
  10188 	  193585 	  177 	  197053 	  242 
  10188 	  193586 	  221 	  137196 	  305 
  10188 	  193585 	  294 	   85272 	  509 
  10188 	  193585 	  225 	  190081 	  471 
  10188 	  193585 	  350 	  134922 	  349 
  10188 	  193586 	  224 	  129175 	  244 
  10188 	  193585 	  368 	  199662 	   71 
  10188 	  193585 	  269 	  276755 	  105 
  10188 	  193585 	  239 	  216857 	  218 
  10188 	  193585 	  333 	  165927 	  129 
  10188 	  193586 	  284 	  195968 	  133 
  10188 	  193585 	  190 	  199797 	  453 
  10188 	  193585 	  313 	  198571 	  311 
  10188 	  193585 	  352 	  180237 	  193 
  10188 	  193585 	  312 	  182529 	  263 
  10188 	  193586 	  346 	  172530 	  310 
  10188 	  193585 	  354 	  126099 	  302 
  10188 	  193585 	  224 	  183736 	  306 
  10188 	  193585 	  327 	  151317 	  237 
  10188 	  193585 	  239 	  178630 	  138 
  10188 	  193586 	  317 	  170412 	  189 
  10188 	  193585 	  235 	  187539 	  358 
  10188 	  193585 	  317 	  185725 	   68 
  10188 	  193585 	  220 	  288531 	  131 
  10188 	  193585 	  267 	  162340 	  109 
  10188 	  193586 	  354 	  205869 	  118 
  10188 	  193585 	  291 	  177128 	  250 
  10188 	  193585 	  291 	  249569 	  504 
  10188 	  193585 	  311 	  109508 	   66 
  10188 	  193585 	  171 	  200590 	  136 
  10188 	  193586 	  220 	  173404 	  124 
  10188 	  193585 	  238 	  257556 	  181 
  10188 	  193585 	  220 	  238873 	  112 
  10188 	  193585 	  204 	  244747 	  144 
  10188 	  193585 	  301 	  231217 	   85 
  10188 	  193586 	  215 	  248520 	  137 
  10188 	  193585 	  275 	  142881 	  175 
  10188 	  193585 	  211 	  163112 	  230 
  10188 	  193585 	  239 	  159119 	  209 
  10188 	  193585 	  267 	  200175 	  128 
  10188 	  193586 	  216 	  247727 	  187 
  10188 	  193585 	  486 	  134258 	  118 
  10188 	  193585 	  298 	  184009 	  156 
  10188 	  193585 	  228 	  200937 	  240 
  10188 	  193585 	  323 	  160569 	  300 
  10188 	  193586 	  366 	  236382 	  293 
  10188 	  193585 	  332 	  239781 	  118 
  10188 	  193585 	  212 	  303543 	  203 
  10188 	  193585 	  400 	  157984 	  120 
  10188 	  193586 	  301 	  151908 	  256 
  10188 	  193585 	  241 	  198754 	  296 
  10188 	  193585 	  285 	  135211 	  354 
  10188 	  193585 	  231 	  148952 	  300 
  10188 	  193585 	  374 	  198545 	   71 
  10188 	  193586 	  322 	  187857 	  138 
  10188 	  193585 	  390 	  160105 	  569 
  10188 	  193585 	  382 	  145504 	  137 
  10188 	  193585 	  387 	  245321 	  134 
  10188 	  193585 	  444 	  184463 	  102 
  10188 	  193586 	  305 	  225611 	  260 
  10188 	  193585 	  271 	  204348 	  178 
  10188 	  193585 	  302 	  252956 	   73 
  10188 	  193585 	  286 	  260310 	   64 
  10188 	  193585 	  235 	  294681 	  114 
  10188 	  193586 	  310 	  168880 	  120 
  10188 	  193585 	  278 	  189431 	  160 
  10188 	  193585 	  241 	  241330 	  151 
  10188 	  193585 	  220 	  238466 	  430 
  10188 	  193585 	  410 	  125173 	  168 
  10188 	  193586 	  205 	  221640 	  316 
  10188 	  193585 	  392 	  157970 	  321 
  10188 	  193585 	  324 	  196926 	  289 
  10188 	  193585 	  360 	  175990 	  132 
  10188 	  193585 	  308 	  231341 	  184 
  10188 	  193586 	  246 	  186058 	  141 
  10188 	  193585 	  341 	  183499 	  127 
  10188 	  193585 	  259 	  200819 	  196 
  10188 	  193585 	  233 	  247590 	  155 
  10188 	  193585 	  263 	  234530 	   94 
  10188 	  193586 	  271 	  236530 	   94 
  10188 	  193585 	  231 	  165307 	  146 
  10188 	  193585 	  261 	  152208 	  108 
  10188 	  193585 	  291 	  204594 	  103 
  10188 	  193585 	  262 	  173630 	  705 
  10188 	  193586 	  519 	  174201 	  168 
  10188 	  193585 	  439 	  225488 	  117 
  10188 	  193585 	  302 	  210013 	  114 
  10188 	  193585 	  307 	  161637 	  170 
  10188 	  193585 	  292 	  218098 	  366 
  10188 	  193586 	  208 	  240124 	  179 
  10188 	  193585 	  344 	  168527 	  161 
  10188 	  193585 	  246 	  205654 	  234 
  10188 	  193585 	  229 	  210990 	  254 
  10188 	  193586 	  239 	  263097 	   90 
  10188 	  193585 	  237 	  184140 	   99 
  10188 	  193585 	  193 	  192170 	  335 
  10188 	  193585 	  326 	  156537 	  176 
  10188 	  193585 	  319 	  193022 	  185 
  10188 	  193586 	  271 	  208667 	  440 
  10188 	  193585 	  393 	  174670 	  295 
  10188 	  193585 	  450 	  176919 	  229 
  10188 	  193585 	  436 	  178200 	  217 
  10188 	  193585 	  313 	  214049 	  463 
  10188 	  193586 	  208 	  154182 	  108 
  10188 	  193585 	  261 	  207560 	  126 
  10188 	  193585 	  302 	  188220 	  141 
  10188 	  193585 	  271 	  205975 	  168 
  10188 	  193585 	  243 	  249872 	  237 
  10188 	  193586 	  301 	  169473 	  182 
  10188 	  193585 	  489 	  172733 	   98 
  10188 	  193585 	  450 	  171417 	  345 
  10188 	  193585 	  394 	  179945 	 1044 
  10188 	  193585 	  341 	  138839 	  461 
  10188 	  193586 	  299 	  165974 	  271 
  10188 	  193585 	  335 	  190600 	  254 
  10188 	  193585 	  290 	  189824 	  172 
  10188 	  193585 	  295 	  184040 	  155 
  10188 	  193585 	  281 	  166269 	  708 
  10188 	  193586 	  293 	  295633 	  869 
  10188 	  193585 	  498 	   87960 	  275 
  10188 	  193585 	  387 	  195546 	  659 
  10188 	  193585 	  356 	  123396 	  786 
  10188 	  193585 	  298 	  207585 	  775 
  10188 	  193586 	  299 	   84172 	  477 
  10188 	  193585 	  267 	  281284 	  753 
  10188 	  193585 	  419 	  138425 	   82 
  10188 	  193585 	  211 	  265757 	  279 
  10188 	  193585 	  356 	  156422 	  274 
  10188 	  193586 	  496 	  157592 	  348 
  10188 	  193585 	  274 	  196547 	  736 
  10188 	  193585 	  368 	  134367 	  100 
  10188 	  193585 	  234 	  281459 	  115 
  10188 	  193585 	  407 	  192329 	   85 
  10188 	  193586 	  788 	  218578 	   55 
  10188 	  193585 	  353 	  257947 	  168 
  10188 	  193585 	  361 	  136155 	  199 
  10188 	  193585 	  569 	  143409 	  116 
  10188 	  193586 	  348 	  249049 	   53 
  10188 	  193585 	  239 	  266695 	   54 
  10188 	  193585 	  253 	  209697 	   86 
  10188 	  193585 	  501 	  178981 	   32 
  10188 	  193585 	  284 	  282554 	  239 
  10188 	  193586 	  365 	  150411 	  246 
  10188 	  193585 	  307 	  199134 	  454 
  10188 	  193585 	  348 	  155824 	  400 
  10188 	  193585 	  353 	  167957 	  318 
  10188 	  193585 	  374 	  202255 	  167 
  10188 	  193586 	  264 	  253280 	  268 
  10188 	  193585 	  394 	  131917 	  332 
  10188 	  193585 	  275 	  188718 	  593 
  10188 	  193585 	  319 	  231397 	  289 
  10188 	  193585 	  281 	  220518 	  256 
  10188 	  193586 	  362 	  160321 	  276 
  10188 	  193585 	  316 	  214421 	  357 
  10188 	  193585 	  489 	  173445 	  323 
  10188 	  193585 	  374 	  115940 	  169 
  10188 	  193585 	  323 	  226592 	  246 
  10188 	  193586 	  335 	  149857 	  236 
  10188 	  193585 	  252 	  260047 	  218 
  10188 	  193585 	  359 	  188655 	   84 
  10188 	  193585 	  312 	  275288 	  139 
  10188 	  193585 	  321 	  229886 	  141 
  10188 	  193586 	  446 	  133015 	  100 
  10188 	  193585 	  277 	  177180 	  210 
  10188 	  193585 	  293 	  156857 	  223 
  10188 	  193585 	  278 	  238203 	  295 
  10188 	  193585 	  354 	  202158 	   79 
  10188 	  193586 	  301 	  213375 	   81 
  10188 	  193585 	  289 	  227180 	  105 
  10188 	  193585 	  245 	  204610 	  198 
  10188 	  193585 	  327 	  130951 	  164 
  10188 	  193585 	  289 	  223607 	  163 
  10188 	  193586 	  262 	  208254 	  117 
  10188 	  193585 	  278 	  216173 	  100 
  10188 	  193585 	  346 	  208381 	   82 
  10188 	  193585 	  234 	  282052 	  164 
  10188 	  193585 	  284 	  180721 	  114 
  10188 	  193586 	  292 	  178704 	  175 
  10188 	  193585 	  209 	  213304 	  251 
  10188 	  193585 	  221 	  180707 	  141 
  10188 	  193585 	  267 	  248398 	  153 
  10188 	  193586 	  251 	  254387 	  118 
  10188 	  193585 	  330 	  237688 	   92 
  10188 	  193585 	  184 	  275489 	  211 
  10188 	  193585 	  215 	  171276 	  148 
  10188 	  193585 	  220 	  217484 	  172 
  10188 	  193586 	  260 	  202223 	  182 
  10188 	  193585 	  288 	  228347 	  389 
  10188 	  193585 	  364 	  130576 	  252 
  10188 	  193585 	  271 	  176852 	  323 
  10188 	  193585 	  319 	  178570 	  257 
  10188 	  193586 	  328 	  144029 	  238 
  10188 	  193585 	  217 	  197209 	  491 
  10188 	  193585 	  189 	  178746 	  100 
  10188 	  193585 	  395 	  198623 	   65 
  10188 	  193585 	  192 	  234625 	  201 
  10188 	  193586 	  317 	  194811 	  142 
  10188 	  193585 	  261 	  211471 	  209 
  10188 	  193585 	  201 	  188377 	  140 
  10188 	  193585 	  334 	  124341 	   81 
  10188 	  193585 	  301 	  222892 	  546 
  10188 	  193586 	  404 	   87865 	  353 
  10188 	  193585 	  420 	  203745 	  234 
  10188 	  193585 	  301 	  120238 	  581 
  10188 	  193585 	  418 	  124177 	  228 
  10188 	  193585 	  281 	  265864 	  368 
  10188 	  193586 	  386 	  104527 	  396 
  10188 	  193585 	  267 	  279631 	  738 
  10188 	  193585 	  406 	  175276 	  141 
  10188 	  193585 	  340 	  147691 	  179 
  10188 	  193585 	  257 	  216401 	  543 
  10188 	  193586 	  265 	  199499 	  149 
  10188 	  193585 	  312 	  173645 	  288 
  10188 	  193585 	  375 	  192899 	  327 
  10188 	  193585 	  341 	  176387 	   77 
  10188 	  193585 	  288 	  238131 	  255 
  10188 	  193586 	  460 	  217155 	  125 
  10188 	  193585 	  291 	  193682 	  232 
  10188 	  193585 	  227 	  112587 	  216 
  10188 	  193585 	  203 	  274670 	  260 
  10188 	  193585 	  280 	  167399 	  181 
  10188 	  193586 	  331 	  212271 	   94 
  10188 	  193585 	  311 	  244715 	  224 
  10188 	  193585 	  374 	  164666 	  384 
  10188 	  193585 	  338 	  253447 	  270 
  10188 	  193586 	  363 	  126862 	  224 
  10188 	  193585 	  183 	  208580 	  838 
  10188 	  193585 	  290 	  221667 	   51 
  10188 	  193585 	  333 	  199617 	  140 
  10188 	  193585 	  328 	  128947 	  455 
  10188 	  193586 	  287 	  200892 	  511 
  10188 	  193585 	  257 	  201632 	  469 
  10188 	  193585 	  312 	  112443 	  174 
  10188 	  193585 	  359 	  150361 	  142 
  10188 	  193585 	  318 	  296355 	  235 
  10188 	  193586 	  367 	  221831 	  127 
  10188 	  193585 	  285 	  255046 	  111 
  10188 	  193585 	  240 	  251216 	  109 
  10188 	  193585 	  342 	  125210 	   64 
  10188 	  193585 	  240 	  232740 	  129 
  10188 	  193586 	  299 	  185134 	  160 
  10188 	  193585 	  469 	  174020 	  103 
  10188 	  193585 	  256 	  281894 	  210 
  10188 	  193585 	  247 	  248270 	   98 
  10188 	  193585 	  389 	  219335 	   67 
  10188 	  193586 	  204 	  213924 	  159 
  10188 	  193585 	  260 	  256635 	  412 
  10188 	  193585 	  303 	   62349 	  222 
  10188 	  193585 	  340 	  145098 	  199 
  10188 	  193585 	  334 	  243158 	  146 
  10188 	  193586 	  345 	  164128 	   79 
  10188 	  193585 	  365 	  225184 	   59 
  10188 	  193585 	  368 	  236932 	   69 
  10188 	  193585 	  215 	  175904 	  173 
  10188 	  193585 	  210 	  141662 	  291 
  10188 	  193586 	  302 	  234939 	  502 
  10188 	  193585 	  330 	  207323 	  125 
  10188 	  193585 	  333 	  196008 	  113 
  10188 	  193585 	  347 	  187500 	  186 
  10188 	  193585 	  500 	  230357 	  148 
  10188 	  193586 	  390 	  144985 	  257 
  10188 	  193585 	  231 	  250730 	  724 
  10188 	  193585 	  325 	  131273 	  121 
  10188 	  193585 	  402 	  238083 	  103 
  10188 	  193586 	  289 	  181343 	  163 
  10188 	  193585 	  336 	  243439 	  144 
  10188 	  193585 	  424 	  199056 	  115 
  10188 	  193585 	  335 	  182212 	  154 
  10188 	  193585 	  264 	  216367 	  137 
  10188 	  193586 	  278 	  249272 	  226 
  10188 	  193585 	  318 	  138688 	  364 
  10188 	  193585 	  284 	  139681 	  309 
  10188 	  193585 	  213 	  126786 	  544 
  10188 	  193585 	  269 	  191595 	  287 
  10188 	  193586 	  273 	  161771 	  126 
  10188 	  193585 	  311 	  224705 	  109 
  10188 	  193585 	  360 	  260889 	   66 
  10188 	  193585 	  238 	  315919 	   83 
  10188 	  193585 	  319 	  159148 	   86 
  10188 	  193586 	  182 	  189710 	  153 
  10188 	  193585 	  228 	  233474 	  238 
  10188 	  193585 	  321 	  257770 	  112 
  10188 	  193585 	  339 	  151262 	   98 
  10188 	  193585 	  257 	  139709 	  117 
  10188 	  193586 	  249 	  226588 	  245 
  10188 	  193585 	  230 	  193546 	  141 
  10188 	  193585 	  299 	  226724 	  102 
  10188 	  193585 	  207 	  185143 	  137 
  10188 	  193585 	  356 	  169739 	  131 
  10188 	  193586 	  331 	  237703 	  153 
  10188 	  193585 	  347 	  157561 	  102 
  10188 	  193585 	  247 	  188446 	  213 
  10188 	  193585 	  398 	  155315 	   50 
  10188 	  193585 	  237 	  241557 	   78 
  10188 	  193586 	  231 	  167103 	   90 
  10188 	  193585 	  204 	  225098 	  128 
  10188 	  193585 	  261 	  211026 	   85 
  10188 	  193585 	  270 	  241979 	   59 
  10188 	  193585 	  299 	  237683 	   62 
  10188 	  193586 	  285 	  236544 	   75 
  10188 	  193585 	  314 	  188049 	   71 
  10188 	  193585 	  190 	  185648 	  123 
  10188 	  193585 	  239 	  178063 	  139 
  10188 	  193585 	  294 	  164976 	   95 
  10188 	  193586 	  200 	  217061 	  166 
  10188 	  193585 	  300 	  186246 	  123 
  10188 	  193585 	  258 	  322254 	   91 
  10188 	  193585 	  361 	  184922 	   44 
  10188 	  193586 	  353 	   95181 	   93 
  10188 	  193585 	  235 	  211230 	  520 
  10188 	  193585 	  302 	  123494 	  436 
  10188 	  193585 	  319 	  149869 	  597 
  10188 	  193585 	  333 	  175750 	  509 
  10188 	  193586 	  379 	  127538 	  270 
  10188 	  193585 	  318 	  186570 	  428 
  10188 	  193585 	  541 	  200892 	  131 
  10188 	  193585 	  342 	  258190 	  144 
  10188 	  193585 	  423 	  143410 	  211 
  10188 	  193586 	  338 	  234235 	  561 
  10188 	  193585 	  298 	  207623 	  338 
  10188 	  193585 	  290 	  214788 	  162 
  10188 	  193585 	  299 	  167138 	  127 
  10188 	  193585 	  287 	  181582 	  232 
  10188 	  193586 	  189 	  149970 	  608 
  10188 	  193585 	  190 	  180979 	  474 
  10188 	  193585 	  255 	  158542 	  133 
  10188 	  193585 	  254 	  179745 	   67 
  10188 	  193585 	  211 	  221986 	   70 
  10188 	  193586 	  184 	  241988 	   77 
  10188 	  193585 	  348 	  192901 	   49 
  10188 	  193585 	  261 	  231904 	   57 
  10188 	  193585 	  257 	  186067 	  128 
  10188 	  193585 	  282 	   67774 	  212 
  10188 	  193586 	  201 	  170829 	  289 
  10188 	  193585 	  353 	  178506 	  118 
  10188 	  193585 	  349 	  202882 	  112 
  10188 	  193585 	  291 	  149833 	  143 
  10188 	  193585 	  226 	  232382 	  110 
  10188 	  193586 	  339 	  198712 	  103 
  10188 	  193585 	  291 	  264563 	  119 
  10188 	  193585 	  382 	  219370 	   64 
  10188 	  193585 	  344 	  203766 	   65 
  10188 	  193585 	  194 	  196188 	  181 
  10188 	  193586 	  253 	  204881 	   61 
  10188 	  193585 	  233 	  275326 	   52 
  10188 	  193585 	  290 	  171397 	   48 
  10188 	  193585 	  231 	  257222 	   81 
  10188 	  193585 	  302 	  217903 	  102 
  10188 	  193586 	  279 	  177686 	   96 
  10188 	  193585 	  341 	  217450 	   97 
  10188 	  193585 	  333 	  182452 	   68 
  10188 	  193585 	  326 	  176189 	  124 
  10188 	  193586 	  179 	  187712 	  182 
  10188 	  193585 	  290 	  145191 	   95 
  10188 	  193585 	  322 	  112448 	  917 
  10188 	  193585 	  359 	  130372 	  116 
  10188 	  193585 	  258 	  298115 	  202 
  10188 	  193586 	  409 	  201450 	   94 
  10188 	  193585 	  308 	  244659 	  270 
  10188 	  193585 	  280 	  147738 	  469 
  10188 	  193585 	  139 	  126634 	 1063 
  10188 	  193585 	  242 	  150373 	  591 
  10188 	  193586 	  357 	   99216 	  594 
  10188 	  193585 	  296 	  269042 	 1029 
  10188 	  193585 	  262 	  135463 	  240 
  10188 	  193585 	  410 	  109992 	  232 
  10188 	  193585 	  216 	  216207 	  473 
  10188 	  193586 	  213 	  190060 	  463 
  10188 	  193585 	  192 	  180851 	  628 
  10188 	  193585 	  302 	   98859 	  365 
  10188 	  193585 	  369 	  241221 	 1865 
  10188 	  193585 	  208 	   92304 	  342 
  10188 	  193586 	  154 	  206364 	  312 
  10188 	  193585 	  148 	  161798 	  173 
  10188 	  193585 	  240 	  145923 	   74 
  10188 	  193585 	  179 	  235038 	   53 
  10188 	  193585 	  124 	  255239 	   83 
  10188 	  193586 	  194 	  191973 	   45 
  10188 	  193585 	  173 	  199051 	   55 
  10188 	  193585 	  173 	  238938 	   40 
  10188 	  193585 	  164 	  327803 	   30 
  10188 	  193585 	  176 	  237153 	   30 
  10188 	  193586 	  122 	  257318 	   73 
  10188 	  193585 	  267 	  123371 	   72 
  10188 	  193585 	  142 	  132078 	  288 
  10188 	  193585 	  148 	  193099 	  245 
  10188 	  193585 	  263 	  142772 	   42 
  10188 	  193586 	  148 	  197552 	   90 
  10188 	  193585 	  181 	  178083 	   61 
  10188 	  193585 	  152 	  237963 	   94 
  10188 	  193585 	  221 	  185242 	   54 
  10188 	  193585 	  230 	  202817 	  224 
  10188 	  193586 	  158 	  191315 	 1178 
  10188 	  193585 	  155 	  124273 	  399 
  10188 	  193585 	  235 	  232458 	  407 
  10188 	  193585 	  334 	  157972 	  118 
  10188 	  193586 	  193 	  209727 	  125 
  10188 	  193585 	  200 	  203800 	   77 
  10188 	  193585 	  179 	  249375 	  299 
  10188 	  193585 	  231 	  105324 	  160 
  10188 	  193585 	  167 	  301668 	  517 
  10188 	  193586 	  270 	  191208 	  201 
  10188 	  193585 	  269 	  160542 	  393 
  10188 	  193585 	  215 	  182452 	  666 
  10188 	  193585 	  200 	  200466 	  600 
  10188 	  193585 	  215 	  184408 	  312 
  10188 	  193586 	  241 	  205136 	  315 
  10188 	  193585 	  247 	  110771 	  175 
  10188 	  193585 	  239 	  189279 	 1820 
  10188 	  193585 	  301 	  131228 	  774 
  10188 	  193585 	  173 	  119941 	  263 
  10188 	  193586 	  199 	  111523 	  224 
  10188 	  193585 	  228 	  203183 	  419 
  10188 	  193585 	  176 	  152313 	  146 
  10188 	  193585 	  201 	  240626 	  101 
  10188 	  193585 	  190 	  161301 	  103 
  10188 	  193586 	  211 	  244509 	  105 
  10188 	  193585 	  242 	  179640 	   75 
  10188 	  193585 	  164 	  286196 	  193 
  10188 	  193585 	  292 	  195671 	   85 
  10188 	  193585 	  176 	  212593 	  149 
  10188 	  193586 	  299 	  272523 	  184 
  10188 	  193585 	  399 	  188924 	   75 
  10188 	  193585 	  359 	  235061 	  125 
  10188 	  193585 	  194 	  233907 	  108 
  10188 	  193585 	  275 	  130991 	   92 
  10188 	  193586 	  266 	  238286 	  567 
  10188 	  193585 	  237 	  210548 	  117 
  10188 	  193585 	  367 	  208242 	  103 
  10188 	  193585 	  326 	  263294 	  135 
  10188 	  193585 	  297 	  145777 	   98 
  10188 	  193586 	  251 	  208643 	  168 
  10188 	  193585 	  561 	  178332 	   59 
  10188 	  193585 	  284 	  208723 	  143 
  10188 	  193585 	  378 	  163796 	  108 
  10188 	  193585 	  404 	  183585 	  110 
  10188 	  193586 	  236 	  250164 	  153 
  10188 	  193585 	  289 	  216665 	  138 
  10188 	  193585 	  308 	  131725 	  102 
  10188 	  193585 	  157 	  213608 	  285 
  10188 	  193586 	  172 	  221004 	  113 
  10188 	  193585 	  324 	  146665 	  101 
  10188 	  193585 	  321 	  181514 	   81 
  10188 	  193585 	  155 	  215425 	  146 
  10188 	  193585 	  160 	  217858 	  143 
  10188 	  193586 	  216 	  204446 	   56 
  10188 	  193585 	  205 	  223349 	   50 
  10188 	  193585 	  193 	  216933 	   94 
  10188 	  193585 	  213 	  210133 	  199 
  10188 	  193585 	  205 	  216043 	  116 
  10188 	  193586 	  335 	  212410 	   92 
  10188 	  193585 	  161 	  248333 	  205 
  10188 	  193585 	  187 	  171837 	  213 
  10188 	  193585 	  168 	  200645 	  157 
  10188 	  193585 	  291 	  210878 	  104 
  10188 	  193586 	  251 	  203681 	  129 
  10188 	  193585 	  212 	  150610 	  124 
  10188 	  193585 	  157 	  213706 	  321 
  10188 	  193585 	  224 	  136321 	   90 
  10188 	  193585 	  150 	  213061 	  120 
  10188 	  193586 	  190 	  296703 	   65 
  10188 	  193585 	  229 	  203881 	   51 
  10188 	  193585 	  148 	  149267 	  194 
  10188 	  193585 	  166 	  215062 	   82 
  10188 	  193585 	  168 	  266180 	  189 
  10188 	  193586 	  237 	  165224 	   97 
  10188 	  193585 	  210 	  129662 	  142 
  10188 	  193585 	  161 	  255254 	  239 
  10188 	  193585 	  203 	  222086 	  217 
  10188 	  193585 	  335 	  209910 	   83 
  10188 	  193586 	  227 	  226532 	  118 
  10188 	  193585 	  269 	  144712 	  128 
  10188 	  193585 	  269 	  197079 	  904 
  10188 	  193585 	  316 	  125576 	  406 
  10188 	  193585 	  402 	  112706 	  616 
  10188 	  193586 	  341 	  200356 	 1456 
  10188 	  193585 	  374 	  146784 	   56 
  10188 	  193585 	  313 	  213824 	   80 
  10188 	  193585 	  231 	  194525 	  115 
  10188 	  193585 	  210 	  242445 	   98 
  10188 	  193586 	  233 	  220347 	   96 
  10188 	  193585 	  378 	  227310 	   61 
  10188 	  193585 	  190 	  201260 	   90 
  10188 	  193585 	  256 	  176048 	  424 
  10188 	  193586 	  326 	  139465 	  208 
  10188 	  193585 	  267 	  158072 	  169 
  10188 	  193585 	  244 	  217842 	  359 
  10188 	  193585 	  206 	  135678 	  184 
  10188 	  193585 	  375 	  181064 	   80 
  10188 	  193586 	  337 	  297578 	  483 
  10188 	  193585 	  393 	  166721 	  780 
  10188 	  193585 	  215 	  151337 	  598 
  10188 	  193585 	  282 	  167618 	  490 
  10188 	  193585 	  313 	  181720 	  398 
  10188 	  193586 	  202 	  220944 	  434 
  10188 	  193585 	  304 	  212349 	  211 
  10188 	  193585 	  377 	  145997 	  121 
  10188 	  193585 	  375 	  290603 	  830 
  10188 	  193585 	  467 	  141691 	  286 
  10188 	  193586 	  458 	  205257 	  555 
  10188 	  193585 	  262 	  122445 	  175 
  10188 	  193585 	  302 	  238984 	  926 
  10188 	  193585 	  311 	  106169 	  226 
  10188 	  193585 	  207 	  271345 	  444 
  10188 	  193586 	  214 	  150556 	  257 
  10188 	  193585 	  266 	  165234 	  303 
  10188 	  193585 	  241 	  225596 	   95 
  10188 	  193585 	  331 	  235918 	   72 
  10188 	  193585 	  253 	  148911 	  150 
  10188 	  193586 	  314 	  179286 	  430 
  10188 	  193585 	  252 	  177889 	  187 
  10188 	  193585 	  217 	  230086 	  253 
  10188 	  193585 	  233 	  208643 	  290 
  10188 	  193585 	  278 	  148871 	  144 
  10188 	  193586 	  135 	  234906 	  295 
  10188 	  193585 	  240 	  148356 	   73 
  10188 	  193585 	  296 	  179288 	   98 
  10188 	  193585 	  173 	  231264 	  323 
  10188 	  193585 	  280 	  182493 	  105 
  10188 	  193586 	  235 	  186094 	   97 
  10188 	  193585 	  232 	  171440 	   69 
  10188 	  193585 	  186 	  345810 	  412 
  10188 	  193585 	  315 	  107373 	  161 
  10188 	  193585 	  204 	  222279 	  420 
  10188 	  193586 	  207 	  165809 	  124 
  10188 	  193585 	  227 	  273741 	  125 
  10188 	  193585 	  214 	  179681 	  153 
  10188 	  193585 	  269 	  178368 	   85 
  10188 	  193586 	  203 	  190485 	  507 
  10188 	  193585 	  164 	  208886 	 1092 
  10188 	  193585 	  346 	   99312 	  114 
  10188 	  193585 	  183 	  248767 	  437 
  10188 	  193585 	  382 	   92678 	  187 
  10188 	  193586 	  258 	  202853 	  268 
  10188 	  193585 	  203 	  204227 	  503 
  10188 	  193585 	  278 	  197063 	   92 
  10188 	  193585 	  288 	  194273 	  163 
  10188 	  193585 	  175 	  214596 	  248 
  10188 	  193586 	  179 	  151107 	  193 
  10188 	  193585 	  224 	  225824 	   92 
  10188 	  193585 	  275 	  253492 	   48 
  10188 	  193585 	  235 	  236193 	   86 
  10188 	  193585 	  246 	  197172 	   76 
  10188 	  193586 	  184 	  175709 	   99 
  10188 	  193585 	  193 	  197478 	  164 
  10188 	  193585 	  266 	  206792 	  136 
  10188 	  193585 	  242 	  194957 	  111 
  10188 	  193585 	  260 	  218733 	   83 
  10188 	  193586 	  291 	  207390 	  111 
  10188 	  193585 	  273 	  173417 	  165 
  10188 	  193585 	  271 	  168781 	  112 
  10188 	  193585 	  206 	  207328 	  261 
  10188 	  193585 	  209 	  155984 	   82 
  10188 	  193586 	  158 	  308990 	  161 
  10188 	  193585 	  266 	  163155 	   36 
  10188 	  193585 	  208 	  224452 	   72 
  10188 	  193585 	  258 	  177368 	   70 
  10188 	  193585 	  181 	  174834 	  841 
  10188 	  193586 	  209 	  169871 	  167 
  10188 	  193585 	  161 	  207440 	  189 
  10188 	  193585 	  214 	  207433 	   57 
  10188 	  193585 	  279 	  219567 	   60 
  10188 	  193585 	  150 	  162465 	  189 
  10188 	  193586 	  179 	  218270 	  485 
  10188 	  193585 	  212 	  212947 	  192 
  10188 	  193585 	  274 	  194921 	   81 
  10188 	  193585 	  231 	  207360 	  180 
  10188 	  193585 	  418 	  119087 	   87 
  10188 	  193586 	  365 	  237118 	   92 
  10188 	  193585 	  263 	  205870 	  194 
  10188 	  193585 	  180 	  216762 	  540 
  10188 	  193585 	  218 	  204933 	  148 
  10188 	  193586 	  295 	  208374 	   57 
  10188 	  193585 	  250 	  236067 	   61 
  10188 	  193585 	  219 	  203759 	  111 
  10188 	  193585 	  217 	  205205 	  154 
  10188 	  193585 	  212 	  176257 	  135 
  10188 	  193586 	  233 	  186521 	  161 
  10188 	  193585 	  240 	  234542 	   88 
  10188 	  193585 	  199 	  219516 	  130 
  10188 	  193585 	  193 	  157915 	  215 
  10188 	  193585 	  190 	  195945 	  216 
  10188 	  193586 	  335 	  190233 	   98 
  10188 	  193585 	  313 	  174695 	  357 
  10188 	  193585 	  266 	  222710 	  456 
  10188 	  193585 	  225 	  258514 	  286 
  10188 	  193585 	  387 	  171685 	  152 
  10188 	  193586 	  249 	  166738 	  225 
  10188 	  193585 	  227 	  165849 	  697 
  10188 	  193585 	  183 	  152379 	  581 
  10188 	  193585 	  247 	  149273 	   73 
  10188 	  193585 	  324 	  244843 	   53 
  10188 	  193586 	  173 	  287021 	  173 
  10188 	  193585 	  339 	  133881 	   85 
  10188 	  193585 	  182 	  146468 	  422 
  10188 	  193585 	  235 	  189919 	  181 
  10188 	  193585 	  304 	  209018 	  148 
  10188 	  193586 	  236 	  264624 	  257 
  10188 	  193585 	  227 	  202784 	  218 
  10188 	  193585 	  246 	  110155 	  155 
  10188 	  193585 	  239 	  256140 	  969 
  10188 	  193585 	  294 	  124717 	   76 
  10188 	  193586 	  213 	  192914 	  204 
  10188 	  193585 	  225 	  167156 	  189 
  10188 	  193585 	  255 	  165445 	  102 
  10188 	  193585 	  292 	  308299 	  261 
  10188 	  193585 	  265 	  129571 	   54 
  10188 	  193586 	  112 	  283897 	  160 
  10188 	  193585 	  239 	  195174 	   44 
  10188 	  193585 	  191 	  285865 	   92 
  10188 	  193585 	  356 	  172748 	  112 
  10188 	  193585 	  282 	  254519 	  174 
  10188 	  193586 	  331 	  196691 	  186 
  10188 	  193585 	  395 	  122164 	  641 
  10188 	  193585 	  227 	  201284 	  593 
  10188 	  193585 	  207 	  228999 	  320 
  10188 	  193586 	  208 	  209614 	  392 
  10188 	  193585 	  371 	  149509 	  229 
  10188 	  193585 	  412 	  139226 	  993 
  10188 	  193585 	  249 	  140923 	  392 
  10188 	  193585 	  253 	  229759 	  308 
  10188 	  193586 	  190 	  224837 	  181 
  10188 	  193585 	  212 	  237404 	  545 
  10188 	  193585 	  293 	  133609 	  160 
  10188 	  193585 	  140 	  186464 	  579 
  10188 	  193585 	  245 	  156580 	  163 
  10188 	  193586 	  295 	  174494 	  130 
  10188 	  193585 	  223 	  167678 	  241 
  10188 	  193585 	  202 	  206998 	  160 
  10188 	  193585 	  205 	  306742 	  254 
  10188 	  193585 	  486 	  144551 	  558 
  10188 	  193586 	  466 	  177410 	  621 
  10188 	  193585 	  220 	  206585 	  348 
  10188 	  193585 	  200 	  188879 	  138 
  10188 	  193585 	  292 	  240222 	  362 
  10188 	  193585 	  397 	  193372 	  322 
  10188 	  193586 	  227 	  226937 	  656 
  10188 	  193585 	  427 	  100498 	  333 
  10188 	  193585 	  257 	  283318 	 2014 
  10188 	  193585 	  196 	  147697 	  673 
  10188 	  193585 	  228 	  146215 	  407 
  10188 	  193586 	  195 	  148472 	  259 
  10188 	  193585 	  173 	  170029 	  338 
  10188 	  193585 	  196 	   46011 	  611 
  10188 	  193585 	  216 	  162462 	  393 
  10188 	  193585 	  149 	  124128 	  415 
  10188 	  193586 	  197 	  203604 	  348 
  10188 	  193585 	  253 	  235485 	   35 
  10188 	  193585 	  246 	  192132 	   67 
  10188 	  193585 	  150 	  223521 	  342 
  10188 	  193585 	  191 	   94876 	  155 
  10188 	  193586 	  153 	  232764 	  381 
  10188 	  193585 	  184 	  174272 	  201 
  10188 	  193585 	  253 	  229084 	   62 
  10188 	  193585 	  224 	  212537 	  156 
  10188 	  193585 	  207 	  240057 	  207 
  10188 	  193586 	  244 	  165105 	   88 
  10188 	  193585 	  189 	  247820 	  100 
  10188 	  193585 	  198 	  165954 	   95 
  10188 	  193585 	  206 	  246275 	  113 
  10188 	  193586 	  228 	  200251 	   69 
  10188 	  193585 	  200 	  276411 	  120 
  10188 	  193585 	  179 	  189802 	   87 
  10188 	  193585 	  183 	  133883 	  153 
  10188 	  193585 	  179 	  201654 	  125 
  10188 	  193586 	  303 	  171002 	   88 
  10188 	  193585 	  160 	  257135 	  279 
  10188 	  193585 	  214 	  161097 	  179 
  10188 	  193585 	  207 	  181095 	  264 
  10188 	  193585 	  189 	  184968 	   71 
  10188 	  193586 	  198 	  169574 	   47 
  10188 	  193585 	  144 	  273528 	  139 
  10188 	  193585 	  160 	  164306 	  121 
  10188 	  193585 	  244 	  155304 	   60 
  10188 	  193585 	  174 	  239389 	  159 
  10188 	  193586 	  279 	  220967 	   65 
  10188 	  193585 	  310 	  258368 	   83 
  10188 	  193585 	  287 	  138263 	  130 
  10188 	  193585 	  144 	  197295 	  488 
  10188 	  193585 	  155 	  222678 	  391 
  10188 	  193586 	  262 	  173093 	   98 
  10188 	  193585 	  245 	  189076 	  143 
  10188 	  193585 	  212 	  153500 	  104 
  10188 	  193585 	  160 	  220971 	  177 
  10188 	  193585 	  376 	   91607 	  170 
  10188 	  193586 	  131 	  360820 	  316 
  10188 	  193585 	  200 	  155150 	   62 
  10188 	  193585 	  227 	  223722 	   64 
  10188 	  193585 	  159 	  250726 	   73 
  10188 	  193585 	  243 	  195054 	   56 
  10188 	  193586 	  193 	  183200 	   75 
  10188 	  193585 	  219 	  182942 	   78 
  10188 	  193585 	  191 	  247723 	   90 
  10188 	  193585 	  206 	  276514 	   79 
  10188 	  193585 	  232 	  214988 	   61 
  10188 	  193586 	  214 	  220825 	  108 
  10188 	  193585 	  183 	  223688 	  109 
  10188 	  193585 	  235 	  210379 	  111 
  10188 	  193585 	  215 	  147200 	  142 
  10188 	  193585 	  186 	  168135 	  308 
  10188 	  193586 	  221 	  228815 	  208 
  10188 	  193585 	  174 	  258626 	  168 
  10188 	  193585 	  209 	  155471 	  136 
  10188 	  193585 	  178 	  157957 	  186 
  10188 	  193586 	  290 	  219811 	  128 
  10188 	  193585 	  275 	  122885 	  165 
  10188 	  193585 	  171 	  274615 	  195 
  10188 	  193585 	  420 	  145224 	   62 
  10188 	  193585 	  175 	  164676 	  184 
  10188 	  193586 	  199 	  172070 	  120 
  10188 	  193585 	  223 	  178021 	   62 
  10188 	  193585 	  184 	  246582 	   71 
  10188 	  193585 	  223 	  196846 	   77 
  10188 	  193585 	  191 	  268973 	   79 
  10188 	  193586 	  273 	  189940 	   82 
  10188 	  193585 	  184 	  248309 	  166 
  10188 	  193585 	  209 	  196544 	  126 
  10188 	  193585 	  237 	  151400 	  106 
  10188 	  193585 	  202 	  148392 	  146 
  10188 	  193586 	  195 	  207990 	  191 
  10188 	  193585 	  281 	  135913 	  103 
  10188 	  193585 	  444 	  232050 	  500 
  10188 	  193585 	  463 	  171225 	  778 
  10188 	  193585 	  324 	  131011 	  582 
  10188 	  193586 	  239 	  111611 	  208 
  10188 	  193585 	  201 	  260440 	  918 
  10188 	  193585 	  166 	  132982 	  243 
  10188 	  193585 	  232 	  222204 	  109 
  10188 	  193585 	  236 	  190731 	   63 
  10188 	  193586 	  189 	  238683 	  405 
  10188 	  193585 	  412 	  148643 	  404 
  10188 	  193585 	  509 	  168794 	  462 
  10188 	  193585 	  414 	  191296 	  417 
  10188 	  193585 	  374 	  234174 	  486 
  10188 	  193586 	  385 	  138144 	   60 
  10188 	  193585 	  262 	  297543 	  328 
  10188 	  193585 	  203 	  146098 	  168 
  10188 	  193585 	  194 	  167288 	  162 
  10188 	  193585 	  331 	  234836 	  192 
  10188 	  193586 	  397 	  162900 	   93 
  10188 	  193585 	  464 	  152213 	  122 
  10188 	  193585 	  322 	  176177 	  220 
  10188 	  193585 	  204 	  134817 	  200 
  10188 	  193585 	  244 	  228666 	  845 
  10188 	  193586 	  174 	  209882 	  291 
  10188 	  193585 	  221 	  180519 	  258 
  10188 	  193585 	  216 	  226009 	  356 
  10188 	  193585 	  212 	  161559 	  253 
  10188 	  193586 	  232 	  169871 	  138 
  10188 	  193585 	  222 	  246341 	  260 
  10188 	  193585 	  357 	   87725 	  105 
  10188 	  193585 	  313 	  308208 	 1839 
  10188 	  193585 	  196 	  149611 	  114 
  10188 	  193586 	  145 	  235716 	   90 
  10188 	  193585 	  215 	  184163 	  100 
  10188 	  193585 	  184 	  231202 	  339 
  10188 	  193585 	  259 	  228714 	  257 
  10188 	  193585 	  286 	  126623 	  111 
  10188 	  193586 	  156 	  266184 	  197 
  10188 	  193585 	  233 	  116954 	  103 
  10188 	  193585 	  281 	  221335 	  127 
  10188 	  193585 	  396 	  192142 	   95 
  10188 	  193585 	  255 	  278496 	  482 
  10188 	  193586 	  327 	   76590 	  202 
  10188 	  193585 	  212 	  224837 	  494 
  10188 	  193585 	  283 	  123206 	  261 
  10188 	  193585 	  250 	  173361 	  327 
  10188 	  193585 	  173 	  182097 	  640 
  10188 	  193586 	  294 	  143413 	  737 
  10188 	  193585 	  257 	  276885 	 1251 
  10188 	  193585 	  285 	  223578 	  114 
  10188 	  193585 	  305 	  208442 	  117 
  10188 	  193585 	  238 	  195709 	  173 
  10188 	  193586 	  230 	  171351 	  373 
  10188 	  193585 	  268 	  129226 	  668 
  10188 	  193585 	  304 	  135900 	  760 
  10188 	  193585 	  240 	  157806 	  148 
  10188 	  193585 	  211 	  178537 	  152 
  10188 	  193586 	  226 	  208730 	  244 
  10188 	  193585 	  205 	  223222 	  187 
  10188 	  193585 	  270 	  160034 	   81 
  10188 	  193585 	  192 	  226143 	   77 
  10188 	  193585 	  219 	  248859 	   65 
  10188 	  193586 	  216 	  216752 	   81 
  10188 	  193585 	  157 	  176363 	  272 
  10188 	  193585 	  149 	  225184 	  152 
  10188 	  193585 	  192 	  145388 	  105 
  10188 	  193586 	  163 	  229529 	  575 
  10188 	  193585 	  248 	  155658 	  236 
  10188 	  193585 	  321 	  154491 	  210 
  10188 	  193585 	  235 	  129894 	  213 
  10188 	  193585 	  172 	  270171 	  582 
  10188 	  193586 	  240 	  165053 	  308 
  10188 	  193585 	  314 	  145446 	  163 
  10188 	  193585 	  181 	  158936 	  361 
  10188 	  193585 	  304 	  119574 	  411 
  10188 	  193585 	  263 	  188910 	  208 
  10188 	  193586 	  242 	  205524 	  170 
  10188 	  193585 	  184 	  309519 	  302 
  10188 	  193585 	  327 	  146790 	  118 
  10188 	  193585 	  159 	  194320 	  270 
  10188 	  193585 	  164 	  194871 	  148 
  10188 	  193586 	  256 	  203509 	   45 
  10188 	  193585 	  168 	  221785 	  398 
  10188 	  193585 	  315 	  125096 	   95 
  10188 	  193585 	  247 	  212120 	  105 
  10188 	  193585 	  170 	  198561 	  313 
  10188 	  193586 	  217 	  212888 	  483 
  10188 	  193585 	  386 	  130616 	  212 
  10188 	  193585 	  286 	  211992 	  218 
  10188 	  193585 	  338 	  182873 	   85 
  10188 	  193585 	  199 	  233570 	  330 
  10188 	  193586 	  161 	  180209 	  203 
  10188 	  193585 	  191 	  169629 	  175 
  10188 	  193585 	  233 	  135949 	  184 
  10188 	  193585 	  207 	  207276 	  329 
  10188 	  193585 	  237 	  184855 	  316 
  10188 	  193586 	  271 	  145160 	  136 
  10188 	  193585 	  286 	  267060 	   87 
  10188 	  193585 	  316 	  221762 	   59 
  10188 	  193585 	  227 	  175387 	  203 
  10188 	  193585 	  243 	  232674 	  618 
  10188 	  193586 	  278 	  177306 	  186 
  10188 	  193585 	  315 	  156149 	  311 
  10188 	  193585 	  182 	  174370 	  693 
  10188 	  193585 	  246 	  193173 	  902 
  10188 	  193585 	  325 	  123784 	  150 
  10188 	  193586 	  313 	  256849 	  195 
  10188 	  193585 	  195 	  199042 	   72 
  10188 	  193585 	  160 	  181989 	  150 
  10188 	  193585 	  193 	  196630 	  823 
  10188 	  193586 	  331 	  126568 	  589 
  10188 	  193585 	  130 	  207036 	  845 
  10188 	  193585 	  195 	  148857 	  312 
  10188 	  193585 	  158 	  300807 	  486 
  10188 	  193585 	  397 	   69798 	  186 
  10188 	  193586 	  245 	  191607 	 1279 
  10188 	  193585 	  417 	  115416 	 1258 
  10188 	  193585 	  127 	  180228 	 1090 
  10188 	  193585 	  173 	  102395 	  786 
  10188 	  193585 	  316 	  271860 	 1888 
  10188 	  193586 	  401 	  115191 	  727 
  10188 	  193585 	  595 	  172041 	  886 
  10188 	  193585 	  165 	  161666 	  503 
  10188 	  193585 	  193 	  180374 	  901 
  10188 	  193585 	  346 	  142596 	  475 
  10188 	  193586 	  260 	  202490 	 1496 
  10188 	  193585 	  354 	   62057 	  725 
  10188 	  193585 	  124 	  264233 	 1344 
  10188 	  193585 	  196 	  181975 	   97 
  10188 	  193585 	  119 	  249848 	  103 
  10188 	  193586 	  166 	  191760 	   75 
  10188 	  193585 	  202 	  195626 	   47 
  10188 	  193585 	  153 	  216704 	  253 
  10188 	  193585 	  162 	  206496 	  272 
  10188 	  193585 	  198 	  197032 	  231 
  10188 	  193586 	  200 	   94666 	  211 
  10188 	  193585 	  106 	  239466 	  942 
  10188 	  193585 	  150 	  173248 	  147 
  10188 	  193585 	  201 	  163359 	  102 
  10188 	  193585 	  154 	  200384 	  145 
  10188 	  193586 	  173 	  158076 	   65 
  10188 	  193585 	  131 	  297502 	  135 
  10188 	  193585 	  239 	  195269 	   81 
  10188 	  193585 	  194 	  175584 	   82 
  10188 	  193585 	  167 	  264438 	   53 
  10188 	  193586 	  149 	  267930 	   49 
  10188 	  193585 	  156 	  201171 	  129 
  10188 	  193585 	  199 	  109408 	   97 
  10188 	  193585 	  110 	  298166 	  988 
  10188 	  193585 	  215 	  124036 	  253 
  10188 	  193586 	  192 	  170413 	  476 
  10188 	  193585 	  173 	  154926 	  675 
  10188 	  193585 	  154 	  210952 	  922 
  10188 	  193585 	  207 	  122374 	  624 
  10188 	  193586 	  245 	  196665 	  270 
  10188 	  193585 	  226 	  251754 	  446 
  10188 	  193585 	  232 	  134716 	  202 
  10188 	  193585 	  254 	  288975 	  190 
  10188 	  193585 	  220 	  198975 	  437 
  10188 	  193586 	  169 	  185626 	  459 
  10188 	  193585 	  131 	  162027 	  160 
  10188 	  193585 	  205 	  146462 	   67 
  10188 	  193585 	  153 	  226065 	  159 
  10188 	  193585 	  139 	  178604 	  160 
  10188 	  193586 	  156 	  154383 	   98 
  10188 	  193585 	  190 	  168756 	   57 
  10188 	  193585 	  172 	  259997 	   57 
  10188 	  193585 	  108 	  314846 	   86 
  10188 	  193585 	  174 	  205409 	   57 
  10188 	  193586 	  166 	  285938 	   35 
  10188 	  193585 	  163 	  181148 	  106 
  10188 	  193585 	  132 	  122377 	  204 
  10188 	  193585 	  148 	  260961 	 1463 
  10188 	  193585 	  268 	   86277 	  179 
  10188 	  193586 	  134 	  189005 	  485 
  10188 	  193585 	  220 	  137464 	  189 
  10188 	  193585 	  146 	  236983 	  262 
  10188 	  193585 	  177 	  163350 	  181 
  10188 	  193585 	  218 	  272494 	  436 
  10188 	  193586 	  207 	  181431 	  415 
  10188 	  193585 	  235 	  171172 	 1007 
  10188 	  193585 	  220 	  150201 	  122 
  10188 	  193585 	  216 	  175458 	  126 
  10188 	  193585 	  158 	  201438 	  122 
  10188 	  193586 	  135 	  225530 	   93 
  10188 	  193585 	  160 	  158576 	   65 
  10188 	  193585 	   97 	  310910 	  323 
  10188 	  193585 	  178 	  170047 	   72 
  10188 	  193585 	  216 	  178705 	   75 
  10188 	  193586 	  120 	  301511 	  143 
  10188 	  193585 	  262 	  127851 	  106 
  10188 	  193585 	  211 	  173109 	  102 
  10188 	  193585 	  144 	  206171 	   83 
  10188 	  193585 	  152 	  208109 	   89 
  10188 	  193586 	  236 	  223562 	   32 
  10188 	  193585 	  190 	  238910 	  108 
  10188 	  193585 	  170 	  237971 	  190 
  10188 	  193585 	  231 	  190208 	  133 
  10188 	  193586 	  187 	  169575 	  498 
  10188 	  193585 	  224 	  119894 	  141 
  10188 	  193585 	  350 	  163207 	  818 
  10188 	  193585 	  424 	  355849 	 2046 
  10188 	  193585 	  483 	  149699 	  279 
  10188 	  193586 	  359 	  139274 	  560 
  10188 	  193585 	  542 	   74332 	  421 
  10188 	  193585 	  256 	  212517 	  621 
  10188 	  193585 	  198 	  274830 	  615 
  10188 	  193585 	  392 	  197446 	   42 
  10188 	  193586 	  227 	  143682 	  104 
  10188 	  193585 	  271 	  202888 	  241 
  10188 	  193585 	  216 	  134438 	  104 
  10188 	  193585 	  158 	  235561 	  909 
  10188 	  193585 	  186 	  247019 	  265 
  10188 	  193586 	  223 	  144266 	  114 
  10188 	  193585 	  219 	  224285 	  300 
  10188 	  193585 	  239 	  167307 	  112 
  10188 	  193585 	   99 	  318860 	 1033 
  10188 	  193585 	  195 	  180923 	  156 
  10188 	  193586 	  214 	  119343 	  145 
  10188 	  193585 	  418 	  307886 	 1113 
  10188 	  193585 	  406 	  110754 	   94 
  10188 	  193585 	  224 	  273417 	  442 
  10188 	  193585 	  342 	  186031 	  354 
  10188 	  193586 	  318 	  229663 	  702 
  10188 	  193585 	  223 	  147296 	  235 
  10188 	  193585 	  258 	  156113 	  996 
  10188 	  193585 	  175 	  123341 	  550 
  10188 	  193585 	  233 	  137226 	  628 
  10188 	  193586 	  242 	  159248 	 1535 
  10188 	  193585 	  270 	  117521 	 1620 
  10188 	  193585 	  365 	  129316 	  383 
  10188 	  193585 	  241 	  138940 	  592 
  10188 	  193585 	  253 	  212693 	 1306 
  10188 	  193586 	  222 	  180456 	  244 
  10188 	  193585 	  155 	  201954 	  174 
  10188 	  193585 	  250 	  160536 	  100 
  10188 	  193585 	  223 	  172673 	  344 
  10188 	  193585 	  221 	  236852 	  426 
  10188 	  193586 	  238 	  168243 	  423 
  10188 	  193585 	  159 	  212621 	  483 
  10188 	  193585 	  238 	  145392 	  254 
  10188 	  193585 	  203 	  241695 	  399 
  10188 	  193586 	  213 	  142722 	  188 
  10188 	  193585 	  230 	  274318 	  744 
  10188 	  193585 	  230 	  120160 	  262 
  10188 	  193585 	  236 	  209825 	  303 
  10188 	  193585 	  237 	  184331 	  207 
  10188 	  193586 	  159 	  175437 	  588 
  10188 	  193585 	  139 	  248540 	  454 
  10188 	  193585 	  180 	  165063 	  155 
  10188 	  193585 	  152 	  320294 	  505 
  10188 	  193585 	  293 	  184251 	   67 
  10188 	  193586 	  227 	  209995 	  221 
  10188 	  193585 	  246 	  147657 	  134 
  10188 	  193585 	  290 	  129841 	  100 
  10188 	  193585 	  151 	  324277 	  308 
  10188 	  193585 	  193 	  107858 	  259 
  10188 	  193586 	  269 	  230556 	  158 
  10188 	  193585 	  223 	  131939 	   92 
  10188 	  193585 	  173 	  192400 	  529 
  10188 	  193585 	  183 	  152775 	  459 
  10188 	  193585 	  165 	  212060 	  106 
  10188 	  193586 	  206 	  231384 	   77 
  10188 	  193585 	  131 	  248822 	  160 
  10188 	  193585 	  160 	  272639 	  151 
  10188 	  193585 	  198 	  217514 	   29 
  10188 	  193585 	  145 	  180543 	  168 
  10188 	  193586 	  153 	  202266 	  138 
  10188 	  193585 	  190 	  151134 	   28 
  10188 	  193585 	  133 	  286386 	   95 
  10188 	  193585 	  176 	  134430 	   74 
  10188 	  193585 	  167 	  123624 	  839 
  10188 	  193586 	  230 	  197260 	  730 
  10188 	  193585 	  319 	  144879 	  130 
  10188 	  193585 	  229 	  174539 	  211 
  10188 	  193585 	  270 	  159547 	  137 
  10188 	  193585 	  249 	  209687 	  437 
  10188 	  193586 	  142 	  158053 	  733 
  10188 	  193585 	  202 	  208154 	  436 
  10188 	  193585 	  246 	  162072 	  123 
  10188 	  193585 	  217 	  207492 	  331 
  10188 	  193585 	  283 	  138346 	  725 
  10188 	  193586 	  285 	   82912 	  602 
  10188 	  193585 	  198 	  214304 	 1819 
  10188 	  193585 	  206 	  157306 	 1130 
  10188 	  193585 	  209 	  243051 	  171 
  10188 	  193586 	  208 	  207408 	  161 
  10188 	  193585 	  162 	  116988 	  432 
  10188 	  193585 	  173 	  233151 	  855 
  10188 	  193585 	  193 	  202143 	  769 
  10188 	  193585 	  252 	  154673 	  345 
  10188 	  193586 	  252 	  180135 	  801 
  10188 	  193585 	  247 	  157994 	  276 
  10188 	  193585 	  209 	  202764 	  312 
  10188 	  193585 	  180 	  192009 	  840 
  10188 	  193585 	  250 	  124069 	  579 
  10188 	  193586 	  479 	  204156 	 1785 
  10188 	  193585 	  457 	   96623 	 1503 
  10188 	  193585 	  287 	  128961 	 1061 
  10188 	  193585 	  219 	  210108 	 1257 
  10188 	  193585 	  266 	  107065 	  313 
  10188 	  193586 	  212 	  116907 	  582 
  10188 	  193585 	  294 	  202948 	 1830 
  10188 	  193585 	  281 	  157868 	   98 
  10188 	  193585 	  185 	  208974 	   81 
  10188 	  193585 	  296 	  248752 	   33 
  10188 	  193586 	  144 	  239084 	   91 
  10188 	  193585 	  175 	  185657 	   66 
  10188 	  193585 	  197 	  233948 	  229 
  10188 	  193585 	  215 	  207451 	  201 
  10188 	  193585 	  395 	  150336 	  100 
  10188 	  193586 	  197 	  258227 	  197 
  10188 	  193585 	  190 	  155039 	  125 
  10188 	  193585 	  181 	  216632 	  239 
  10188 	  193585 	  197 	  178109 	  199 
  10188 	  193585 	  187 	  156671 	  142 
  10188 	  193586 	  208 	  265532 	  108 
  10188 	  193585 	  223 	  210676 	  105 
  10188 	  193585 	  142 	  300025 	  137 
  10188 	  193585 	  260 	  142733 	   77 
  10188 	  193585 	  165 	  149395 	  417 
  10188 	  193586 	  246 	  243857 	  105 
  10188 	  193585 	  209 	  246674 	  111 
  10188 	  193585 	  241 	  169123 	   73 
  10188 	  193585 	  159 	  241583 	  248 
  10188 	  193585 	  262 	  155485 	   49 
  10188 	  193586 	  159 	  196192 	  129 
  10188 	  193585 	  155 	  182952 	  137 
  10188 	  193585 	  191 	  186683 	  146 
  10188 	  193585 	  182 	  280185 	  841 
  10188 	  193586 	  340 	  166475 	   56 
  10188 	  193585 	  264 	  227683 	  142 
  10188 	  193585 	  190 	  236845 	  298 
  10188 	  193585 	  358 	   78347 	   46 
  10188 	  193585 	  256 	  188569 	  263 
  10188 	  193586 	  151 	  192530 	  359 
  10188 	  193585 	  226 	  135946 	  124 
  10188 	  193585 	  261 	  213283 	  134 
  10188 	  193585 	  210 	  274649 	   70 
  10188 	  193585 	  238 	  191989 	   48 
  10188 	  193586 	  180 	  222739 	  119 
  10188 	  193585 	  145 	  185148 	  525 
  10188 	  193585 	  353 	  150635 	  292 
  10188 	  193585 	  232 	  257706 	  407 
  10188 	  193585 	  221 	  216277 	  208 
  10188 	  193586 	  155 	  211158 	  314 
  10188 	  193585 	  219 	  144208 	  146 
  10188 	  193585 	  200 	  222211 	  342 
  10188 	  193585 	  303 	  144347 	  143 
  10188 	  193585 	  158 	  226703 	  579 
  10188 	  193586 	  271 	  118461 	  999 
  10188 	  193585 	  198 	  209156 	  316 
  10188 	  193585 	  279 	  155125 	  114 
  10188 	  193585 	  205 	  261006 	  108 
  10188 	  193585 	  258 	  199686 	   86 
  10188 	  193586 	  243 	  258663 	   89 
  10188 	  193585 	  280 	  225087 	   86 
  10188 	  193585 	  164 	  137100 	  230 
  10188 	  193585 	  274 	  163874 	   80 
  10188 	  193585 	  230 	  241668 	   60 
  10188 	  193586 	  168 	  227770 	   69 
  10188 	  193585 	  180 	  181681 	   51 
  10188 	  193585 	  172 	  262008 	  113 
  10188 	  193585 	  306 	  203398 	   71 
  10188 	  193585 	  199 	  196391 	   84 
  10188 	  193586 	  171 	  231233 	   46 
  10188 	  193585 	  212 	  203809 	   46 
  10188 	  193585 	  244 	  180322 	   66 
  10188 	  193585 	  197 	  142218 	   71 
  10188 	  193585 	  125 	  225366 	  293 
  10188 	  193586 	  204 	  176608 	  112 
  10188 	  193585 	  164 	  248734 	  321 
  10188 	  193585 	  250 	   92977 	  118 
  10188 	  193585 	  200 	  153519 	  305 
  10188 	  193586 	  143 	  209275 	  345 
  10188 	  193585 	  278 	  191993 	   65 
  10188 	  193585 	  276 	  208403 	   81 
  10188 	  193585 	  173 	  262621 	  252 
  10188 	  193585 	  277 	  156533 	   96 
  10188 	  193586 	  323 	  197837 	  180 
  10188 	  193585 	  241 	  162578 	   71 
  10188 	  193585 	  183 	  223807 	  164 
  10188 	  193585 	  206 	  174131 	   80 
  10188 	  193585 	  249 	  255828 	   86 
  10188 	  193586 	  185 	  193642 	   68 
  10188 	  193585 	  239 	  229661 	  299 
  10188 	  193585 	  192 	  173225 	  242 
  10188 	  193585 	  217 	  160590 	  130 
  10188 	  193585 	  226 	  241153 	  133 
  10188 	  193586 	  229 	  143304 	  200 
  10188 	  193585 	  208 	  231444 	  224 
  10188 	  193585 	  226 	  160027 	  105 
  10188 	  193585 	  218 	  239361 	  231 
  10188 	  193585 	  219 	  182112 	  273 
  10188 	  193586 	  231 	  214455 	  161 
  10188 	  193585 	  284 	  214298 	  139 
  10188 	  193585 	  198 	  206921 	  136 
  10188 	  193585 	  256 	  176880 	  109 
  10188 	  193585 	  196 	  223065 	  121 
  10188 	  193586 	  194 	  213701 	  100 
  10188 	  193585 	  259 	  145501 	   46 
  10188 	  193585 	  248 	  292889 	  824 
  10188 	  193585 	  348 	  140622 	  269 
  10188 	  193585 	  268 	  214106 	  441 
  10188 	  193586 	  282 	  106764 	  396 
  10188 	  193585 	  183 	  179004 	  652 
  10188 	  193585 	  203 	  223119 	 1075 
  10188 	  193585 	  305 	  126430 	  517 
  10188 	  193585 	  291 	  203321 	  179 
  10188 	  193586 	  254 	  275107 	  221 
  10188 	  193585 	  246 	  164624 	  233 
  10188 	  193585 	  260 	  180177 	  170 
  10188 	  193585 	  201 	  159197 	  223 
  10188 	  193585 	  172 	  178095 	 1106 
  10188 	  193586 	  237 	  125134 	  759 
  10188 	  193585 	  173 	  243041 	  392 
  10188 	  193585 	  206 	  196571 	   94 
  10188 	  193585 	  234 	  194265 	  221 
  10188 	  193586 	  201 	  151728 	  163 
  10188 	  193585 	  195 	  154740 	  215 
  10188 	  193585 	  185 	  162185 	  216 
  10188 	  193585 	  235 	  159291 	   96 
  10188 	  193585 	  230 	  240910 	   66 
  10188 	  193586 	  157 	  265748 	  105 
  10188 	  193585 	  181 	  234919 	  304 
  10188 	  193585 	  245 	  147849 	   60 
  10188 	  193585 	  252 	  212878 	   88 
  10188 	  193585 	  190 	  208164 	   77 
  10188 	  193586 	  262 	  149160 	   79 
  10188 	  193585 	  136 	  248647 	  165 
  10188 	  193585 	  197 	  153236 	   91 
  10188 	  193585 	  254 	  170902 	   78 
  10188 	  193585 	  197 	  234184 	   98 
  10188 	  193586 	  180 	  254452 	   80 
  10188 	  193585 	  254 	  215332 	   86 
  10188 	  193585 	  252 	  210998 	  191 
  10188 	  193585 	  309 	  204228 	   87 
  10188 	  193585 	  196 	  235342 	  128 
  10188 	  193586 	  169 	  261165 	  167 
  10188 	  193585 	  223 	  204718 	   73 
  10188 	  193585 	  249 	  204416 	   74 
  10188 	  193585 	  202 	  209118 	  133 
  10188 	  193585 	  208 	  150690 	   95 
  10188 	  193586 	  193 	  187323 	  189 
  10188 	  193585 	  252 	  202262 	  124 
  10188 	  193585 	  211 	  201897 	  127 
  10188 	  193585 	  211 	  255485 	   81 
  10188 	  193585 	  302 	  175570 	   51 
  10188 	  193586 	  177 	  279974 	  183 
  10188 	  193585 	  183 	  186886 	   64 
  10188 	  193585 	  236 	  182884 	   91 
  10188 	  193585 	  181 	  194621 	  104 
  10188 	  193585 	  221 	  187132 	   71 
  10188 	  193586 	  214 	  198757 	  107 
  10188 	  193585 	  188 	  195373 	  200 
  10188 	  193585 	  278 	  156386 	   98 
  10188 	  193585 	  251 	  148704 	  120 
  10188 	  193585 	  157 	  302261 	  227 
  10188 	  193586 	  347 	  125107 	   64 
  10188 	  193585 	  260 	  130165 	  112 
  10188 	  193585 	  249 	  278083 	  109 
  10188 	  193585 	  176 	  201156 	  157 
  10188 	  193586 	  217 	  223358 	  132 
  10188 	  193585 	  190 	  181119 	  100 
  10188 	  193585 	  186 	  229104 	  124 
  10188 	  193585 	  271 	  179840 	  131 
  10188 	  193585 	  241 	  146831 	  145 
  10188 	  193586 	  164 	  197524 	  268 
  10188 	  193585 	  169 	  258510 	  197 
  10188 	  193585 	  258 	  161604 	   63 
  10188 	  193585 	  210 	  145283 	   86 
  10188 	  193585 	  145 	  236521 	  162 
  10188 	  193586 	  217 	  154551 	   86 
  10188 	  193585 	  428 	  142876 	   69 
  10188 	  193585 	  187 	  262371 	   77 
  10188 	  193585 	  219 	  130043 	   88 
  10188 	  193585 	  174 	  292043 	  195 
  10188 	  193586 	  292 	  182747 	  153 
  10188 	  193585 	  180 	  190092 	   98 
  10188 	  193585 	  179 	  261397 	  148 
  10188 	  193585 	  269 	  165513 	   95 
  10188 	  193585 	  209 	  170751 	  135 
  10188 	  193586 	  248 	  190071 	   84 
  10188 	  193585 	  253 	  150997 	  130 
  10188 	  193585 	  190 	  171012 	  145 
  10188 	  193585 	  210 	  236597 	  113 
  10188 	  193585 	  246 	  153005 	   77 
  10188 	  193586 	  156 	  238044 	  170 
  10188 	  193585 	  220 	  192870 	   63 
  10188 	  193585 	  206 	  227498 	   50 
  10188 	  193585 	  151 	  225937 	  131 
  10188 	  193585 	  241 	  207223 	   76 
  10188 	  193586 	  210 	  233231 	   66 
  10188 	  193585 	  182 	  213295 	   88 
  10188 	  193585 	  209 	  177015 	   85 
  10188 	  193585 	  237 	  216041 	  157 
  10188 	  193585 	  253 	  132902 	  130 
  10188 	  193586 	  232 	  217194 	  130 
  10188 	  193585 	  303 	  200219 	   82 
  10188 	  193585 	  207 	  147094 	  400 
  10188 	  193585 	  170 	  187708 	  339 
  10188 	  193585 	  198 	  175594 	  167 
  10188 	  193586 	  314 	   94246 	  170 
  10188 	  193585 	  170 	  223661 	  598 
  10188 	  193585 	  202 	  111801 	  330 
  10188 	  193585 	  177 	  162380 	  235 
  10188 	  193586 	  263 	  180185 	  168 
  10188 	  193585 	  270 	  207209 	  158 
  10188 	  193585 	  272 	  145868 	  232 
  10188 	  193585 	  239 	  220743 	 1083 
  10188 	  193585 	  240 	  169462 	  641 
  10188 	  193586 	  206 	  221417 	  516 
  10188 	  193585 	  241 	  120377 	  450 
  10188 	  193585 	  184 	  252373 	  728 
  10188 	  193585 	  250 	  185814 	  157 
  10188 	  193585 	  223 	  212917 	  249 
  10188 	  193586 	  232 	  175823 	  145 
  10188 	  193585 	  168 	  249690 	   74 
  10188 	  193585 	  177 	  231066 	   95 
  10188 	  193585 	  255 	  249935 	   35 
  10188 	  193585 	  238 	  239793 	   46 
  10188 	  193586 	  185 	  288152 	  128 
  10188 	  193585 	  318 	  189425 	   81 
  10188 	  193585 	  227 	  148383 	  120 
  10188 	  193585 	  149 	  169591 	  231 
  10188 	  193585 	  213 	  179777 	  891 
  10188 	  193586 	  161 	  152801 	  715 
  10188 	  193585 	  191 	  222646 	  190 
  10188 	  193585 	  265 	  166232 	  140 
  10188 	  193585 	  107 	  269220 	  399 
  10188 	  193585 	  151 	  173173 	  108 
  10188 	  193586 	  205 	  147951 	  249 
  10188 	  193585 	  203 	  184892 	  873 
  10188 	  193585 	  219 	  217857 	  374 
  10188 	  193585 	  276 	  132049 	  159 
  10188 	  193585 	  172 	  184571 	 1333 
  10188 	  193586 	  168 	  201036 	  700 
  10188 	  193585 	  309 	  139788 	  150 
  10188 	  193585 	  189 	  173682 	  339 
  10188 	  193585 	  181 	  160286 	  421 
  10188 	  193585 	  174 	  221480 	  394 
  10188 	  193586 	  250 	  207441 	  155 
  10188 	  193585 	  205 	  249115 	  232 
  10188 	  193585 	  228 	  201858 	  111 
  10188 	  193585 	  149 	  278303 	  685 
  10188 	  193586 	  327 	   81920 	  545 
