% num_local_points | num_send_points | num_send_procs | num_recv_points | num_recv_procs 
 122341 	   38221 	   77 	   31415 	   75 
 121230 	   27809 	   25 	   24818 	   25 
 122793 	   32508 	   20 	   30823 	   20 
 121203 	   24474 	   15 	   24271 	   15 
 119930 	   42067 	   20 	   36156 	   20 
 123215 	   23861 	   14 	   22865 	   14 
 125502 	   25010 	   20 	   28037 	   18 
 123345 	   18042 	   14 	   21872 	   14 
 124925 	   36629 	   41 	   36934 	   41 
 121070 	   32003 	   25 	   26547 	   26 
 122436 	   24805 	   16 	   21242 	   16 
 123201 	   23726 	   14 	   27266 	   14 
 124178 	   35311 	   25 	   35634 	   23 
 122900 	   25210 	   16 	   24373 	   15 
 121270 	   30185 	   18 	   29655 	   17 
 124440 	   21844 	   17 	   24609 	   15 
 124510 	   32918 	   26 	   31583 	   26 
 124295 	   28985 	   18 	   29500 	   19 
 124564 	   21748 	   15 	   24076 	   15 
 123916 	   34653 	   20 	   33499 	   21 
 124565 	   24831 	   15 	   26773 	   13 
 123891 	   30525 	   24 	   29780 	   23 
 126213 	   17985 	   14 	   19898 	   13 
 125262 	   20299 	   27 	   22345 	   27 
 123982 	   47134 	   77 	   40729 	   79 
 122091 	   23106 	   17 	   23545 	   17 
 119857 	   24585 	   13 	   25458 	   13 
 119899 	   40369 	   26 	   34507 	   27 
 116492 	   37346 	   23 	   29133 	   23 
 120711 	   27559 	   14 	   28303 	   13 
 120536 	   18864 	   15 	   21116 	   14 
 119518 	   25299 	   18 	   24298 	   18 
 122463 	   31900 	   20 	   35393 	   20 
 115912 	   55094 	   49 	   39957 	   49 
 118806 	   27501 	   20 	   19507 	   20 
 116595 	   29956 	   18 	   26292 	   19 
 119592 	   28613 	   17 	   28174 	   17 
 117430 	   26688 	   13 	   22788 	   12 
 126270 	   24506 	   26 	   38871 	   27 
 120837 	   25399 	   23 	   26847 	   23 
 111219 	   39483 	   23 	   17465 	   23 
 120964 	   24193 	   18 	   21244 	   18 
 119390 	   24178 	   17 	   22574 	   17 
 123952 	   21773 	   20 	   25842 	   19 
 125596 	   17292 	   18 	   28518 	   17 
 121938 	   39575 	   57 	   38031 	   56 
 120998 	   28364 	   17 	   26981 	   17 
 120928 	   26217 	   18 	   27191 	   16 
 119588 	   35670 	   22 	   29868 	   24 
 120356 	   26787 	   14 	   26758 	   14 
 119763 	   25830 	   20 	   22739 	   20 
 117260 	   28536 	   20 	   21007 	   21 
 121289 	   22193 	   15 	   26351 	   15 
 123655 	   23968 	   41 	   26598 	   35 
 116612 	   29452 	   43 	   18600 	   40 
 118959 	   23131 	   16 	   22683 	   16 
 116637 	   25340 	   10 	   21507 	   10 
 119455 	   28107 	   23 	   28517 	   23 
 117936 	   21314 	   17 	   14788 	   15 
 125109 	   18542 	   23 	   26750 	   23 
 116303 	   32704 	   24 	   26987 	   22 
 119254 	   26343 	   15 	   19542 	   17 
 116353 	   28440 	   22 	   19994 	   24 
 120002 	   22937 	   20 	   21328 	   19 
 123406 	   18202 	   20 	   26126 	   21 
 121754 	   30519 	   37 	   30605 	   36 
 120704 	   27809 	   22 	   24051 	   23 
 120045 	   24379 	   16 	   19663 	   16 
 120812 	   23987 	   19 	   22410 	   16 
 120405 	   29900 	   16 	   30045 	   15 
 121089 	   43364 	   28 	   40655 	   28 
 119256 	   26770 	   12 	   28422 	   12 
 117446 	   37678 	   17 	   35004 	   17 
 119080 	   26976 	   14 	   28342 	   15 
 121055 	   27472 	   19 	   28781 	   18 
 120038 	   26389 	   14 	   24402 	   15 
 119414 	   22984 	   12 	   24800 	   11 
 122031 	   36254 	   34 	   37505 	   33 
 120200 	   24508 	   12 	   25100 	   12 
 120803 	   31224 	   17 	   29755 	   18 
 123137 	   32227 	   22 	   35738 	   22 
 125209 	   34532 	   39 	   42702 	   39 
 123623 	   30361 	   46 	   29597 	   44 
 120860 	   27719 	   11 	   27050 	   11 
 121089 	   24696 	   14 	   28556 	   15 
 125516 	   30328 	   37 	   34477 	   36 
 121796 	   33865 	   54 	   32215 	   56 
 115914 	   29972 	   20 	   22811 	   21 
 120963 	   29875 	   18 	   32777 	   19 
 121720 	   21186 	   13 	   28460 	   14 
 119610 	   25466 	   20 	   28522 	   21 
 120153 	   27943 	   17 	   30340 	   17 
 121283 	   21894 	   15 	   28883 	   17 
 113903 	   38378 	   34 	   30120 	   33 
 117836 	   23974 	   16 	   24199 	   14 
 116170 	   33886 	   18 	   21790 	   19 
 120516 	   26741 	   20 	   33221 	   20 
 117391 	   24284 	   13 	   24806 	   12 
 115105 	   32106 	   16 	   20089 	   17 
 126642 	   20302 	   19 	   32708 	   21 
 131703 	   21625 	   46 	   44200 	   45 
 133251 	   20319 	   63 	   48487 	   63 
 126127 	   23958 	   78 	   31987 	   77 
 122564 	   32369 	   19 	   30586 	   19 
 121796 	   21635 	   16 	   21527 	   16 
 123649 	   34529 	   37 	   32911 	   35 
 123601 	   23144 	   19 	   25565 	   19 
 121803 	   26283 	   14 	   25700 	   15 
 121817 	   30656 	   19 	   30058 	   19 
 122601 	   17844 	   15 	   18789 	   14 
 123588 	   24932 	   41 	   24343 	   42 
 124253 	   26138 	   29 	   30943 	   28 
 124138 	   21471 	   20 	   21864 	   21 
 121960 	   18642 	   15 	   22205 	   15 
 121773 	   23387 	   21 	   21960 	   20 
 123435 	   22568 	   21 	   23569 	   20 
 120747 	   24667 	   20 	   21622 	   18 
 124025 	   30953 	   36 	   30411 	   36 
 123097 	   19246 	   12 	   20821 	   12 
 122201 	   21874 	   16 	   20449 	   14 
 124417 	   25135 	   21 	   26660 	   21 
 122424 	   21126 	   13 	   21772 	   13 
 122227 	   35482 	   54 	   31616 	   55 
 123623 	   24222 	   21 	   23148 	   22 
 123981 	   23110 	   14 	   22607 	   14 
 123993 	   22278 	   22 	   20653 	   22 
 122529 	   18813 	   14 	   18338 	   15 
 124156 	   20808 	   16 	   23297 	   16 
 122017 	   28904 	   21 	   26133 	   20 
 123713 	   18138 	   18 	   20748 	   17 
 123200 	   22974 	   17 	   23951 	   19 
 124099 	   32289 	   42 	   32747 	   39 
 121412 	   29110 	   24 	   25880 	   24 
 122214 	   23498 	   16 	   22479 	   16 
 122941 	   32634 	   21 	   30141 	   21 
 122655 	   23711 	   15 	   24194 	   15 
 123533 	   35257 	   23 	   36095 	   24 
 122329 	   23963 	   12 	   20377 	   11 
 122659 	   29016 	   23 	   27772 	   20 
 122754 	   17473 	   14 	   20319 	   13 
 124927 	   35176 	   45 	   36559 	   40 
 123315 	   17582 	   12 	   17393 	   12 
 124825 	   25178 	   20 	   29098 	   20 
 122522 	   23810 	   23 	   20827 	   23 
 122740 	   19536 	   16 	   21063 	   16 
 124477 	   31053 	   21 	   30780 	   20 
 122003 	   21645 	   14 	   22475 	   14 
 122806 	   26550 	   34 	   24087 	   34 
 123137 	   24733 	   44 	   21078 	   42 
 124202 	   28967 	   23 	   28251 	   20 
 124407 	   18765 	   14 	   22712 	   12 
 126421 	   27355 	   43 	   30229 	   44 
 125325 	   37027 	   65 	   38748 	   66 
 122788 	   17224 	   13 	   18648 	   12 
 122015 	   20609 	   13 	   19582 	   12 
 123245 	   21549 	   20 	   22021 	   19 
 121865 	   17592 	   19 	   18086 	   18 
 123667 	   19267 	   23 	   20668 	   21 
 121201 	   23140 	   25 	   21731 	   24 
 124060 	   17125 	   12 	   19894 	   12 
 125896 	   15922 	   16 	   19341 	   15 
 123794 	   20694 	   21 	   23362 	   20 
 123458 	   22980 	   21 	   20592 	   21 
 120805 	   17991 	   14 	   15947 	   13 
 123282 	   23549 	   31 	   26180 	   32 
 120749 	   18221 	   16 	   16130 	   16 
 122259 	   25432 	   17 	   23284 	   17 
 121268 	   23482 	   21 	   23178 	   20 
 121566 	   17932 	   14 	   17570 	   13 
 122276 	   23504 	   21 	   23193 	   20 
 120564 	   19864 	   13 	   17890 	   13 
 124725 	   23859 	   40 	   26649 	   36 
 122420 	   21235 	   18 	   20380 	   18 
 125354 	   17899 	   13 	   21787 	   12 
 121628 	   23253 	   17 	   22117 	   16 
 121939 	   17098 	   12 	   17082 	   13 
 124229 	   19010 	   20 	   20917 	   17 
 120653 	   27610 	   26 	   22053 	   27 
 121673 	   29520 	   64 	   22829 	   63 
 119272 	   39194 	   74 	   24337 	   76 
 118294 	   19477 	   10 	   13949 	   11 
 119377 	   21230 	   15 	   18228 	   14 
 121160 	   15448 	   14 	   15618 	   14 
 120953 	   25213 	   27 	   22314 	   27 
 122153 	   29136 	   21 	   25588 	   20 
 122083 	   16767 	   15 	   18028 	   14 
 123428 	   29618 	   22 	   29830 	   21 
 121318 	   30590 	   18 	   30075 	   19 
 123967 	   28924 	   22 	   33677 	   22 
 120560 	   37788 	   31 	   32118 	   31 
 121641 	   29294 	   19 	   28263 	   19 
 119749 	   19129 	   16 	   21067 	   16 
 123204 	   23884 	   19 	   24584 	   19 
 121536 	   27058 	   18 	   27458 	   18 
 124105 	   32582 	   42 	   37626 	   43 
 121837 	   18107 	   13 	   19505 	   12 
 121651 	   24213 	   13 	   23410 	   13 
 123243 	   29566 	   22 	   29348 	   22 
 122815 	   20077 	   17 	   19845 	   17 
 122161 	   15183 	   12 	   16593 	   12 
 122734 	   24392 	   36 	   27239 	   36 
 127156 	   41267 	   42 	   45461 	   43 
 117208 	   28479 	   39 	   18137 	   35 
 118292 	   23056 	    9 	   18781 	    9 
 119874 	   20020 	   17 	   20743 	   17 
 120711 	   18047 	   16 	   18406 	   16 
 120584 	   20286 	   21 	   17443 	   18 
 115691 	   25759 	   22 	   12850 	   21 
 120286 	   14004 	   16 	   12650 	   15 
 113598 	   37688 	   29 	   18632 	   29 
 121263 	   27563 	   17 	   28575 	   18 
 119328 	   21474 	   15 	   22572 	   15 
 122966 	   19589 	   22 	   27569 	   22 
 123448 	   19696 	   16 	   26778 	   16 
 116597 	   35531 	   29 	   28350 	   30 
 127622 	   19777 	   21 	   29067 	   19 
 117155 	   23880 	   12 	   15466 	   15 
 121443 	   19296 	   15 	   23546 	   16 
 119185 	   24844 	   17 	   18345 	   16 
 127938 	   19363 	   29 	   33882 	   29 
 134855 	   25252 	   49 	   48055 	   48 
 125622 	   14502 	   24 	   25821 	   24 
 126200 	   32481 	   59 	   38348 	   60 
 121128 	   14389 	   10 	   13541 	   10 
 119680 	   17355 	   18 	   17817 	   18 
 122438 	   19423 	   14 	   18936 	   14 
 120870 	   17090 	   15 	   16445 	   14 
 121324 	   20859 	   29 	   19011 	   29 
 121192 	   21043 	   17 	   18081 	   17 
 121765 	   19539 	   17 	   17936 	   17 
 121652 	   24451 	   30 	   21497 	   30 
 122479 	   21781 	   19 	   21971 	   19 
 123177 	   23353 	   17 	   25841 	   17 
 121541 	   18228 	   16 	   19731 	   15 
 122465 	   20735 	   17 	   18440 	   17 
 124708 	   29821 	   45 	   32636 	   45 
 122323 	   23382 	   13 	   22406 	   12 
 122165 	   17080 	   11 	   17737 	   12 
 124436 	   20794 	   20 	   20886 	   20 
 122387 	   20568 	   13 	   20151 	   14 
 122921 	   29606 	   33 	   27732 	   35 
 124607 	   17126 	   19 	   20909 	   18 
 124019 	   18122 	   21 	   18932 	   21 
 121162 	   19567 	   48 	   19643 	   48 
 120802 	   16113 	   19 	   16458 	   19 
 120408 	   16667 	   19 	   16319 	   19 
 120692 	   13702 	   16 	   13220 	   16 
 120940 	   10255 	    9 	   11038 	    9 
 121091 	   15131 	   25 	   14348 	   25 
 119240 	   17493 	   14 	   13246 	   13 
 117375 	   23222 	   16 	   14632 	   19 
 120773 	   19671 	   13 	   16908 	   13 
 119533 	   21294 	   28 	   15473 	   29 
 121365 	   15211 	   18 	   15593 	   18 
 121567 	   15383 	   17 	   14707 	   17 
 120424 	   20994 	   16 	   18246 	   16 
 119976 	   24247 	   20 	   19378 	   20 
 117798 	   25352 	   20 	   16692 	   19 
 132877 	   35949 	   62 	   54107 	   61 
 129323 	   30160 	   34 	   42534 	   32 
 126149 	   18597 	   17 	   26983 	   17 
 123053 	   14101 	   13 	   15895 	   13 
 123487 	   11697 	   14 	   11997 	   14 
 124904 	   24734 	  149 	   28873 	  157 
 121917 	   30788 	   25 	   30599 	   26 
 122290 	   24719 	   14 	   24107 	   14 
 123700 	   34520 	   39 	   34273 	   38 
 122370 	   21080 	   12 	   21873 	   12 
 122085 	   24953 	   22 	   24534 	   22 
 122126 	   23341 	   21 	   24551 	   21 
 122858 	   20606 	   13 	   21168 	   12 
 122889 	   21998 	   21 	   21517 	   18 
 124574 	   17382 	   46 	   17206 	   48 
 123472 	   22839 	   21 	   21031 	   23 
 123260 	   17988 	   13 	   17184 	   12 
 124185 	   28576 	   37 	   27045 	   38 
 121984 	   26717 	   20 	   23776 	   18 
 125278 	   20390 	   23 	   25384 	   23 
 122569 	   16820 	   13 	   18524 	   12 
 122301 	   21815 	   17 	   20618 	   17 
 123078 	   23772 	   38 	   22035 	   35 
 120096 	   27750 	   24 	   24101 	   24 
 124667 	   22967 	   26 	   24226 	   27 
 123461 	   19066 	   22 	   19769 	   21 
 122506 	   19940 	   15 	   17827 	   15 
 124622 	   23034 	   23 	   25196 	   24 
 121449 	   25352 	   14 	   22055 	   15 
 121789 	   25249 	   14 	   24868 	   14 
 123659 	   30387 	   31 	   32390 	   30 
 121900 	   29054 	   36 	   26439 	   30 
 123772 	   19913 	   16 	   19118 	   16 
 124694 	   24673 	   23 	   25858 	   21 
 125472 	   23345 	   25 	   24396 	   24 
 124634 	   27919 	   45 	   29998 	   44 
 123131 	   22558 	   13 	   24346 	   13 
 123271 	   24734 	   15 	   22174 	   15 
 123399 	   23998 	   20 	   24757 	   17 
 123084 	   18532 	   19 	   21257 	   19 
 122918 	   23255 	   19 	   22672 	   18 
 122509 	   21865 	   13 	   23165 	   12 
 121723 	   26426 	   24 	   23494 	   24 
 126476 	   40528 	   76 	   41605 	   74 
 122518 	   19174 	   20 	   19802 	   21 
 122515 	   17767 	   14 	   19736 	   14 
 121983 	   26618 	   27 	   25164 	   27 
 123201 	   18101 	   17 	   19963 	   17 
 122118 	   19652 	   14 	   18544 	   11 
 121385 	   30443 	   40 	   28165 	   38 
 122302 	   24083 	   20 	   25267 	   21 
 122124 	   20956 	   13 	   20487 	   13 
 123902 	   25361 	   23 	   25145 	   24 
 123336 	   18572 	   15 	   20646 	   14 
 123620 	   17823 	   15 	   18475 	   14 
 121945 	   33037 	   48 	   32730 	   53 
 122633 	   16636 	   14 	   17610 	   13 
 122825 	   19707 	   17 	   20904 	   16 
 121354 	   24081 	   26 	   22332 	   23 
 122077 	   16231 	   13 	   16919 	   10 
 123763 	   19232 	   18 	   21360 	   17 
 121707 	   25522 	   40 	   24757 	   42 
 123462 	   16184 	   12 	   18504 	   13 
 123314 	   21438 	   18 	   24449 	   17 
 121328 	   25370 	   23 	   23028 	   21 
 124811 	   18992 	   23 	   23234 	   21 
 121431 	   17335 	   15 	   14794 	   14 
 122904 	   24584 	   29 	   27339 	   32 
 120900 	   20689 	   12 	   17816 	   12 
 121649 	   21501 	   16 	   19778 	   16 
 121617 	   27488 	   20 	   27012 	   19 
 121040 	   18443 	   14 	   18411 	   12 
 119800 	   26446 	   16 	   25316 	   15 
 121074 	   18533 	   15 	   17541 	   13 
 122271 	   27227 	   60 	   28925 	   59 
 122113 	   19843 	   16 	   19347 	   16 
 120981 	   18750 	   12 	   19220 	   12 
 121686 	   25901 	   25 	   25808 	   24 
 124842 	   16127 	   15 	   19083 	   12 
 122434 	   21151 	   18 	   20839 	   18 
 120826 	   24578 	   25 	   20596 	   26 
 121379 	   26728 	   41 	   20914 	   42 
 119958 	   36107 	   72 	   24534 	   73 
 121834 	   24704 	   16 	   23280 	   16 
 122857 	   23676 	   15 	   24661 	   15 
 124196 	   28194 	   27 	   30258 	   25 
 122172 	   20038 	   18 	   19067 	   18 
 121572 	   19940 	   16 	   21090 	   16 
 124342 	   26557 	   32 	   26689 	   33 
 120586 	   20724 	   15 	   19899 	   15 
 121290 	   21782 	   18 	   21409 	   18 
 121977 	   27813 	   30 	   29159 	   30 
 122359 	   21613 	   14 	   23605 	   14 
 122247 	   17154 	   17 	   18091 	   17 
 117649 	   38054 	   40 	   28936 	   38 
 120175 	   19931 	   17 	   17343 	   14 
 120444 	   19910 	   15 	   16646 	   12 
 121372 	   18990 	   27 	   20144 	   28 
 122308 	   19655 	   14 	   19009 	   17 
 122551 	   17793 	   14 	   18412 	   14 
 122953 	   25977 	   24 	   25608 	   22 
 121842 	   21434 	   18 	   21733 	   17 
 122656 	   19665 	   19 	   18530 	   19 
 122751 	   18944 	   29 	   22133 	   30 
 127878 	   38011 	   44 	   43015 	   43 
 116954 	   31461 	   37 	   20894 	   36 
 120202 	   24076 	   17 	   21971 	   18 
 120154 	   22035 	   27 	   25104 	   28 
 123870 	   17692 	   13 	   24988 	   13 
 122883 	   13212 	   15 	   18749 	   14 
 119299 	   25153 	   25 	   23753 	   27 
 120034 	   24051 	   17 	   21419 	   17 
 123509 	   18407 	   24 	   24906 	   25 
 122178 	   15832 	   26 	   20079 	   24 
 121125 	   18999 	   16 	   19168 	   16 
 120790 	   19977 	   34 	   20978 	   33 
 120354 	   13942 	   15 	   13856 	   15 
 118552 	   14747 	   10 	   12518 	   12 
 120696 	   16590 	   21 	   15831 	   18 
 120672 	   14984 	   18 	   15385 	   18 
 117124 	   25231 	   23 	   17133 	   22 
 116538 	   24556 	   23 	   13734 	   23 
 118568 	   21575 	   19 	   15938 	   18 
 130635 	   26720 	   36 	   40132 	   34 
 124600 	   14366 	   27 	   21828 	   27 
 127128 	   32401 	  115 	   41298 	  111 
 120931 	   13119 	   12 	   12079 	   13 
 120714 	   15028 	   18 	   15235 	   16 
 121529 	   17198 	   16 	   16183 	   15 
 120921 	   17142 	   15 	   16681 	   13 
 121721 	   19160 	   24 	   17701 	   26 
 121974 	   16840 	   16 	   18386 	   15 
 122767 	   18043 	   16 	   19765 	   17 
 122481 	   19911 	   23 	   20596 	   22 
 121513 	   20600 	   16 	   20477 	   16 
 124216 	   28683 	   49 	   29079 	   49 
 120831 	   19241 	   16 	   17308 	   14 
 122100 	   18306 	   20 	   15849 	   22 
 121387 	   23828 	   25 	   22286 	   26 
 122453 	   19929 	   12 	   18481 	   12 
 122393 	   15676 	   12 	   16056 	   11 
 123672 	   20760 	   26 	   20683 	   24 
 121869 	   17810 	   13 	   17384 	   13 
 122771 	   23099 	   30 	   20909 	   28 
 124816 	   18063 	   24 	   22193 	   19 
 124002 	   17569 	   24 	   18191 	   22 
 121569 	   17890 	   48 	   19541 	   44 
 120663 	   13911 	   19 	   13798 	   20 
 120585 	   16018 	   25 	   15476 	   25 
 120494 	   12284 	   18 	   11875 	   19 
 121020 	   10009 	   12 	   10235 	   13 
 120821 	   14708 	   23 	   14678 	   23 
 119082 	   18706 	   16 	   13386 	   16 
 118605 	   20321 	   17 	   14581 	   21 
 119873 	   19179 	   13 	   14452 	   13 
 130894 	   17464 	   42 	   36935 	   42 
 120730 	   15581 	   31 	   13674 	   33 
 122025 	   14555 	   13 	   15543 	   13 
 121471 	   15792 	   15 	   15162 	   16 
 119878 	   21216 	   17 	   18408 	   18 
 120737 	   23017 	   21 	   17685 	   22 
 117356 	   38072 	   40 	   24134 	   33 
 129322 	   30974 	   35 	   43527 	   32 
 126459 	   18756 	   25 	   26561 	   19 
 123190 	   13839 	   13 	   15512 	   13 
 123346 	   11568 	   15 	   12033 	   14 
 125907 	   20937 	  103 	   21840 	  109 
 123374 	   25654 	   19 	   23474 	   19 
 124161 	   17265 	   16 	   18263 	   16 
 124901 	   27465 	   26 	   25942 	   24 
 126291 	   19354 	   22 	   24150 	   20 
 123669 	   17749 	   15 	   18131 	   15 
 125359 	   25846 	   33 	   25555 	   32 
 124711 	   20421 	   25 	   20834 	   21 
 122268 	   14823 	   14 	   16042 	   13 
 124120 	   17956 	   27 	   16824 	   26 
 123325 	   17141 	   19 	   17240 	   16 
 122942 	   23875 	   39 	   22899 	   36 
 123756 	   16138 	   16 	   16358 	   15 
 124573 	   19062 	   27 	   20539 	   25 
 123231 	   22472 	   25 	   21351 	   20 
 123317 	   19368 	   25 	   19658 	   21 
 122769 	   12435 	   13 	   12910 	   12 
 122905 	   26695 	   26 	   28848 	   25 
 122528 	   19413 	   16 	   21113 	   16 
 122376 	   17025 	   16 	   18748 	   15 
 121914 	   16839 	   23 	   16792 	   21 
 122245 	   21193 	   20 	   20986 	   16 
 128502 	   45098 	   89 	   48388 	   84 
 122355 	   20632 	   23 	   20162 	   19 
 121641 	   17194 	   14 	   17454 	   12 
 121953 	   18212 	   25 	   16261 	   23 
 120353 	   21500 	   18 	   18140 	   25 
 121300 	   24250 	   30 	   21904 	   32 
 122632 	   15613 	   24 	   16298 	   18 
 125021 	   12214 	   16 	   16334 	   16 
 121035 	   24683 	   28 	   19368 	   25 
 122853 	   16465 	   19 	   16906 	   23 
 123242 	   16036 	   15 	   16328 	   16 
 121148 	   19153 	   29 	   18299 	   31 
 122054 	   14932 	   10 	   17678 	   10 
 121794 	   15255 	   16 	   16020 	   16 
 121047 	   12573 	   16 	   12835 	   15 
 122863 	   24066 	   33 	   19957 	   38 
 126978 	   14326 	   20 	   23892 	   20 
 122242 	   11612 	   14 	   13004 	   14 
 123965 	   25270 	   23 	   27119 	   24 
 120794 	   16839 	   21 	   12552 	   21 
 118545 	   23900 	   32 	   13378 	   32 
 126835 	   28340 	   86 	   35208 	   90 
 122085 	   17014 	   23 	   16332 	   19 
 120450 	   23799 	   22 	   20630 	   26 
 121848 	   14863 	   13 	   15322 	   13 
 120723 	   19445 	   21 	   16054 	   25 
 121117 	   18464 	   19 	   18204 	   27 
 121536 	   14906 	   19 	   15737 	   19 
 121389 	   14077 	   14 	   14529 	   18 
 122290 	   12432 	   15 	   15234 	   15 
 121510 	   10097 	   14 	   10455 	   12 
 123137 	   27993 	   47 	   23147 	   49 
 121718 	   19871 	   22 	   18733 	   23 
 122479 	   17263 	   20 	   16844 	   23 
 124783 	   12943 	   15 	   16952 	   13 
 120498 	   25584 	   23 	   20032 	   23 
 123925 	   18504 	   21 	   21243 	   23 
 124949 	   14705 	   19 	   20313 	   16 
 125557 	   14065 	   18 	   21212 	   18 
 121910 	   29343 	   32 	   25187 	   28 
 121497 	   14140 	   15 	   12153 	   14 
 118005 	   28206 	   75 	   18044 	   72 
 120301 	   10156 	   13 	   10298 	   15 
 120625 	   10823 	   14 	   10140 	   14 
 120339 	   14444 	   18 	   13618 	   18 
 120952 	   12786 	   13 	   12969 	   17 
 121401 	   15874 	   33 	   15180 	   33 
 121240 	   13371 	   13 	   13872 	   13 
 125905 	   16925 	   18 	   24981 	   18 
 121765 	   12907 	   14 	   12889 	   14 
 120944 	   27847 	   33 	   24327 	   38 
 119167 	   23711 	   31 	   17186 	   34 
 120704 	   16144 	   16 	   16064 	   14 
 121833 	   15991 	   17 	   15376 	   17 
 126035 	   12459 	   16 	   21050 	   16 
 119740 	   27761 	   31 	   20551 	   36 
 120459 	   19042 	   23 	   16121 	   27 
 127776 	   16616 	   20 	   29044 	   20 
 122465 	   30284 	   29 	   24763 	   31 
 118904 	   23108 	   25 	   15481 	   24 
 123539 	   14440 	   20 	   14254 	   19 
 119588 	   30344 	  133 	   27568 	  160 
 120315 	   20584 	   16 	   18323 	   17 
 119999 	   33431 	   57 	   27947 	   73 
 119679 	   23956 	   17 	   21787 	   17 
 122526 	   26856 	   49 	   21267 	   56 
 116328 	   29369 	   25 	   24175 	   25 
 119493 	   26495 	   22 	   22546 	   21 
 123204 	   23069 	   18 	   25441 	   17 
 119822 	   22516 	   14 	   17971 	   13 
 119170 	   29167 	   29 	   23660 	   29 
 122972 	   22251 	   17 	   26360 	   16 
 119652 	   23920 	   14 	   19244 	   14 
 122655 	   23658 	   18 	   25002 	   21 
 124427 	   24873 	   28 	   34530 	   28 
 112270 	   40953 	   28 	   33312 	   28 
 125050 	   15856 	   17 	   16731 	   16 
 117051 	   24959 	   20 	   16952 	   17 
 124733 	   16307 	   16 	   16490 	   14 
 125869 	   20305 	   18 	   22136 	   17 
 125070 	   18446 	   15 	   18859 	   13 
 120780 	   23322 	   22 	   25656 	   21 
 122389 	   21881 	   18 	   27271 	   17 
 117086 	   22595 	   12 	   17416 	   13 
 121163 	   25850 	   29 	   34919 	   31 
 123500 	   16165 	   19 	   20857 	   21 
 115903 	   33524 	   27 	   29996 	   28 
 119348 	   21620 	   11 	   17619 	   11 
 118965 	   25736 	   17 	   21209 	   17 
 117874 	   20711 	   13 	   15712 	   13 
 124713 	   20584 	   21 	   25672 	   21 
 119964 	   21425 	   14 	   17482 	   12 
 126557 	   19436 	   36 	   28309 	   34 
 126844 	   16580 	   12 	   20082 	   11 
 119989 	   34106 	   44 	   50564 	   51 
 107259 	   43185 	   41 	   25511 	   46 
 123773 	   16008 	   12 	   14309 	   11 
 118078 	   25655 	   17 	   18829 	   17 
 125055 	   16177 	   15 	   16350 	   15 
 124799 	   14389 	   16 	   20727 	   17 
 117724 	   28023 	   59 	   24411 	   73 
 120309 	   20803 	   23 	   19514 	   21 
 120590 	   24682 	   21 	   21008 	   20 
 123809 	   18378 	   20 	   21103 	   19 
 119867 	   23342 	   13 	   18634 	   13 
 124776 	   22554 	   22 	   30258 	   20 
 120553 	   21576 	   24 	   23027 	   24 
 115040 	   27630 	   22 	   19281 	   22 
 120950 	   23272 	   26 	   20233 	   24 
 122319 	   17336 	   17 	   17759 	   17 
 121972 	   16814 	   12 	   16727 	   11 
 119412 	   23153 	   13 	   18992 	   15 
 124096 	   20710 	   12 	   20725 	   12 
 122016 	   18095 	   20 	   20241 	   24 
 122964 	   26310 	   32 	   26151 	   31 
 123388 	   17050 	   14 	   19554 	   12 
 118870 	   24783 	   18 	   19465 	   15 
 123413 	   15106 	   11 	   16449 	   12 
 122611 	   14881 	   17 	   12878 	   16 
 121732 	   17656 	   65 	   19237 	   77 
 121908 	   18852 	   11 	   17014 	   11 
 122243 	   18435 	   14 	   20554 	   14 
 122982 	   11925 	   12 	   12699 	   12 
 122636 	   14159 	   15 	   14382 	   15 
 119941 	   25897 	   28 	   22013 	   30 
 122448 	   13370 	    9 	   13862 	    9 
 122506 	   16400 	   14 	   14933 	   15 
 123674 	   18558 	   13 	   19989 	   13 
 123204 	   18886 	   15 	   18671 	   14 
 121490 	   19155 	   22 	   16447 	   18 
 124140 	   13292 	   15 	   14012 	   15 
 123275 	   12209 	    7 	   12886 	    8 
 124219 	   18642 	   17 	   18214 	   17 
 123817 	   16173 	   13 	   15768 	   13 
 125623 	   17614 	   27 	   19332 	   26 
 123800 	   18109 	   24 	   16762 	   23 
 124870 	   15186 	   13 	   15953 	   12 
 123054 	   18876 	   15 	   16476 	   14 
 124683 	   13357 	   12 	   13366 	   12 
 124273 	   23877 	   64 	   26078 	   71 
 124175 	   16416 	   18 	   23123 	   19 
 116776 	   21512 	   16 	   13615 	   15 
 124151 	   19175 	   16 	   18281 	   17 
 124229 	   15255 	   11 	   18297 	   12 
 127072 	   22175 	   45 	   42575 	   47 
 124156 	   12686 	   11 	   15694 	   11 
 120017 	   30645 	   70 	   37344 	   70 
 114683 	   27774 	   22 	   18392 	   21 
 122242 	   22018 	   19 	   20890 	   15 
 124260 	   14841 	   11 	   19983 	   12 
 114402 	   29649 	   27 	   18389 	   31 
 116887 	   23857 	   17 	   16266 	   18 
 121976 	   20148 	   19 	   18509 	   20 
 124183 	   15632 	   18 	   17857 	   17 
 123676 	   18889 	   19 	   20916 	   18 
 122258 	   13886 	   14 	   15144 	   14 
 124197 	   16771 	   37 	   26836 	   41 
 114405 	   28343 	   21 	   20146 	   21 
 122225 	   16168 	   12 	   17245 	   11 
 120177 	   22725 	   18 	   22299 	   20 
 120730 	   18180 	   10 	   16893 	   10 
 123785 	   19859 	   31 	   27577 	   32 
 116252 	   23457 	   29 	   18328 	   26 
 123183 	   13717 	   12 	   14420 	   12 
 121793 	   22097 	   20 	   30633 	   22 
 115143 	   29154 	   37 	   22389 	   34 
 119270 	   20953 	   17 	   18435 	   16 
 121599 	   18051 	   17 	   19789 	   16 
 120804 	   15713 	   13 	   16378 	   13 
 124841 	   20617 	   55 	   31560 	   45 
 126457 	   13382 	   43 	   20451 	   50 
 125075 	   16066 	   24 	   18564 	   24 
 119910 	   24885 	   53 	   22253 	   62 
 120527 	   19219 	   19 	   14454 	   19 
 120702 	   15935 	   12 	   14051 	   12 
 121076 	   21864 	   21 	   21062 	   22 
 120562 	   15333 	   12 	   14135 	   11 
 121819 	   17341 	   17 	   17553 	   17 
 120458 	   23271 	   28 	   18668 	   31 
 121897 	   16340 	   20 	   14044 	   21 
 123926 	   19978 	   18 	   21280 	   19 
 119296 	   20515 	   16 	   17379 	   15 
 121992 	   21824 	   16 	   21997 	   13 
 122196 	   19268 	   17 	   20748 	   17 
 124172 	   20870 	   37 	   30134 	   43 
 117851 	   26789 	   30 	   29441 	   30 
 117220 	   22566 	   16 	   15127 	   18 
 118718 	   20506 	   17 	   18291 	   21 
 119586 	   19079 	   19 	   19957 	   19 
 118874 	   16649 	   14 	   16357 	   14 
 120855 	   20227 	   27 	   21383 	   28 
 126478 	   18836 	   20 	   28537 	   20 
 123352 	   16052 	   29 	   21226 	   26 
 116782 	   28359 	   31 	   19533 	   32 
 118927 	   18338 	   16 	   16789 	   15 
 120193 	   20511 	   22 	   18602 	   22 
 118306 	   30126 	   73 	   25890 	   86 
 122675 	   15789 	   17 	   19129 	   18 
 119214 	   22166 	   16 	   21100 	   17 
 120286 	   21570 	   17 	   22743 	   15 
 120304 	   17064 	   15 	   16084 	   14 
 122780 	   22872 	   21 	   20857 	   20 
 118193 	   29772 	   23 	   28275 	   22 
 118302 	   23194 	   20 	   17401 	   23 
 123064 	   21219 	   40 	   21120 	   43 
 121220 	   14826 	   13 	   16315 	   12 
 120296 	   16829 	   13 	   13616 	   13 
 122723 	   21620 	   24 	   25521 	   27 
 122420 	   17337 	   17 	   18085 	   17 
 121287 	   14729 	   11 	   15479 	   13 
 121806 	   22898 	   29 	   23310 	   30 
 120381 	   19328 	   15 	   19173 	   10 
 116933 	   28908 	   25 	   20176 	   24 
 123773 	   16245 	   17 	   20378 	   13 
 119886 	   23117 	   56 	   18875 	   62 
 125008 	   14410 	   13 	   21614 	   14 
 118451 	   22780 	   16 	   19096 	   16 
 121398 	   21066 	   20 	   24804 	   19 
 124607 	   21833 	   21 	   30748 	   21 
 119588 	   20451 	   14 	   17910 	   12 
 125981 	   20777 	   53 	   35471 	   64 
 124253 	   15184 	   29 	   26086 	   29 
 113943 	   28743 	   49 	   22565 	   52 
 112781 	   32475 	   25 	   23002 	   27 
 122852 	   17330 	   13 	   20353 	   12 
 123386 	   21077 	   27 	   20470 	   30 
 123709 	   16998 	   17 	   17241 	   16 
 122962 	   20640 	   18 	   21980 	   16 
 121622 	   19174 	   17 	   25132 	   16 
 121782 	   16223 	   16 	   14060 	   15 
 122591 	   19673 	   18 	   20254 	   15 
 118446 	   23874 	   33 	   21719 	   32 
 114344 	   29820 	   33 	   20593 	   30 
 123030 	   18365 	   16 	   23793 	   16 
 118365 	   20669 	   18 	   17127 	   16 
 115776 	   27065 	   18 	   18265 	   16 
 124717 	   14339 	   16 	   23971 	   17 
 116359 	   20298 	   12 	   16087 	   13 
 118900 	   23193 	   28 	   23689 	   31 
 123214 	   17175 	   28 	   25177 	   30 
 112154 	   36168 	   34 	   34856 	   32 
 121827 	   15678 	   14 	   20641 	   14 
 109184 	   32521 	   26 	   18387 	   28 
 122012 	   14655 	   14 	   19045 	   15 
 119118 	   23217 	   52 	   21103 	   50 
 121468 	   16449 	   16 	   15839 	   17 
 122311 	   13115 	   13 	   14989 	   12 
 122477 	   15791 	   25 	   16053 	   26 
 122769 	   17219 	   15 	   17698 	   15 
 121784 	   18503 	   27 	   17004 	   28 
 122944 	   14178 	   17 	   16339 	   17 
 121155 	   17647 	   17 	   15283 	   15 
 120928 	   22560 	   22 	   19488 	   19 
 123765 	   14615 	   13 	   16351 	   13 
 121095 	   14382 	   13 	   11458 	   13 
 123470 	   14027 	   35 	   14299 	   35 
 123740 	   15861 	   12 	   16174 	   13 
 124470 	   16361 	   24 	   17267 	   20 
 124087 	   12517 	   14 	   12688 	   14 
 125095 	   15579 	   21 	   16634 	   21 
 124250 	   19496 	   22 	   18888 	   24 
 123849 	   13258 	   12 	   12864 	   12 
 122928 	   15879 	   15 	   14536 	   14 
 124133 	   17839 	   22 	   16401 	   19 
 123797 	   16791 	   20 	   16190 	   19 
 127197 	   17420 	   73 	   31643 	   83 
 127177 	   15822 	   42 	   22806 	   45 
 124030 	   14576 	   13 	   15741 	   13 
 120396 	   21373 	   46 	   19250 	   52 
 120655 	   18036 	   18 	   20376 	   18 
 116200 	   21423 	   16 	   16136 	   15 
 118559 	   22554 	   14 	   19487 	   11 
 119796 	   18692 	   15 	   16749 	   17 
 120089 	   18366 	   16 	   18314 	   15 
 120682 	   21394 	   27 	   25907 	   35 
 124614 	   17886 	   36 	   29175 	   34 
 117773 	   18388 	   15 	   18255 	   18 
 116047 	   19968 	   14 	   15313 	   16 
 113856 	   26917 	   24 	   17145 	   24 
 120568 	   17360 	   18 	   22096 	   19 
 117995 	   23422 	   29 	   19512 	   30 
 121418 	   18333 	   17 	   17398 	   22 
 120313 	   19742 	   17 	   18830 	   15 
 120000 	   22050 	   24 	   16830 	   21 
 123797 	   16582 	   18 	   18805 	   17 
 121065 	   18339 	   20 	   16224 	   18 
 123923 	   16236 	   29 	   22258 	   30 
 124486 	   15588 	   31 	   22758 	   28 
 118708 	   25943 	   30 	   27120 	   28 
 115822 	   24171 	   19 	   17305 	   26 
 118885 	   22053 	   30 	   18657 	   27 
 119216 	   18466 	   13 	   15295 	   13 
 120645 	   24432 	  100 	   26243 	  102 
 120357 	   16851 	   11 	   14936 	   10 
 122221 	   15062 	   16 	   15155 	   16 
 120900 	   22039 	   18 	   22637 	   17 
 120258 	   16499 	   14 	   16267 	   14 
 122503 	   16062 	   22 	   23387 	   19 
 114301 	   27883 	   33 	   22101 	   36 
 120159 	   18453 	   16 	   17722 	   16 
 121426 	   14173 	   18 	   16964 	   16 
 118891 	   20068 	   19 	   19972 	   16 
 119657 	   19237 	   18 	   19601 	   18 
 118781 	   18429 	   42 	   18706 	   45 
 120876 	   15522 	   15 	   20074 	   16 
 115955 	   24314 	   22 	   19427 	   20 
 119616 	   20018 	   19 	   21713 	   16 
 120092 	   15837 	   20 	   16512 	   18 
 118129 	   19056 	   17 	   19620 	   14 
 118296 	   22762 	   30 	   26325 	   33 
 116198 	   20770 	   17 	   18635 	   19 
 118859 	   14448 	   12 	   14538 	   13 
 119007 	   16276 	   19 	   16073 	   18 
 118239 	   16769 	   18 	   17629 	   14 
 119041 	   20845 	   69 	   24501 	   75 
 119071 	   20054 	   19 	   22066 	   19 
 116315 	   19876 	   19 	   16235 	   16 
 118717 	   19060 	   22 	   19033 	   21 
 119254 	   19553 	   18 	   20552 	   15 
 120069 	   18838 	   37 	   21802 	   39 
 119379 	   18164 	   18 	   17817 	   18 
 119879 	   19963 	   20 	   18734 	   18 
 120700 	   20047 	   29 	   20588 	   25 
 120652 	   16947 	   20 	   17369 	   18 
 120093 	   16800 	   17 	   17604 	   16 
 118747 	   20054 	   35 	   20056 	   41 
 118369 	   18520 	   20 	   18234 	   18 
 118107 	   18762 	   23 	   19876 	   21 
 118704 	   13240 	   21 	   17361 	   16 
 119799 	   12171 	   12 	   15180 	   11 
 119663 	   17895 	   32 	   19081 	   34 
 119752 	   20568 	   20 	   20688 	   18 
 119493 	   18789 	   23 	   18213 	   23 
 120629 	   12290 	   12 	   13615 	   11 
 121370 	   14771 	   19 	   16665 	   16 
 119098 	   23046 	   68 	   28068 	   77 
 115397 	   24301 	   19 	   22292 	   18 
 115369 	   22481 	   18 	   20810 	   18 
 118037 	   17425 	   18 	   16004 	   17 
 117741 	   18815 	   19 	   19023 	   15 
 116982 	   21947 	   31 	   22179 	   37 
 118033 	   16489 	   20 	   17878 	   19 
 117889 	   16598 	   24 	   20052 	   23 
 119539 	   13395 	   13 	   14512 	   12 
 118206 	   16111 	   17 	   18746 	   15 
 123467 	   16779 	   41 	   24932 	   40 
 116739 	   22544 	   23 	   17679 	   19 
 119669 	   15882 	   12 	   17438 	   13 
 121695 	   21789 	   20 	   24626 	   20 
 118833 	   26360 	   26 	   27473 	   22 
 118591 	   21341 	   35 	   16568 	   38 
 119397 	   15103 	   14 	   15488 	   13 
 118814 	   17053 	   18 	   18327 	   18 
 118913 	   23110 	   25 	   26602 	   20 
 116686 	   23891 	   25 	   20701 	   20 
 121425 	   14986 	   16 	   18406 	   15 
 130439 	   19129 	   58 	   60338 	   78 
 125248 	   13089 	   24 	   35994 	   23 
 125695 	   11292 	   12 	   35157 	   10 
 122844 	   11500 	   16 	   25351 	   13 
 120119 	   15536 	   31 	   16704 	   34 
 120808 	   14236 	   19 	   15247 	   17 
 120994 	   16265 	   20 	   17382 	   17 
 121561 	   13913 	   17 	   14956 	   15 
 121768 	   12458 	   42 	   12962 	   43 
 120215 	   11379 	   14 	   12317 	   13 
 120862 	   13494 	   17 	   15746 	   16 
 119734 	   17493 	   22 	   18553 	   18 
 120814 	   17582 	   22 	   18740 	   19 
 121445 	   18125 	   31 	   17430 	   30 
 122482 	   10912 	   13 	   11520 	   12 
 124342 	   15315 	   19 	   18074 	   19 
 123300 	   20805 	   22 	   21305 	   22 
 123160 	   18508 	   25 	   20281 	   21 
 122564 	   17733 	   18 	   15648 	   18 
  93237 	  154226 	  164 	   35907 	  166 
 123447 	   17111 	   16 	   19387 	   16 
 126833 	   13712 	   16 	   19036 	   17 
 125658 	   16509 	   53 	   22967 	   58 
 125804 	   16208 	   20 	   18977 	   23 
 128174 	   23031 	   44 	   32299 	   49 
 124399 	   19370 	   17 	   22371 	   16 
 122779 	   21290 	   17 	   18794 	   18 
 126092 	   15355 	   14 	   19764 	   15 
 121406 	   21778 	   23 	   21133 	   22 
 121643 	   19664 	   14 	   16207 	   14 
 123010 	   21750 	   22 	   20358 	   21 
 123393 	   21714 	   15 	   20982 	   15 
 118771 	   27306 	   31 	   19230 	   31 
 125410 	   30324 	   31 	   35081 	   35 
 125685 	   14706 	   15 	   17876 	   15 
 125939 	   19284 	   19 	   21840 	   20 
 123822 	   17036 	   12 	   16336 	   10 
 123548 	   23496 	   21 	   21502 	   20 
 123344 	   18129 	   14 	   17105 	   15 
 122844 	   19901 	   22 	   22095 	   21 
 121791 	   20363 	   15 	   17033 	   13 
 126548 	   18147 	   19 	   23008 	   18 
 121928 	   22243 	   16 	   17699 	   16 
 122192 	   24777 	   30 	   19051 	   26 
 122591 	   31198 	   36 	   29781 	   38 
 124093 	   19726 	   13 	   18869 	   12 
 127527 	   19872 	   18 	   25421 	   18 
 124795 	   15183 	   12 	   16748 	   12 
 125352 	   18303 	   18 	   20030 	   18 
 124040 	   17446 	   12 	   17625 	   11 
 122993 	   23319 	   26 	   19750 	   28 
 123588 	   18625 	   11 	   16364 	   12 
 117091 	   28611 	   28 	   19238 	   28 
 126331 	   31950 	   48 	   46723 	   55 
 121784 	   19530 	   13 	   17718 	   14 
 123633 	   20783 	   18 	   24293 	   17 
 124301 	   16033 	   12 	   17831 	   13 
 120477 	   24009 	   20 	   20036 	   20 
 123290 	   15688 	   15 	   20189 	   14 
 126266 	   19275 	   57 	   28551 	   61 
 128412 	   14082 	   22 	   23291 	   22 
 121205 	   17822 	   12 	   14530 	   11 
 123927 	   22669 	   24 	   20808 	   24 
 120527 	   20165 	   17 	   15320 	   17 
 123549 	   15988 	    9 	   15290 	    9 
 124032 	   23282 	   24 	   23182 	   24 
 119229 	   23613 	   14 	   15286 	   14 
 124120 	   14860 	   18 	   16456 	   18 
 127570 	   14144 	   17 	   21298 	   16 
 122307 	   13635 	   15 	   13164 	   13 
 120492 	   33058 	   37 	   26868 	   38 
 124320 	   17280 	   18 	   21131 	   19 
 129445 	   21648 	   32 	   34633 	   31 
 125503 	   13488 	   11 	   18384 	   12 
 116138 	   28311 	   13 	   16718 	   16 
 122032 	   18830 	   18 	   19356 	   18 
 125858 	   13457 	   18 	   21838 	   17 
 126786 	   18446 	   48 	   26407 	   49 
 120949 	   17448 	   13 	   14558 	   13 
 123100 	   14553 	   18 	   14856 	   17 
 122288 	   13161 	   14 	   11936 	   14 
 122712 	   14815 	   12 	   13797 	   12 
 123043 	   16098 	   33 	   14456 	   31 
 123504 	   11678 	   13 	   11640 	   13 
 124207 	   13492 	   15 	   13981 	   18 
 123524 	   18149 	   13 	   17496 	   13 
 125727 	   13878 	   15 	   18393 	   15 
 122637 	   20712 	   27 	   15403 	   26 
 129492 	   19429 	   31 	   30787 	   33 
 120307 	   15068 	   12 	   11710 	   13 
 117829 	   24030 	   19 	   13761 	   18 
 121114 	   20715 	   19 	   19608 	   18 
 124833 	   16438 	   16 	   23545 	   16 
 125192 	   18900 	   24 	   27286 	   24 
 122457 	   14731 	   13 	   14227 	   13 
 123409 	   17716 	   16 	   17673 	   18 
 122279 	   18700 	   15 	   19292 	   14 
 130682 	   18861 	   75 	   35181 	   80 
 123310 	   15936 	   13 	   14040 	   13 
 120957 	   28345 	   25 	   23312 	   25 
 123500 	   19776 	   14 	   22961 	   12 
 122326 	   19758 	   14 	   20319 	   14 
 117738 	   27421 	   25 	   18910 	   24 
 117174 	   33119 	   37 	   23333 	   35 
 115249 	   28709 	   22 	   15917 	   22 
 113295 	   33127 	   82 	   15074 	   84 
 115105 	   30261 	   35 	   13192 	   41 
 120559 	   16932 	   11 	   16249 	   10 
 122278 	   32347 	   62 	   38285 	   67 
 123720 	   17342 	   16 	   21479 	   15 
 122308 	   16652 	   13 	   17750 	   13 
 124401 	   21596 	   29 	   28821 	   28 
 123790 	   20127 	   17 	   28808 	   17 
 119914 	   17015 	   12 	   15956 	   12 
 118635 	   22309 	   20 	   18337 	   19 
 118283 	   27793 	   21 	   26831 	   24 
 122491 	   17876 	   17 	   24677 	   17 
 120124 	   23807 	   31 	   25358 	   34 
 119334 	   23958 	   22 	   19681 	   23 
 120051 	   22511 	   13 	   22813 	   10 
 120156 	   19110 	   12 	   20739 	   12 
 119185 	   22437 	   25 	   20129 	   22 
 118062 	   24306 	   18 	   21585 	   18 
 112115 	   34850 	   28 	   22031 	   29 
 112503 	   29261 	   18 	   18954 	   17 
 115536 	   37352 	   42 	   38661 	   43 
 122933 	   21466 	   25 	   34443 	   23 
 123292 	   18788 	   17 	   32242 	   18 
 115173 	   22516 	   11 	   18432 	   12 
 118983 	   21991 	   16 	   26170 	   16 
 116473 	   23391 	   28 	   25011 	   28 
 121818 	   14975 	   14 	   21257 	   14 
 120308 	   19726 	   11 	   21012 	   12 
 117158 	   26878 	   23 	   23483 	   24 
 117259 	   26245 	   19 	   25580 	   23 
 121727 	   20330 	   19 	   28001 	   19 
 117634 	   18091 	   12 	   18554 	   12 
 119603 	   20068 	   18 	   20748 	   18 
 127547 	   17679 	   21 	   32647 	   22 
 112343 	   31765 	   17 	   15749 	   18 
 118426 	   23912 	   17 	   23392 	   20 
 123620 	   14523 	   20 	   24206 	   17 
 118405 	   26542 	   37 	   28041 	   40 
 111012 	   34983 	   43 	   15197 	   47 
 114919 	   21152 	   11 	   14913 	   14 
 113324 	   27505 	   17 	   19854 	   17 
 115817 	   31299 	   35 	   32477 	   35 
 123248 	   16813 	   18 	   24958 	   16 
 115389 	   25593 	   15 	   27762 	   19 
 113580 	   24059 	   14 	   21383 	   13 
 114987 	   21349 	   14 	   23254 	   13 
 124632 	   22640 	   31 	   41572 	   29 
 111302 	   26793 	   12 	   19739 	   13 
 119898 	   23811 	   10 	   34021 	   12 
 118591 	   26243 	   63 	   32556 	   76 
 122952 	   19086 	   19 	   18358 	   20 
 123331 	   19983 	   21 	   19851 	   19 
 123108 	   14173 	   11 	   13876 	    9 
 123257 	   15809 	   21 	   16545 	   21 
 124429 	   19361 	   21 	   19569 	   20 
 122792 	   15365 	   14 	   13548 	   14 
 126872 	   14980 	   26 	   21745 	   27 
 126845 	   16874 	   41 	   22380 	   42 
 123017 	   15509 	   15 	   14692 	   15 
 124014 	   15875 	   21 	   16461 	   19 
 121886 	   21526 	   21 	   19139 	   19 
 123177 	   12202 	   14 	   12620 	   14 
 123284 	   15804 	   22 	   15296 	   18 
 124123 	   22319 	   28 	   20889 	   30 
 123105 	   15485 	   12 	   15065 	   12 
 126060 	   21091 	   26 	   26765 	   25 
 123227 	   14276 	   13 	   14142 	   14 
 123942 	   14450 	   18 	   15141 	   17 
 123948 	   19678 	   47 	   19143 	   51 
 125339 	   18319 	   19 	   18973 	   19 
 124898 	   19654 	   15 	   19733 	   14 
 118292 	   30675 	   26 	   18573 	   24 
 121313 	   18528 	   12 	   15087 	   12 
 121710 	   21718 	   55 	   17457 	   58 
 120398 	   20873 	   30 	   14889 	   28 
 123522 	   24631 	   54 	   27487 	   57 
 126232 	   20011 	   23 	   27231 	   23 
 121687 	   17380 	   14 	   14657 	   12 
 122995 	   22075 	   21 	   22119 	   21 
 120801 	   18885 	   20 	   16717 	   21 
 121028 	   20785 	   16 	   20856 	   16 
 122056 	   17080 	   13 	   19464 	   11 
 117980 	   25236 	   22 	   19915 	   20 
 121474 	   18007 	   12 	   17836 	   14 
 118821 	   23728 	   31 	   22227 	   35 
 123189 	   19905 	   27 	   27842 	   26 
 123123 	   17022 	   16 	   18065 	   16 
 122975 	   17009 	   16 	   16692 	   15 
 122246 	   18823 	   15 	   19829 	   16 
 122586 	   17105 	   15 	   18115 	   17 
 122625 	   16444 	   18 	   17406 	   16 
 119913 	   22586 	   21 	   21334 	   25 
 117184 	   23895 	   27 	   17144 	   28 
 120059 	   24863 	   28 	   25198 	   30 
 119107 	   19533 	   13 	   19595 	   12 
 120172 	   23694 	   21 	   26791 	   21 
 119139 	   20186 	   13 	   20491 	   13 
 120479 	   20805 	   44 	   21200 	   43 
 122584 	   11200 	   12 	   11340 	   13 
 123054 	   13393 	   21 	   13072 	   21 
 122488 	   16304 	   22 	   15730 	   19 
 122937 	   14387 	   19 	   14257 	   17 
 122881 	   12290 	   12 	   11623 	   12 
 123725 	   17946 	   26 	   18519 	   29 
 122970 	   17010 	   17 	   15571 	   19 
 124937 	   20015 	   21 	   22732 	   22 
 123256 	   13029 	   10 	   12964 	   11 
 124088 	   14760 	   16 	   15306 	   15 
 123160 	   19186 	   36 	   18440 	   34 
 123772 	   14890 	   23 	   15486 	   17 
 123761 	   12972 	   17 	   12739 	   16 
 124497 	   15756 	   22 	   16089 	   21 
 123457 	   18091 	   21 	   16680 	   22 
 125424 	   12376 	   17 	   14298 	   16 
 123926 	   14505 	   26 	   13679 	   26 
 123952 	   17563 	   19 	   17545 	   20 
 123633 	   19778 	   21 	   17943 	   20 
 124342 	   13920 	   18 	   13544 	   18 
 120214 	   27460 	   57 	   20640 	   60 
 124278 	   15526 	   55 	   17811 	   67 
 125937 	   15674 	   27 	   20062 	   28 
 122554 	   20838 	   60 	   21291 	   56 
 122961 	   13662 	   13 	   14768 	   12 
 120994 	   18070 	   18 	   17874 	   17 
 121896 	   18808 	   16 	   20192 	   14 
 123095 	   13783 	   15 	   14692 	   15 
 120552 	   19517 	   20 	   17949 	   17 
 120175 	   21336 	   25 	   19997 	   28 
 120513 	   19143 	   29 	   16299 	   30 
 121007 	   21129 	   29 	   25209 	   30 
 117580 	   20843 	   15 	   19973 	   13 
 119166 	   22882 	   22 	   23359 	   22 
 117902 	   20889 	   14 	   21208 	   12 
 119325 	   21601 	   29 	   20994 	   29 
 123080 	   14119 	   15 	   13672 	   16 
 122469 	   16955 	   16 	   17916 	   16 
 121425 	   21096 	   17 	   19338 	   17 
 122539 	   17904 	   19 	   17396 	   16 
 121695 	   20489 	   19 	   21266 	   17 
 121105 	   23617 	   30 	   22136 	   31 
 122236 	   17395 	   30 	   19342 	   29 
 121140 	   17398 	   19 	   18777 	   18 
 121022 	   22919 	   31 	   23815 	   32 
 120234 	   17969 	   14 	   18255 	   13 
 119161 	   21258 	   24 	   18570 	   25 
 116527 	   29307 	  106 	   23778 	  114 
 119677 	   17585 	   13 	   19835 	   14 
 117941 	   22894 	   18 	   22256 	   18 
 116914 	   23689 	   20 	   22057 	   20 
 119840 	   17496 	   13 	   18830 	   13 
 115594 	   24512 	   13 	   18236 	   11 
 117516 	   26742 	   26 	   30280 	   25 
 112125 	   28132 	   18 	   17907 	   17 
 122414 	   20242 	   22 	   31594 	   23 
 114948 	   25720 	   23 	   25153 	   25 
 115640 	   22534 	   14 	   21013 	   14 
 113866 	   22781 	   13 	   17983 	   14 
 117525 	   25154 	   48 	   26681 	   48 
 119356 	   20755 	   19 	   23591 	   21 
 116767 	   18424 	   10 	   17430 	   11 
 117609 	   21759 	   22 	   20224 	   22 
 114311 	   25699 	   13 	   22105 	   13 
 117017 	   24577 	   28 	   29077 	   27 
 116979 	   17405 	   14 	   18127 	   15 
 115691 	   19021 	   14 	   19145 	   15 
 113371 	   24091 	   23 	   22836 	   23 
 115304 	   22504 	   13 	   22531 	   14 
 109853 	   30463 	   56 	   19549 	   53 
 111757 	   33725 	   25 	   25309 	   26 
 123776 	   18308 	   14 	   32497 	   14 
 113440 	   26374 	   21 	   24996 	   25 
 115161 	   22472 	   13 	   24405 	   13 
 115053 	   19748 	   13 	   20570 	   14 
 104863 	   42074 	   26 	   18449 	   28 
 114282 	   25075 	   14 	   22015 	   14 
 125340 	   22321 	   26 	   40063 	   30 
 107904 	   34135 	   23 	   21170 	   25 
 121641 	   23600 	   17 	   37713 	   15 
 114948 	   24900 	   50 	   26880 	   48 
 114612 	   20826 	   20 	   19493 	   19 
 114311 	   19905 	   15 	   17689 	   12 
 113327 	   22305 	   25 	   22594 	   23 
 113349 	   20646 	   11 	   17748 	   11 
 112968 	   26672 	   32 	   22232 	   31 
 112542 	   25833 	   15 	   23694 	   13 
 112578 	   25891 	   17 	   25780 	   16 
 116427 	   23184 	   30 	   24524 	   28 
 112729 	   28222 	   17 	   23021 	   18 
 119767 	   22763 	   82 	   27124 	   98 
 118250 	   17521 	   12 	   17743 	   13 
 117356 	   17009 	   13 	   15840 	   13 
 116011 	   26175 	   25 	   25821 	   22 
 117790 	   23431 	   15 	   23599 	   15 
 116737 	   22019 	   24 	   22057 	   24 
 117357 	   15128 	   12 	   16471 	   13 
 115072 	   17416 	   11 	   16542 	   12 
 114535 	   21648 	   22 	   20700 	   20 
 115022 	   21893 	   11 	   21676 	   12 
 117930 	   22579 	   46 	   22836 	   43 
 119857 	   18646 	   17 	   18731 	   17 
 118846 	   18385 	   16 	   19141 	   15 
 118841 	   22605 	   16 	   22750 	   20 
 120363 	   22967 	   23 	   25180 	   20 
 119836 	   18675 	   17 	   16971 	   17 
 118214 	   25630 	   26 	   26756 	   29 
 116800 	   22510 	   14 	   21729 	   16 
 119153 	   19200 	   26 	   19865 	   23 
 119879 	   17978 	   13 	   18085 	   13 
 119836 	   23510 	   18 	   24397 	   18 
 101732 	   45179 	   47 	   24072 	   50 
 104320 	   42013 	   12 	   26573 	   12 
 108034 	   33487 	   25 	   27847 	   23 
 110734 	   25931 	   12 	   21819 	   13 
 115517 	   21503 	   28 	   19359 	   30 
 115944 	   22825 	   18 	   20589 	   16 
 116514 	   20712 	   30 	   20929 	   29 
 117618 	   15350 	   13 	   13956 	   13 
 117469 	   21843 	   17 	   17443 	   17 
 119743 	   17691 	   47 	   21263 	   46 
 118081 	   18884 	   15 	   18721 	   15 
 119891 	   18783 	   29 	   19019 	   26 
 119586 	   18856 	   20 	   18702 	   19 
 121752 	   19136 	   16 	   20200 	   15 
 120104 	   20795 	   30 	   19706 	   33 
 120314 	   22116 	   17 	   20159 	   17 
 123158 	   23304 	   33 	   22170 	   28 
 123021 	   15416 	   18 	   18892 	   17 
 123748 	   15808 	   18 	   15899 	   16 
 170019 	   54502 	  116 	  111421 	  122 
 130213 	   24490 	   68 	   29792 	   70 
 125590 	   19364 	   25 	   19286 	   25 
 125177 	   13032 	   13 	   13420 	   13 
 124341 	   16867 	   17 	   16752 	   14 
 124720 	   17332 	   14 	   17191 	   14 
 124020 	   13853 	   11 	   13741 	   10 
 123394 	   19535 	   22 	   16094 	   20 
 123333 	   23483 	   35 	   19800 	   33 
 127162 	   33463 	   60 	   38750 	   59 
 123425 	   16329 	   14 	   14309 	   14 
 124786 	   12890 	   11 	   14725 	   11 
 123842 	   17535 	   14 	   16788 	   14 
 124714 	   17739 	   14 	   17835 	   13 
 126255 	   19112 	   24 	   21624 	   24 
 123569 	   19028 	   23 	   18900 	   21 
 122983 	   20360 	   19 	   19972 	   19 
 122870 	   17353 	   11 	   17151 	   10 
 121760 	   21973 	   14 	   21885 	   14 
 122069 	   18182 	   14 	   19317 	   14 
 121693 	   24059 	   25 	   21766 	   26 
 121152 	   17606 	   12 	   16592 	   12 
 122157 	   20954 	   22 	   19482 	   20 
 123726 	   16440 	   20 	   16714 	   19 
 122074 	   22105 	   15 	   21338 	   15 
 122204 	   23269 	   15 	   24799 	   16 
 123004 	   24740 	   56 	   28477 	   60 
 118134 	   31184 	   19 	   25434 	   17 
 118528 	   24897 	   14 	   24630 	   12 
 121702 	   18503 	   13 	   20091 	   13 
 120569 	   20759 	   30 	   18709 	   23 
 120079 	   24063 	   29 	   20469 	   28 
 123166 	   15879 	   13 	   16708 	   11 
 123543 	   24885 	   37 	   24200 	   38 
 121647 	   18881 	   15 	   18964 	   15 
 120680 	   23918 	   14 	   21877 	   14 
 123685 	   15450 	   14 	   16362 	   13 
 122259 	   25371 	   22 	   26054 	   20 
 122469 	   23588 	   24 	   26491 	   22 
 119546 	   21462 	   12 	   21292 	   11 
 119124 	   25652 	   28 	   21985 	   26 
 122190 	   19360 	   31 	   20257 	   30 
 121482 	   20593 	   22 	   20601 	   20 
 119776 	   22401 	   17 	   22586 	   15 
 118734 	   26382 	   19 	   25031 	   19 
 118054 	   30708 	   44 	   30878 	   40 
 118455 	   21552 	   16 	   21856 	   15 
 122190 	   27072 	   35 	   31515 	   34 
 117074 	   25703 	   20 	   21209 	   17 
 116294 	   28294 	   19 	   26044 	   18 
 116887 	   23222 	   12 	   25227 	   13 
 117644 	   33179 	   24 	   36324 	   26 
 109989 	   34923 	   18 	   25514 	   14 
 114043 	   28883 	   11 	   30977 	   12 
 120411 	   25097 	   22 	   29779 	   22 
 117558 	   26078 	   18 	   25948 	   18 
 118926 	   20949 	   14 	   19319 	   13 
 121158 	   19029 	   15 	   20799 	   16 
 118852 	   30665 	   32 	   39091 	   33 
 124126 	   29769 	  105 	   38367 	  116 
 120754 	   22867 	   29 	   23643 	   33 
 120791 	   21405 	   23 	   19965 	   20 
 121522 	   22675 	   19 	   23955 	   17 
 120625 	   19045 	   21 	   19471 	   20 
 121000 	   17449 	   11 	   18076 	   10 
 117438 	   31658 	   31 	   28723 	   29 
 118294 	   23629 	   13 	   24040 	   12 
 119847 	   25548 	   14 	   26483 	   16 
 121520 	   20352 	   16 	   20599 	   17 
 122447 	   20436 	   16 	   21764 	   15 
 118628 	   24776 	   20 	   21423 	   19 
 120797 	   19426 	   15 	   20269 	   13 
 120689 	   33831 	   52 	   39126 	   51 
 119761 	   16704 	   14 	   13637 	   12 
 120178 	   17996 	   18 	   17696 	   14 
 121001 	   22014 	   26 	   20935 	   25 
 120804 	   18269 	   15 	   18229 	   14 
 121615 	   15802 	   18 	   15024 	   15 
 117578 	   35980 	   32 	   31814 	   31 
 119645 	   19870 	   12 	   21877 	   13 
 119369 	   23171 	   30 	   21760 	   29 
 120176 	   17872 	   16 	   17097 	   15 
 121189 	   16470 	   21 	   17325 	   20 
 121374 	   18383 	   23 	   20169 	   19 
 116571 	   33421 	   51 	   27220 	   48 
 110863 	   39583 	   42 	   34202 	   39 
 116316 	   25359 	   12 	   23644 	   12 
 118991 	   24390 	   14 	   22827 	   15 
 118156 	   22484 	   13 	   25972 	   13 
 113836 	   36221 	   21 	   33327 	   20 
 119111 	   20467 	   12 	   17267 	   12 
 117840 	   23930 	   17 	   25052 	   15 
 114868 	   31801 	   26 	   30927 	   25 
 116404 	   25961 	   14 	   32268 	   18 
 117746 	   27595 	   24 	   33323 	   22 
 112931 	   28077 	   18 	   22500 	   18 
 115912 	   23019 	   12 	   20793 	    8 
 119434 	   32655 	   31 	   45789 	   31 
 111552 	   41515 	   45 	   34384 	   45 
 116662 	   23928 	   13 	   25490 	   13 
 117794 	   23433 	   24 	   20864 	   27 
 117087 	   27009 	   29 	   21038 	   29 
 114175 	   28393 	   23 	   20509 	   21 
 118699 	   22892 	   15 	   26850 	   16 
 117780 	   29767 	   30 	   28386 	   29 
 114155 	   28627 	   21 	   26835 	   21 
 114374 	   22736 	   15 	   21781 	   14 
 123046 	   27937 	   30 	   41138 	   29 
 118675 	   21973 	   21 	   24222 	   20 
 117321 	   23605 	   14 	   27194 	   14 
 116057 	   34246 	   41 	   39569 	   41 
 118104 	   24557 	   17 	   27021 	   15 
 119173 	   20940 	   28 	   23058 	   29 
 121255 	   20833 	   18 	   20990 	   19 
 116441 	   28127 	   23 	   26755 	   22 
 120262 	   23499 	   22 	   27969 	   21 
 120336 	   23385 	   95 	   27749 	  101 
 120730 	   20725 	   22 	   19166 	   21 
 121178 	   19389 	   18 	   21610 	   18 
 121685 	   18327 	   22 	   17245 	   28 
 123298 	   21998 	   19 	   21885 	   19 
 120913 	   24985 	   36 	   22790 	   36 
 118652 	   22401 	   18 	   20646 	   18 
 120822 	   20525 	   29 	   19055 	   29 
 121356 	   21247 	   26 	   19714 	   25 
 120978 	   16010 	   15 	   16024 	   14 
 122263 	   20455 	   24 	   23856 	   23 
 122710 	   16262 	   21 	   17603 	   21 
 124163 	   19933 	   46 	   19715 	   54 
 123225 	   19441 	   19 	   19921 	   20 
 123743 	   22568 	   26 	   20910 	   21 
 123102 	   19656 	   22 	   19395 	   21 
 125318 	   19705 	   26 	   22102 	   22 
 123590 	   26581 	   39 	   21923 	   36 
 122740 	   17411 	   15 	   17480 	   13 
 120699 	   26488 	   24 	   20665 	   25 
 121391 	   28474 	   25 	   26045 	   24 
 125310 	   18143 	   25 	   19862 	   23 
 122750 	   17555 	   12 	   19122 	   14 
 126777 	   20659 	   22 	   25496 	   20 
 120523 	   24709 	   68 	   25072 	   63 
 116229 	   28799 	   24 	   21945 	   29 
 119160 	   21230 	   13 	   19736 	   13 
 115556 	   29439 	   34 	   22252 	   34 
 116901 	   21944 	   19 	   22035 	   17 
 121139 	   30495 	   29 	   35585 	   28 
 116265 	   27690 	   18 	   21689 	   19 
 120002 	   21920 	   15 	   25553 	   15 
 118752 	   26743 	   22 	   27628 	   20 
 119853 	   20925 	   15 	   25992 	   13 
 119001 	   25158 	   23 	   25542 	   24 
 122880 	   26798 	   54 	   30762 	   52 
 120296 	   19865 	   14 	   15897 	   15 
 121458 	   29760 	   27 	   26864 	   28 
 121759 	   22775 	   20 	   21432 	   20 
 124485 	   18828 	   17 	   21478 	   15 
 122225 	   27642 	   35 	   23249 	   32 
 121359 	   21099 	   17 	   20969 	   18 
 124979 	   23884 	   28 	   26236 	   22 
 123353 	   23868 	   24 	   23923 	   24 
 124882 	   19848 	   18 	   22569 	   18 
 121903 	   28762 	   28 	   22782 	   28 
 121029 	   22126 	   16 	   24182 	   13 
 128031 	   20558 	   25 	   30176 	   23 
 118384 	   29322 	   41 	   23273 	   43 
 120467 	   22435 	   21 	   25292 	   20 
 119911 	   25911 	   21 	   30113 	   19 
 119857 	   22389 	   18 	   20543 	   19 
 123963 	   19903 	   23 	   26370 	   23 
 119085 	   26990 	   37 	   21914 	   42 
 124166 	   21457 	   24 	   25970 	   22 
 122929 	   24852 	   23 	   27995 	   21 
 125253 	   17427 	   16 	   21995 	   16 
 129080 	   29408 	  147 	   44157 	  155 
 123702 	   17134 	   21 	   17619 	   25 
 126975 	   19666 	   50 	   28073 	   52 
 124039 	   15591 	   15 	   17257 	   16 
 126646 	   19446 	   41 	   27974 	   46 
 127249 	   20414 	   20 	   27969 	   19 
 122380 	   17566 	   14 	   14753 	   15 
 123607 	   18956 	   20 	   20671 	   21 
 125036 	   19075 	   20 	   21952 	   21 
 123253 	   18512 	   16 	   17413 	   15 
 122544 	   24162 	   31 	   22691 	   29 
 124175 	   18145 	   13 	   18182 	   13 
 122853 	   17398 	   12 	   14513 	   12 
 117081 	   35543 	   26 	   21985 	   29 
 122100 	   19426 	   14 	   16177 	   12 
 123642 	   20965 	   29 	   21762 	   24 
 123794 	   19829 	   15 	   19268 	   15 
 120220 	   25309 	   20 	   18426 	   19 
 122848 	   27136 	   44 	   27413 	   48 
 123352 	   15324 	   15 	   20014 	   16 
 125401 	   20716 	   16 	   25595 	   16 
 124557 	   18970 	   11 	   19463 	   11 
 121811 	   28308 	   25 	   24661 	   25 
 123089 	   20411 	   17 	   21673 	   16 
 124310 	   14374 	   15 	   16802 	   14 
 121865 	   18822 	   21 	   17833 	   22 
 124060 	   20639 	   12 	   23138 	   12 
 124961 	   16197 	   14 	   18097 	   14 
 121285 	   26233 	   19 	   24409 	   19 
 124702 	   17874 	   20 	   22552 	   19 
 124992 	   14522 	   12 	   17789 	   12 
 119198 	   24086 	   28 	   15524 	   30 
 123675 	   15848 	   13 	   18865 	   11 
 119359 	   40943 	   47 	   40525 	   56 
 123195 	   19168 	   16 	   23014 	   16 
 124385 	   17327 	   15 	   21367 	   14 
 121244 	   18301 	   13 	   15799 	   14 
 122896 	   18089 	   16 	   20210 	   16 
 122738 	   19795 	   21 	   22611 	   22 
 129258 	   24525 	   54 	   37620 	   60 
 123247 	   15842 	   11 	   16838 	   11 
 121660 	   21621 	   21 	   17586 	   21 
 126164 	   25504 	   23 	   28949 	   25 
 123512 	   19128 	   11 	   17791 	   11 
 119251 	   26377 	   16 	   17964 	   13 
 123753 	   21331 	   22 	   23546 	   23 
 121528 	   18306 	   14 	   14041 	   13 
 122896 	   15191 	   17 	   15398 	   18 
 123274 	   20711 	   23 	   21373 	   25 
 125749 	   16966 	   17 	   22492 	   16 
 121782 	   19646 	   22 	   16614 	   23 
 125363 	   30420 	   37 	   35135 	   41 
 123208 	   15288 	   10 	   13748 	   10 
 127883 	   20041 	   29 	   31251 	   30 
 120272 	   20824 	   12 	   16603 	   14 
 122245 	   14346 	   15 	   13886 	   15 
 124998 	   19567 	   22 	   25539 	   22 
 125555 	   18020 	   49 	   25427 	   50 
 122578 	   11368 	   14 	   11556 	   14 
 121922 	   14599 	   19 	   12584 	   19 
 123141 	   16275 	   23 	   16475 	   26 
 125148 	   16898 	   18 	   20053 	   18 
 120641 	   15057 	   13 	   10703 	   14 
 122863 	   16310 	   32 	   14418 	   32 
 124293 	   17042 	   18 	   17652 	   19 
 123793 	   15994 	   24 	   15028 	   28 
 123284 	   12089 	   12 	   12515 	   12 
 129598 	   13718 	   21 	   23546 	   21 
 118953 	   27173 	   33 	   16049 	   37 
 126929 	   15528 	   22 	   23971 	   21 
 117338 	   25528 	   19 	   14801 	   21 
 123573 	   19226 	   18 	   21628 	   18 
 125271 	   14820 	   17 	   21601 	   17 
 121824 	   13399 	   12 	   15399 	   12 
 123729 	   15391 	   25 	   18148 	   25 
 123002 	   18432 	   16 	   18770 	   17 
 122219 	   16196 	   13 	   14292 	   13 
 123939 	   16041 	   20 	   21438 	   17 
 127384 	   24528 	   71 	   31074 	   62 
 119112 	   25048 	   25 	   17152 	   25 
 124687 	   13560 	   13 	   18203 	   13 
 122764 	   18250 	   14 	   19096 	   15 
 119370 	   23793 	   21 	   20413 	   19 
 115104 	   34165 	   38 	   18902 	   40 
 118792 	   20676 	   20 	   15355 	   20 
 115157 	   27407 	   85 	   14092 	   92 
 113404 	   33573 	   41 	   13411 	   43 
 116423 	   25441 	   18 	   16227 	   19 
 123302 	   23175 	   70 	   28509 	   74 
 123496 	   18972 	   21 	   25660 	   21 
 120607 	   23779 	   20 	   24102 	   16 
 122217 	   16690 	   14 	   19891 	   15 
 123711 	   20690 	   28 	   29341 	   27 
 121327 	   19181 	   16 	   22468 	   17 
 121217 	   23512 	   20 	   27253 	   19 
 113758 	   28996 	   19 	   15850 	   20 
 126020 	   18061 	   21 	   30785 	   23 
 120032 	   16501 	   14 	   20942 	   14 
 116953 	   24239 	   23 	   16903 	   22 
 122746 	   20491 	   28 	   23467 	   28 
 118157 	   19682 	   11 	   14764 	   12 
 120239 	   22159 	   12 	   26089 	   12 
 121462 	   18020 	   11 	   20355 	   13 
 108197 	   38435 	   29 	   19559 	   31 
 117733 	   20615 	   12 	   19834 	   11 
 112907 	   28807 	   15 	   18192 	   15 
 118331 	   34283 	   40 	   36361 	   42 
 127760 	   20246 	   28 	   44542 	   29 
 117403 	   22700 	   14 	   24638 	   15 
 117200 	   22805 	   13 	   23983 	   13 
 114951 	   21545 	   16 	   19391 	   16 
 118915 	   22328 	   30 	   27061 	   31 
 123685 	   18278 	   18 	   27917 	   18 
 118302 	   18535 	   12 	   17504 	   13 
 112369 	   31978 	   26 	   20768 	   28 
 119552 	   17293 	   14 	   21955 	   14 
 118313 	   21722 	   14 	   23413 	   14 
 122475 	   22364 	   19 	   32680 	   20 
 123380 	   16909 	   15 	   22950 	   15 
 119775 	   25374 	   20 	   24845 	   20 
 118179 	   20665 	   19 	   15729 	   20 
 114065 	   32183 	   19 	   24324 	   19 
 128274 	   14467 	   22 	   31378 	   20 
 114270 	   27413 	   38 	   17360 	   40 
 113535 	   27980 	   37 	   14815 	   39 
 106893 	   40045 	   17 	   19856 	   16 
 118389 	   19301 	   14 	   19952 	   14 
 117728 	   26566 	   41 	   32118 	   43 
 120525 	   20360 	   19 	   28503 	   21 
 115944 	   19778 	   14 	   23462 	   14 
 113659 	   25137 	   13 	   22917 	   12 
 115125 	   26923 	   26 	   30663 	   27 
 121270 	   20210 	   17 	   28432 	   15 
 115713 	   25159 	   14 	   30544 	   16 
 117107 	   21385 	   13 	   21401 	   12 
 124692 	   24605 	   39 	   35700 	   44 
 121863 	   20416 	   18 	   17454 	   18 
 123734 	   13153 	   13 	   14234 	   14 
 121796 	   25325 	   22 	   23216 	   21 
 123279 	   18618 	   17 	   18926 	   16 
 123868 	   14767 	   15 	   16115 	   12 
 121540 	   23511 	   32 	   20165 	   33 
 122555 	   15859 	   18 	   14673 	   16 
 123198 	   11559 	   14 	   11671 	   14 
 123566 	   16573 	   24 	   17145 	   24 
 122244 	   19287 	   17 	   17316 	   16 
 122873 	   12603 	   16 	   12586 	   15 
 125298 	   21867 	   34 	   25576 	   34 
 127806 	   14945 	   32 	   22175 	   37 
 123676 	   13556 	   11 	   14298 	   12 
 122450 	   22508 	   21 	   22801 	   20 
 122725 	   14778 	   17 	   13767 	   17 
 125224 	   17321 	   25 	   21933 	   23 
 124407 	   20919 	   59 	   23244 	   59 
 121182 	   19194 	   20 	   13883 	   22 
 120851 	   22969 	   22 	   19478 	   17 
 122817 	   19033 	   17 	   17212 	   16 
 119807 	   22234 	   14 	   18193 	   14 
 121465 	   21036 	   42 	   17779 	   45 
 120917 	   16403 	   14 	   11316 	   14 
 120184 	   25441 	   57 	   18832 	   57 
 122576 	   11099 	   13 	   11161 	   13 
 122507 	   13892 	   21 	   13840 	   21 
 122879 	   16821 	   26 	   16063 	   21 
 123119 	   14705 	   19 	   14885 	   20 
 122865 	   11993 	   13 	   11619 	   13 
 123412 	   15857 	   32 	   15447 	   31 
 123860 	   17437 	   22 	   16635 	   21 
 124174 	   15024 	   21 	   14980 	   23 
 123438 	   11968 	   11 	   12316 	   11 
 123665 	   17763 	   17 	   16951 	   16 
 125818 	   15990 	   34 	   17148 	   35 
 123061 	   13014 	   21 	   13093 	   20 
 123666 	   17522 	   22 	   16543 	   21 
 123446 	   16461 	   22 	   16509 	   21 
 124854 	   12206 	   18 	   14856 	   16 
 123628 	   11644 	   12 	   12707 	   12 
 124064 	   16153 	   24 	   15680 	   27 
 124364 	   16303 	   21 	   15941 	   21 
 124688 	   13294 	   13 	   13575 	   13 
 122924 	   17298 	   16 	   15907 	   18 
 120514 	   31931 	   65 	   23830 	   74 
 124738 	   18869 	   42 	   21559 	   40 
 125311 	   16538 	   22 	   20624 	   22 
 124756 	   21435 	   61 	   24202 	   66 
 125939 	   17240 	   20 	   23804 	   18 
 122898 	   17200 	   18 	   18281 	   16 
 123434 	   15228 	   20 	   17474 	   20 
 119691 	   22926 	   26 	   17599 	   24 
 123658 	   19089 	   26 	   23197 	   27 
 120441 	   17775 	   12 	   14831 	   12 
 119095 	   23458 	   12 	   21247 	   12 
 121338 	   17852 	   14 	   16637 	   14 
 115703 	   30148 	   24 	   22740 	   22 
 122853 	   16391 	   17 	   17876 	   16 
 119739 	   23013 	   15 	   19329 	   15 
 123254 	   13278 	   12 	   15025 	   12 
 122010 	   24580 	   21 	   25951 	   23 
 122199 	   16394 	   19 	   17250 	   19 
 120175 	   26674 	   27 	   26782 	   27 
 118989 	   18536 	   10 	   16111 	   10 
 118134 	   28282 	   38 	   23377 	   42 
 123204 	   16073 	   22 	   25819 	   21 
 120785 	   22424 	   32 	   26050 	   33 
 120324 	   21666 	   16 	   24886 	   16 
 120105 	   18273 	   17 	   17787 	   15 
 121765 	   15131 	   15 	   19711 	   15 
 121335 	   19375 	   53 	   19597 	   61 
 121711 	   18648 	   18 	   18184 	   17 
 123634 	   13467 	   13 	   14937 	   13 
 120218 	   23381 	   23 	   21946 	   22 
 122585 	   15744 	   19 	   18026 	   19 
 121991 	   14661 	   13 	   14609 	   12 
 119958 	   23511 	   30 	   19846 	   32 
 121969 	   20361 	   26 	   20149 	   25 
 122479 	   16407 	   16 	   15854 	   16 
 122197 	   21453 	   19 	   20109 	   18 
 123671 	   17112 	   20 	   19348 	   18 
 121758 	   20858 	   19 	   20699 	   19 
 122347 	   17368 	   21 	   16125 	   21 
 121074 	   23134 	   32 	   22031 	   32 
 122744 	   21325 	   20 	   25613 	   21 
 122304 	   17366 	   16 	   18434 	   16 
 120941 	   16917 	   36 	   18616 	   34 
 119332 	   16485 	   16 	   17579 	   15 
 119908 	   21302 	   15 	   21864 	   14 
 118625 	   20953 	   19 	   20337 	   15 
 119802 	   24345 	   35 	   24538 	   39 
 120793 	   19059 	   14 	   20244 	   13 
 119359 	   24516 	   21 	   21834 	   20 
 120129 	   19886 	   14 	   19218 	   15 
 119262 	   26459 	  114 	   23002 	  127 
 117840 	   22876 	   16 	   21501 	   14 
 116844 	   20895 	   12 	   17577 	   12 
 116787 	   26889 	   15 	   25255 	   14 
 119462 	   20570 	   14 	   24791 	   15 
 118798 	   18697 	   25 	   20587 	   26 
 114578 	   25615 	   22 	   23520 	   22 
 108515 	   38295 	   29 	   20858 	   27 
 123250 	   15905 	   16 	   29161 	   15 
 116437 	   21281 	   16 	   24589 	   16 
 114650 	   24174 	   15 	   22713 	   15 
 115625 	   24310 	   27 	   23895 	   27 
 113530 	   27700 	   24 	   16773 	   25 
 117108 	   31397 	   24 	   33002 	   23 
 116998 	   18281 	   12 	   17817 	   11 
 121165 	   20532 	   20 	   27057 	   21 
 118710 	   17717 	   13 	   18221 	   13 
 112258 	   30509 	   27 	   23880 	   28 
 118907 	   22302 	   14 	   29718 	   15 
 114124 	   23991 	   18 	   23559 	   18 
 117111 	   16557 	   10 	   16750 	   10 
 115299 	   18789 	   12 	   17511 	   12 
 104905 	   43119 	   58 	   22157 	   62 
 121954 	   15800 	   13 	   28523 	   14 
 117809 	   19721 	   17 	   24839 	   16 
 115682 	   19187 	   15 	   20935 	   15 
 108469 	   32795 	   14 	   20291 	   14 
 117229 	   25993 	   19 	   29133 	   19 
 114386 	   27372 	   18 	   18372 	   17 
 110201 	   36969 	   25 	   27318 	   26 
 120877 	   20312 	   17 	   31265 	   17 
 115386 	   22557 	   14 	   27653 	   15 
 117226 	   20323 	   11 	   25356 	    9 
 113739 	   25650 	   36 	   29055 	   36 
 113026 	   25521 	   13 	   20221 	   13 
 115326 	   22854 	   16 	   24741 	   16 
 113318 	   21714 	   14 	   19900 	   14 
 111046 	   27569 	   34 	   20062 	   35 
 116738 	   18334 	   16 	   22268 	   12 
 109088 	   33237 	   17 	   20105 	   17 
 116402 	   30309 	   22 	   38757 	   22 
 109271 	   37606 	   22 	   23963 	   20 
 124814 	   11374 	   13 	   25647 	   13 
 116764 	   31173 	   64 	   28449 	   67 
 118097 	   19877 	   13 	   20920 	   13 
 117532 	   17916 	   17 	   17893 	   17 
 120510 	   15217 	   13 	   16997 	   12 
 117954 	   20180 	   16 	   18943 	   16 
 116952 	   23663 	   28 	   25112 	   28 
 114826 	   22225 	   18 	   22069 	   18 
 113393 	   23000 	   16 	   21748 	   16 
 117767 	   16933 	   15 	   17875 	   16 
 117229 	   15730 	   14 	   15767 	   14 
 122735 	   26637 	   33 	   31090 	   33 
 120428 	   19487 	   12 	   20758 	   12 
 120241 	   27672 	   21 	   26277 	   20 
 120480 	   18745 	   15 	   20314 	   14 
 117851 	   29499 	   20 	   25838 	   19 
 118284 	   31651 	   34 	   30725 	   32 
 118846 	   18563 	   16 	   17509 	   17 
 119400 	   18279 	   15 	   19302 	   15 
 121296 	   23043 	   19 	   25488 	   19 
 118305 	   30260 	   18 	   30287 	   20 
 116007 	   25951 	   57 	   20795 	   64 
  96757 	   52099 	   18 	   25358 	   18 
 105573 	   37399 	   20 	   29315 	   20 
 108871 	   31348 	   17 	   24898 	   17 
 114218 	   22584 	   34 	   19882 	   36 
 115843 	   16152 	   12 	   15655 	   12 
 115490 	   21606 	   22 	   17862 	   21 
 116286 	   22784 	   20 	   22770 	   18 
 117196 	   28538 	   18 	   23223 	   17 
 120666 	   19402 	   42 	   24621 	   43 
 118633 	   16278 	   18 	   16210 	   18 
 119328 	   17537 	   13 	   15767 	   12 
 120696 	   20414 	   22 	   22562 	   23 
 119880 	   25293 	   20 	   25190 	   20 
 119826 	   27944 	   38 	   25216 	   39 
 119569 	   23483 	   20 	   20129 	   20 
 121477 	   20369 	   17 	   22097 	   16 
 123411 	   27220 	   22 	   28845 	   22 
 122667 	   28341 	   19 	   27332 	   20 
 148242 	   33213 	  107 	   67911 	  123 
 154098 	   50933 	   64 	   84365 	   65 
 124159 	   15017 	   23 	   13715 	   25 
 125296 	   14542 	   18 	   15536 	   17 
 124788 	   18145 	   21 	   17915 	   18 
 124290 	   13757 	   16 	   13510 	   16 
 124442 	   16566 	   12 	   15784 	   12 
 124337 	   18640 	   21 	   17776 	   21 
 122177 	   25875 	   42 	   20553 	   39 
 125398 	   23967 	   61 	   25343 	   62 
 126199 	   20511 	   27 	   24562 	   27 
 123387 	   15795 	   16 	   14725 	   16 
 125221 	   19237 	   22 	   21386 	   21 
 124787 	   15431 	   13 	   16008 	   13 
 123319 	   16645 	   16 	   15256 	   15 
 124951 	   16187 	   21 	   17687 	   20 
 122619 	   23801 	   51 	   23513 	   57 
 122866 	   18129 	   17 	   17082 	   17 
 122240 	   21161 	   21 	   21078 	   22 
 119930 	   20013 	   13 	   19856 	   13 
 123528 	   20605 	   17 	   22874 	   17 
 120756 	   23916 	   22 	   20335 	   22 
 120862 	   23263 	   21 	   22298 	   20 
 121892 	   19616 	   19 	   19689 	   22 
 121502 	   22510 	   14 	   21806 	   14 
 123527 	   17567 	   23 	   18679 	   21 
 122523 	   15524 	   16 	   16157 	   14 
 122827 	   27475 	   44 	   28723 	   39 
 119034 	   26541 	   32 	   22749 	   26 
 118198 	   27163 	   18 	   24626 	   15 
 118524 	   26009 	   23 	   27400 	   22 
 118646 	   26250 	   31 	   24597 	   30 
 121696 	   18073 	   16 	   16670 	   15 
 122555 	   20601 	   29 	   19036 	   26 
 122430 	   27643 	   32 	   29183 	   33 
 121280 	   18768 	   15 	   17847 	   15 
 122983 	   17757 	   20 	   20616 	   20 
 121926 	   23175 	   14 	   23993 	   14 
 120301 	   22755 	   13 	   22399 	   14 
 120110 	   23735 	   23 	   23104 	   19 
 118806 	   23384 	   28 	   22083 	   24 
 120084 	   26239 	   46 	   23471 	   44 
 121419 	   21088 	   15 	   23128 	   15 
 120680 	   19114 	   14 	   17617 	   14 
 118775 	   29353 	   26 	   30603 	   25 
 120592 	   24049 	   55 	   24329 	   51 
 118567 	   21009 	   14 	   20755 	   14 
 119051 	   24901 	   17 	   27445 	   17 
 118531 	   33397 	   37 	   31909 	   37 
 119275 	   19806 	   15 	   18597 	   15 
 117541 	   27243 	   26 	   26420 	   27 
 118924 	   23868 	   16 	   27873 	   17 
 117067 	   28995 	   19 	   27875 	   20 
 112860 	   29717 	   14 	   21448 	   13 
 120151 	   23419 	   18 	   30348 	   18 
 120146 	   19213 	   14 	   21525 	   13 
 119620 	   22986 	   20 	   23316 	   20 
 115702 	   29034 	   14 	   25081 	   15 
 117534 	   30421 	   25 	   35170 	   20 
 124260 	   37552 	  109 	   51156 	  116 
 118563 	   25028 	   29 	   25962 	   28 
 121158 	   19171 	   13 	   21283 	   13 
 121060 	   20521 	   19 	   21637 	   18 
 116349 	   32857 	   21 	   29399 	   21 
 119870 	   23376 	   22 	   23939 	   18 
 119675 	   24382 	   36 	   24174 	   36 
 120217 	   21007 	   16 	   24870 	   18 
 118022 	   23216 	   22 	   20626 	   21 
 119802 	   23003 	   21 	   22690 	   19 
 119342 	   19948 	   13 	   18686 	   13 
 120848 	   22775 	   22 	   21946 	   21 
 118250 	   34171 	   33 	   32786 	   31 
 118857 	   22696 	   14 	   23344 	   14 
 118959 	   27203 	   14 	   26772 	   13 
 117260 	   27038 	   20 	   24399 	   17 
 117046 	   26270 	   14 	   26267 	   13 
 117765 	   29278 	   19 	   30088 	   18 
 118286 	   23162 	   12 	   23510 	   10 
 117291 	   36627 	   29 	   36910 	   29 
 118923 	   25690 	   30 	   20979 	   28 
 119950 	   21144 	   19 	   23010 	   18 
 119525 	   20260 	   13 	   19060 	   12 
 118816 	   24215 	   21 	   23113 	   22 
 120742 	   21842 	   12 	   24736 	   14 
 121207 	   16986 	   14 	   19407 	   15 
 120572 	   24368 	   75 	   24456 	   89 
 119613 	   20367 	   21 	   20668 	   23 
 121870 	   24053 	   25 	   21987 	   23 
 120619 	   18631 	   15 	   20291 	   17 
 122847 	   22427 	   20 	   23337 	   18 
 122439 	   28565 	   39 	   25071 	   50 
 123527 	   15625 	   21 	   16008 	   23 
 121938 	   20173 	   22 	   16939 	   16 
 125314 	   24299 	   28 	   27633 	   27 
 124528 	   23199 	   20 	   23669 	   17 
 123977 	   15855 	   16 	   15535 	   14 
 119821 	   29788 	   47 	   26746 	   47 
 119942 	   23949 	   22 	   22347 	   20 
 120517 	   18840 	   13 	   17665 	   13 
 121942 	   19410 	   23 	   19704 	   23 
 120111 	   24211 	   19 	   21810 	   18 
 122395 	   17503 	   13 	   18909 	   14 
 122219 	   38558 	   43 	   36188 	   40 
 122059 	   21357 	   26 	   18943 	   25 
 123130 	   20834 	   25 	   18997 	   24 
 123007 	   19034 	   17 	   17731 	   17 
 124547 	   18621 	   25 	   22387 	   25 
 123601 	   16910 	   12 	   19493 	   13 
 125316 	   15611 	   18 	   19865 	   16 
 115718 	   40571 	   61 	   31940 	   61 
 113607 	   29061 	   17 	   25875 	   16 
 118141 	   24853 	   17 	   24739 	   17 
 116128 	   29374 	   17 	   23778 	   17 
 118974 	   23463 	   16 	   28073 	   18 
 118266 	   25636 	   15 	   24732 	   17 
 117519 	   26804 	   15 	   24723 	   16 
 117027 	   33320 	   39 	   32051 	   41 
 113850 	   27910 	   14 	   20822 	   13 
 115753 	   32289 	   22 	   30299 	   20 
 116745 	   26070 	   12 	   24328 	   13 
 116163 	   27726 	   19 	   25402 	   22 
 116384 	   26549 	   12 	   31117 	   14 
 117591 	   28129 	   16 	   33832 	   17 
 112892 	   28435 	   14 	   22555 	   14 
 113447 	   25594 	   12 	   17975 	    6 
 120566 	   34620 	   32 	   52636 	   32 
 111445 	   42488 	   27 	   30875 	   27 
 117228 	   23980 	   25 	   24481 	   25 
 115830 	   22955 	   24 	   16850 	   22 
 120460 	   16327 	   13 	   23654 	   13 
 116100 	   23392 	   23 	   26042 	   23 
 119704 	   28833 	   25 	   35735 	   27 
 120547 	   22549 	   16 	   31706 	   17 
 116325 	   22487 	   14 	   19122 	   11 
 118249 	   37654 	   34 	   48484 	   36 
 120858 	   17360 	   14 	   16802 	   13 
 116264 	   29655 	   29 	   29562 	   29 
 118480 	   22641 	   12 	   25105 	   10 
 112382 	   38845 	   21 	   35886 	   20 
 120037 	   25418 	   19 	   29638 	   17 
 115785 	   39170 	   58 	   43072 	   53 
 118798 	   21518 	   11 	   19426 	   12 
 119540 	   23466 	   20 	   20578 	   19 
 117549 	   38927 	   46 	   26818 	   46 
 121929 	   21853 	   11 	   20743 	   13 
 122490 	   26075 	   19 	   26652 	   18 
 121902 	   24291 	   14 	   20837 	   14 
 120640 	   33760 	   40 	   30984 	   39 
 117592 	   23257 	   28 	   19143 	   26 
 115594 	   26806 	   23 	   21343 	   25 
 119777 	   23395 	   19 	   30423 	   20 
 119717 	   24787 	   19 	   25874 	   20 
 122784 	   22716 	   18 	   30007 	   18 
 115129 	   27792 	   25 	   19927 	   23 
 119517 	   33694 	   22 	   41426 	   21 
 118966 	   22767 	   12 	   22287 	   11 
 122693 	   39134 	   35 	   43459 	   35 
 124156 	   23035 	   25 	   25190 	   24 
 123603 	   23877 	   22 	   24631 	   22 
 124576 	   14541 	   13 	   15766 	   13 
 121695 	   19108 	   22 	   18762 	   23 
 124632 	   21857 	   22 	   25509 	   22 
 119858 	   30551 	   31 	   22839 	   30 
 126139 	   25842 	   21 	   35630 	   18 
 119913 	   36304 	   39 	   34354 	   41 
 120243 	   20969 	   14 	   24313 	   12 
 117828 	   29366 	   20 	   26079 	   20 
 122248 	   20186 	   18 	   21785 	   16 
 122540 	   21925 	   25 	   28775 	   25 
 120602 	   27893 	   27 	   26064 	   28 
 121344 	   20128 	   15 	   19201 	   12 
 124624 	   25846 	   23 	   29507 	   23 
 124035 	   20036 	   16 	   22603 	   16 
 129462 	   28197 	  138 	   40105 	  138 
 124646 	   12620 	   18 	   13138 	   23 
 124816 	   15692 	   20 	   15933 	   16 
 125211 	   15953 	   19 	   15970 	   17 
 124838 	   12909 	   15 	   13564 	   15 
 125381 	   16758 	   19 	   16892 	   13 
 123658 	   19572 	   27 	   17367 	   26 
 124301 	   21543 	   41 	   19086 	   40 
 124148 	   14899 	   20 	   13787 	   19 
 128221 	   23970 	   58 	   29403 	   73 
 123429 	   16613 	   16 	   16150 	   16 
 125150 	   17990 	   20 	   19651 	   20 
 125106 	   14246 	   10 	   15124 	   10 
 124888 	   18757 	   17 	   19506 	   14 
 124309 	   17637 	   16 	   17821 	   16 
 126174 	   21768 	   46 	   26722 	   46 
 125877 	   16653 	   18 	   18090 	   18 
 125470 	   15237 	   19 	   16516 	   18 
 124390 	   13992 	   16 	   14371 	   16 
 124512 	   18699 	   19 	   18750 	   18 
 124747 	   14762 	   17 	   15546 	   16 
 125543 	   19294 	   36 	   20833 	   34 
 123337 	   16558 	   13 	   12860 	   13 
 126439 	   17272 	   18 	   21932 	   21 
 120500 	   18833 	   12 	   12026 	   12 
 121454 	   24141 	   20 	   18639 	   19 
 123614 	   29600 	   31 	   29413 	   25 
 129302 	   19449 	   26 	   33577 	   25 
 123604 	   21655 	   21 	   24551 	   19 
 118694 	   23660 	   17 	   16188 	   14 
 127699 	   16690 	   40 	   25989 	   40 
 122039 	   15895 	   13 	   15663 	   13 
 121623 	   20321 	   24 	   15986 	   26 
 120530 	   29594 	   28 	   26530 	   28 
 119061 	   19956 	   14 	   14473 	   14 
 122916 	   17563 	   17 	   22085 	   18 
 126039 	   19814 	   17 	   29783 	   15 
 123244 	   20548 	   21 	   24799 	   18 
 118226 	   23458 	   15 	   19673 	   14 
 118964 	   19355 	   15 	   17481 	   14 
 115105 	   32862 	   46 	   16124 	   48 
 120709 	   19715 	   17 	   13896 	   17 
 127663 	   12954 	   15 	   21837 	   14 
 114275 	   33657 	   26 	   22019 	   26 
 115006 	   28769 	   58 	   13898 	   55 
 124321 	   14016 	   17 	   15678 	   16 
 121615 	   21402 	   21 	   16515 	   20 
 124776 	   26415 	   33 	   28726 	   33 
 123916 	   16660 	   13 	   19152 	   13 
 122570 	   22387 	   24 	   24876 	   21 
 120022 	   22740 	   17 	   21599 	   17 
 122598 	   20365 	   16 	   22890 	   19 
 121880 	   18020 	   11 	   16130 	   11 
 118953 	   21741 	   14 	   18492 	   13 
 120258 	   22823 	   28 	   15549 	   28 
 124968 	   20318 	   17 	   26474 	   17 
 116091 	   26988 	   15 	   16790 	   15 
 117606 	   28349 	   24 	   17847 	   23 
 115715 	   40698 	  132 	   27630 	  140 
 129329 	   16361 	   42 	   33856 	   39 
 119551 	   20191 	   13 	   19251 	   13 
 123259 	   20665 	   16 	   28747 	   16 
 112291 	   35364 	   23 	   22941 	   25 
 118940 	   23704 	   15 	   19549 	   16 
 118070 	   25030 	   12 	   24920 	   14 
 120295 	   30744 	   31 	   35991 	   30 
 115187 	   27034 	   17 	   18450 	   17 
 119602 	   21539 	   24 	   19373 	   22 
 121740 	   17635 	   12 	   23454 	   14 
 123271 	   18653 	   20 	   24465 	   16 
 118916 	   37169 	   38 	   35967 	   37 
 114824 	   25647 	   13 	   16736 	   12 
 124735 	   21538 	   15 	   32279 	   15 
 118653 	   26020 	   18 	   27574 	   17 
 124280 	   19801 	   14 	   30043 	   14 
 122559 	   19897 	   16 	   25165 	   16 
 118885 	   25763 	   16 	   23663 	   16 
 119020 	   38178 	   33 	   41881 	   33 
 121764 	   16986 	   21 	   22570 	   22 
 115334 	   29223 	   16 	   28475 	   13 
 121577 	   22367 	   14 	   31008 	   14 
 110837 	   36205 	   31 	   17817 	   29 
 117087 	   25692 	   12 	   16390 	   12 
 116443 	   25566 	   14 	   21878 	   15 
 114231 	   34009 	   69 	   24354 	   67 
 120260 	   22423 	   18 	   21279 	   17 
 121223 	   19336 	   16 	   18671 	   14 
 129450 	   19043 	   24 	   34806 	   22 
 119504 	   19605 	   18 	   19180 	   18 
 119922 	   35790 	   38 	   27874 	   38 
 124417 	   16699 	   23 	   20870 	   23 
 121651 	   18332 	   16 	   15600 	   16 
 123937 	   27475 	   26 	   27095 	   28 
 123417 	   20911 	   20 	   22806 	   20 
 125987 	   20274 	   18 	   28247 	   18 
 120627 	   37072 	   51 	   33346 	   50 
 121264 	   20329 	   21 	   28259 	   21 
 121983 	   20627 	   15 	   30514 	   15 
 129072 	   22998 	   31 	   40413 	   29 
 124744 	   23631 	   31 	   33134 	   32 
 124789 	   22438 	   19 	   30023 	   21 
 115792 	   29838 	   14 	   24781 	   14 
 116189 	   33143 	   24 	   26737 	   24 
 118472 	   25024 	   12 	   23703 	   11 
 117370 	   22708 	   14 	   20564 	   15 
 110605 	   41170 	   26 	   20850 	   27 
 116877 	   24293 	   13 	   19013 	   12 
 118038 	   24263 	   16 	   17579 	   16 
 122811 	   31926 	   62 	   30908 	   60 
 131643 	   19989 	   41 	   45474 	   42 
 120788 	   23420 	   17 	   25017 	   17 
 126496 	   22021 	   18 	   37068 	   18 
 115630 	   29338 	   13 	   21946 	   12 
 123398 	   21961 	   13 	   25878 	   14 
 114375 	   30168 	   17 	   23134 	   17 
 117565 	   34934 	   30 	   31882 	   29 
 129338 	   21247 	   22 	   45247 	   23 
 110330 	   30782 	   15 	   14778 	   15 
 129311 	   17103 	   11 	   40977 	   13 
 113993 	   35948 	   23 	   25843 	   22 
 117577 	   24652 	   16 	   20646 	   14 
 123770 	   17823 	   17 	   23649 	   17 
 115011 	   27346 	   16 	   18558 	   14 
 125098 	   17845 	   12 	   23581 	   14 
 113628 	   41113 	   28 	   28512 	   26 
 127619 	   19176 	   27 	   37027 	   27 
 119481 	   26052 	   20 	   25082 	   17 
 119262 	   20348 	   19 	   22349 	   18 
 116837 	   27287 	   13 	   19344 	   13 
 120350 	   20851 	   14 	   24118 	   15 
 107959 	   51827 	   38 	   23765 	   39 
 115043 	   23248 	   13 	   14704 	   12 
 123315 	   24201 	   16 	   28852 	   16 
 114414 	   47623 	   65 	   40103 	   65 
 119051 	   19711 	   15 	   22473 	   15 
 128231 	   21392 	   16 	   39558 	   16 
 126621 	   32850 	   42 	   45361 	   40 
 126365 	   17568 	   17 	   31759 	   17 
 117764 	   21208 	   12 	   16274 	   11 
 123759 	   21212 	   15 	   29282 	   13 
 119009 	   39247 	   43 	   33917 	   45 
 124830 	   18923 	   21 	   28449 	   18 
 125351 	   20036 	   24 	   32511 	   22 
 116482 	   34411 	   20 	   24896 	   19 
 119762 	   23749 	   20 	   18125 	   19 
 110946 	   31065 	   18 	   11164 	   17 
 135479 	   21276 	   37 	   42526 	   36 
 121524 	   18113 	   19 	   17899 	   19 
 128694 	   17864 	   17 	   30246 	   17 
 119198 	   33247 	   21 	   25308 	   20 
 120170 	   27281 	   17 	   20376 	   17 
 120795 	   42854 	   38 	   37053 	   37 
 113251 	   26633 	   14 	   16194 	   14 
 124185 	   22245 	   16 	   32755 	   17 
 106782 	   42275 	   22 	   13835 	   20 
 121358 	   27595 	   22 	   28470 	   26 
 113286 	   38318 	   15 	   20102 	   16 
 106727 	   45626 	   38 	   17662 	   35 
 119314 	   20027 	   17 	   16277 	   18 
 118281 	   28562 	   25 	   28689 	   26 
 118099 	   23132 	   12 	   22200 	   10 
 129916 	   19740 	   21 	   47312 	   21 
 102791 	   48046 	   18 	   16893 	   18 
 108374 	   49697 	   35 	   28203 	   37 
 121377 	   20453 	   19 	   26194 	   19 
 121642 	   16062 	   14 	   25305 	   12 
 112666 	   27891 	   19 	   10398 	   19 
 111185 	   32647 	   25 	   16864 	   25 
 115591 	   33506 	   27 	   22117 	   29 
 121776 	   22590 	   14 	   32172 	   13 
 119408 	   29780 	   18 	   30491 	   17 
 114503 	   30101 	   21 	   16296 	   20 
 108820 	   53119 	  140 	   20728 	  142 
 120506 	   46877 	   63 	   40786 	   65 
 123322 	   25318 	   17 	   27147 	   17 
 123141 	   33205 	   23 	   33094 	   23 
 123673 	   20346 	   17 	   20867 	   16 
 121929 	   33061 	   20 	   29118 	   19 
 123212 	   27369 	   16 	   27002 	   14 
 123417 	   38873 	   49 	   37374 	   54 
 122813 	   22503 	   13 	   19285 	   13 
 126255 	   19184 	   25 	   22712 	   25 
 124016 	   22659 	   25 	   21020 	   20 
 124921 	   17750 	   14 	   18121 	   14 
 125101 	   18461 	   23 	   18000 	   20 
 126051 	   24896 	   38 	   27653 	   38 
 123642 	   18343 	   16 	   17855 	   15 
 121462 	   29598 	   22 	   24242 	   21 
 124313 	   19607 	   14 	   21244 	   15 
 123746 	   29008 	   18 	   27345 	   22 
 126414 	   20217 	   17 	   24614 	   17 
 123399 	   21135 	   15 	   22444 	   14 
 126162 	   22523 	   25 	   24815 	   25 
 124011 	   22242 	   41 	   20592 	   44 
 122840 	   25789 	   21 	   24339 	   21 
 125305 	   16261 	   14 	   17270 	   15 
 123294 	   30262 	   25 	   26429 	   24 
 123724 	   20377 	   13 	   21212 	   14 
 123686 	   28683 	   21 	   28358 	   20 
 125792 	   18670 	   15 	   24014 	   15 
 125932 	   28364 	   36 	   28448 	   40 
 125792 	   17040 	   15 	   17623 	   15 
 125754 	   23712 	   28 	   28280 	   26 
 125030 	   36871 	   63 	   33681 	   67 
 122298 	   23668 	   25 	   20930 	   26 
 121329 	   26689 	   21 	   19647 	   23 
 122094 	   23759 	   15 	   23470 	   17 
 125778 	   22357 	   16 	   26401 	   16 
 123915 	   30770 	   19 	   30783 	   23 
 122936 	   25448 	   15 	   25460 	   14 
 123443 	   25660 	   18 	   27309 	   17 
 125321 	   27432 	   30 	   26598 	   31 
 123631 	   19891 	   18 	   20550 	   18 
 123535 	   22227 	   18 	   20836 	   18 
 127570 	   27020 	   25 	   29815 	   27 
 122864 	   22041 	   18 	   24717 	   18 
 126153 	   35377 	   45 	   40676 	   47 
 122904 	   28479 	   20 	   28961 	   18 
 120909 	   29700 	   18 	   28711 	   17 
 122120 	   24323 	   12 	   24428 	   12 
 123479 	   19709 	   23 	   23818 	   23 
 123239 	   22025 	   12 	   21455 	   13 
 120594 	   24745 	   18 	   23899 	   19 
 121201 	   34669 	   25 	   31545 	   26 
 122556 	   26062 	   13 	   26697 	   14 
 124005 	   27834 	   24 	   32218 	   23 
 122040 	   36192 	   47 	   33516 	   45 
 128584 	   27101 	   65 	   33807 	   74 
 123579 	   30708 	   30 	   28033 	   30 
 120747 	   31831 	   28 	   26655 	   28 
 123105 	   28114 	   17 	   27718 	   18 
 123173 	   23036 	   16 	   22163 	   16 
 122983 	   30436 	   17 	   24832 	   17 
 122046 	   25883 	   15 	   25287 	   14 
 125117 	   24345 	   16 	   28005 	   17 
 125749 	   27995 	   18 	   32224 	   18 
 124713 	   37757 	   28 	   41751 	   28 
 121796 	   26739 	   20 	   29317 	   20 
 121563 	   24794 	   13 	   26755 	   13 
 122817 	   32228 	   21 	   29687 	   20 
 121365 	   24622 	   13 	   25174 	   13 
 120716 	   29712 	   19 	   29488 	   18 
 122475 	   29716 	   16 	   28741 	   16 
 120478 	   36735 	   27 	   33662 	   28 
 123171 	   24311 	   17 	   27474 	   16 
 123046 	   31782 	   23 	   32196 	   21 
 122244 	   38469 	   44 	   37272 	   45 
 124581 	   15123 	   14 	   18773 	   14 
 123075 	   21378 	   16 	   18417 	   15 
 126395 	   29031 	   21 	   34325 	   22 
 123824 	   26438 	   18 	   25953 	   18 
 126505 	   35280 	   53 	   40536 	   52 
 127315 	   27962 	   39 	   36768 	   46 
 119104 	   31250 	   58 	   27027 	   78 
