% num_local_points | num_send_points | num_send_procs | num_recv_points | num_recv_procs 
  44073 	   67548 	   13 	  113197 	   17 
  36313 	   70352 	    8 	  108341 	   20 
   6569 	  106653 	   19 	  108254 	   18 
      0 	  100124 	    9 	  125437 	   14 
   3819 	  106377 	   15 	  135940 	   13 
   3918 	  103101 	   10 	  135543 	   15 
      0 	  104537 	    5 	  130487 	   31 
      0 	  116525 	   18 	  143236 	   21 
  11138 	  103532 	   19 	  134101 	   13 
    971 	  101933 	   13 	  153610 	   24 
     17 	  106175 	   19 	  144284 	   16 
     14 	  106515 	   12 	  144475 	   22 
      0 	  112254 	   17 	  154347 	   15 
      0 	  103996 	   13 	  146820 	   17 
      1 	  104661 	   14 	  143569 	   14 
      6 	  120473 	   26 	  139567 	   14 
    150 	  106900 	   12 	  154402 	   50 
      0 	  113596 	   15 	  145834 	   20 
      0 	  106664 	   12 	  153275 	   24 
      0 	  106683 	   13 	  144938 	   21 
      0 	  106590 	   15 	  141682 	   19 
      0 	   98001 	   10 	  145857 	   22 
     12 	  115326 	   44 	  152149 	   18 
      2 	  105952 	   13 	  138839 	   27 
      0 	  105167 	   13 	  139623 	   15 
      0 	  106466 	   19 	  136510 	   13 
      8 	  104455 	   16 	  152229 	   39 
      3 	  104397 	   12 	  143704 	   24 
      0 	  103946 	   16 	  138966 	   17 
      6 	  112615 	   24 	  145237 	   32 
      0 	  109317 	   14 	  139274 	   26 
      4 	  111081 	   17 	  112620 	   64 
      0 	  100647 	   12 	   29803 	    7 
      0 	  103464 	   31 	   28968 	    8 
      0 	  101781 	   14 	   55567 	   14 
      0 	   98293 	   11 	   89081 	   13 
      0 	  107478 	   34 	  100648 	   15 
      0 	  104371 	   13 	   25276 	    9 
      0 	  103607 	   28 	   55570 	   21 
      0 	  100413 	   14 	   86790 	   10 
      0 	  102107 	   30 	   71644 	   21 
      0 	  102170 	   12 	   37106 	    8 
      0 	  103144 	   30 	   27317 	    6 
      0 	  100686 	   14 	   98558 	   12 
      6 	  114472 	   64 	  109481 	   19 
      0 	  113163 	   24 	   83906 	    8 
      0 	  105158 	   16 	   46647 	   14 
      0 	  102151 	   14 	   45365 	   24 
      0 	  110931 	   27 	   88844 	   28 
      0 	  108402 	   29 	   89493 	   12 
      0 	  108361 	   24 	  141957 	   31 
      0 	  101729 	   10 	  142430 	   41 
      0 	  108595 	   27 	  109067 	   19 
      0 	  121252 	   41 	   74652 	   21 
      0 	  117619 	   25 	  136226 	   18 
      0 	  117921 	   29 	  136132 	   12 
  13420 	   97979 	   13 	   88884 	   27 
   3869 	   97534 	   15 	   54173 	   10 
     59 	  104485 	   12 	   51181 	    8 
     68 	  108150 	   16 	   52552 	   18 
      5 	  115995 	   26 	  132044 	   19 
   1260 	  108045 	   21 	   72828 	   21 
    778 	  104493 	   16 	  120888 	   13 
      6 	  110672 	   20 	  132919 	   11 
   2081 	  101114 	   13 	  144324 	   25 
    128 	  102205 	   17 	  112937 	   40 
   1305 	  102293 	   18 	   89350 	   10 
      0 	  102477 	   12 	   52165 	   11 
  10711 	   96116 	   35 	   91601 	   35 
    119 	  104842 	   37 	  119828 	   19 
  16295 	   82653 	   10 	  126624 	   24 
    419 	  100224 	   18 	  145390 	   24 
      0 	  108317 	   34 	  108189 	   16 
   1401 	  102455 	   17 	  124374 	   12 
    157 	  103509 	   12 	   76908 	   29 
   4852 	  102256 	   15 	  130147 	   10 
   1980 	  113842 	   31 	   53388 	   14 
      0 	  102365 	   12 	   37944 	   10 
  20980 	   79499 	    8 	  113566 	   28 
   2014 	  104093 	   13 	  118172 	   19 
     38 	  107004 	   32 	   95851 	   14 
    232 	  107897 	   16 	  124580 	   44 
      0 	  112364 	   21 	  129908 	   17 
      0 	  105162 	   13 	   71568 	   15 
   3463 	  113970 	   40 	  117878 	   14 
    425 	  114397 	   18 	  131671 	   12 
  13843 	   86893 	    6 	  107301 	   20 
    685 	  100038 	   12 	   72572 	   25 
     43 	  110522 	   22 	   49971 	    8 
  17444 	   97371 	   24 	   24314 	    4 
  46757 	   61705 	   25 	   67556 	   16 
  58716 	   50668 	   19 	   56720 	   19 
  52809 	   52193 	   10 	   81906 	   13 
  17190 	   84025 	   17 	   76929 	   25 
  47430 	   64584 	   20 	   79943 	   14 
  28682 	   75236 	   11 	  107814 	   14 
   5117 	   96143 	   11 	   71992 	   48 
  30771 	   79031 	   43 	   51167 	   14 
  24139 	   79597 	   19 	   41339 	   15 
  62746 	   34553 	    8 	   62869 	    9 
  63554 	   38832 	   19 	   55684 	   17 
  74568 	   35453 	   29 	   88292 	   28 
  60862 	   44876 	   19 	   61539 	   16 
  48593 	   56119 	   14 	   81767 	   11 
     44 	  102601 	   11 	   52440 	   15 
  34317 	   81102 	   31 	  119999 	   31 
  13033 	   92791 	   10 	  128364 	   32 
  11755 	   95644 	   33 	  138095 	   16 
   4078 	  102683 	   15 	   43597 	   15 
   1528 	  103683 	   18 	   39975 	   10 
  11368 	   94720 	   12 	   59626 	   18 
  33748 	   75655 	   18 	   73968 	   13 
  12244 	   93578 	   14 	  122775 	   44 
    585 	  108027 	   39 	   77692 	   15 
     94 	  104636 	   15 	   49715 	   15 
    105 	  106128 	   18 	   47122 	   38 
     30 	  108182 	   35 	   34431 	    5 
   6144 	   97816 	   16 	   66962 	   16 
  22251 	   85970 	   24 	   57222 	   16 
  17554 	   88531 	   16 	   15250 	    4 
  15723 	   91660 	   17 	   45158 	   14 
    908 	  118344 	   41 	   88831 	   10 
   3047 	  101060 	   13 	   48515 	   38 
  23279 	   86927 	   19 	  131383 	   17 
  10303 	   96296 	   13 	  134563 	   22 
  34199 	   81340 	   17 	  110792 	   14 
  39135 	   67506 	   11 	  114798 	   21 
  57875 	   58780 	   22 	   98078 	   25 
