% num_local_points | num_send_points | num_send_procs | num_recv_points | num_recv_procs 
 759859 	  260566 	   21 	  301928 	   24 
 746987 	  282403 	   14 	  335634 	   17 
 757137 	  254309 	   13 	  305959 	   14 
 644694 	  400684 	   28 	  401792 	   29 
 578981 	  450291 	   16 	  504200 	   18 
 500422 	  510020 	   23 	  535333 	   23 
 485844 	  517963 	   15 	  558704 	   19 
 365996 	  635356 	   16 	  671107 	   13 
 308876 	  706379 	   15 	  764841 	   19 
 293028 	  725524 	    9 	  775677 	   11 
 286866 	  750693 	   17 	  858300 	   27 
 203906 	  822720 	   21 	  855027 	   12 
 119057 	  878009 	   10 	  983149 	   37 
 416147 	  625174 	   40 	  649981 	   17 
 446680 	  549126 	   20 	  581019 	   14 
 350971 	  645294 	   26 	  699994 	   21 
 322210 	  668106 	    9 	  716743 	   15 
 262025 	  746926 	   15 	  831401 	   16 
 227952 	  803201 	   19 	  862894 	   25 
 146163 	  901483 	   29 	  908217 	   19 
 182813 	  798345 	   13 	  859098 	   14 
 155764 	  837383 	   16 	  885415 	   13 
 102541 	  897733 	   20 	  947516 	   37 
    320 	 1035297 	   36 	 1044603 	   13 
  57878 	  931388 	   15 	 1001439 	   14 
  30467 	  973913 	   12 	 1038823 	   24 
  21907 	 1011988 	   20 	 1033960 	   17 
  29788 	  962879 	   12 	 1058295 	   24 
      6 	  998341 	   18 	 1028654 	   17 
  26350 	  972171 	   22 	 1004262 	   16 
  17665 	  980557 	   17 	 1012693 	   20 
     96 	  995693 	   19 	 1003110 	   13 
  16332 	  941140 	    9 	 1084630 	   72 
      0 	  992261 	   21 	 1058926 	   18 
     75 	 1031825 	   72 	 1061385 	   22 
     56 	 1005546 	   21 	 1055998 	   16 
  28522 	  977881 	   18 	 1049051 	   21 
  31536 	  968573 	   11 	 1054616 	   22 
      0 	 1019351 	   22 	 1022929 	   14 
   5447 	 1021534 	   24 	 1025582 	   20 
      0 	  982541 	   16 	 1049766 	   16 
    432 	  986388 	   22 	 1026213 	   20 
   1242 	  993376 	   15 	 1077513 	   33 
      0 	  988929 	   26 	 1049549 	   13 
   4441 	 1029801 	   33 	 1035901 	   13 
   3469 	 1000514 	   14 	 1095508 	   22 
     22 	 1009402 	   12 	 1041535 	   15 
   3096 	 1032619 	   21 	 1064612 	   42 
      0 	  985612 	   14 	 1033564 	   14 
     13 	  973589 	   13 	 1040758 	   16 
   1512 	 1013292 	   49 	 1026081 	   16 
    113 	 1010308 	   17 	 1035776 	   14 
    136 	  989400 	   18 	 1047180 	   15 
     41 	  964915 	   17 	 1076403 	   54 
      0 	  985884 	   20 	 1027814 	   19 
    128 	 1016846 	   49 	 1075767 	   28 
   2390 	  994297 	   13 	 1021113 	   15 
  10931 	  983380 	   13 	 1006584 	   14 
    125 	 1010598 	   35 	 1036351 	   38 
      0 	  986141 	   15 	 1019980 	   17 
   5500 	  961408 	   13 	 1020612 	   27 
    440 	  985225 	   37 	 1013848 	   10 
    959 	  968964 	   16 	 1014512 	   20 
     10 	  975168 	   16 	 1041600 	   90 
      0 	  964783 	   35 	  919122 	   10 
      0 	  976731 	   19 	  666863 	   11 
      0 	  991629 	   78 	  763562 	    9 
     75 	 1031652 	   25 	  404707 	   17 
     40 	 1039030 	   15 	  809357 	   23 
      0 	 1044403 	   17 	 1021120 	   14 
    207 	 1044416 	   27 	  993283 	   22 
      0 	 1010950 	   12 	 1067512 	   11 
    187 	 1000697 	   23 	 1046194 	   12 
     48 	  977416 	   11 	  749013 	   27 
      6 	  992516 	   12 	  577996 	   22 
      8 	 1023093 	   27 	  461075 	   10 
    191 	 1039378 	   30 	  582188 	   20 
 282627 	  767282 	   33 	  694975 	   28 
 311042 	  687499 	   14 	  709959 	   16 
 316129 	  689946 	   16 	  613767 	   15 
 365432 	  634386 	   33 	  669908 	   32 
 315931 	  686465 	   15 	  693886 	   17 
 254114 	  733893 	   10 	  593135 	   20 
 403073 	  639820 	   31 	  198514 	   26 
 380560 	  656152 	   19 	   48296 	    7 
  66991 	  923641 	   18 	  542001 	    9 
  54327 	  936884 	   14 	  838686 	   18 
 105782 	  898998 	   29 	  948730 	   14 
 102178 	  902445 	   24 	  951634 	   29 
 104643 	  903215 	   14 	  862775 	   27 
 141790 	  853367 	   16 	  753290 	   12 
   2648 	 1023060 	   50 	 1052000 	   15 
    216 	 1011482 	   41 	  641622 	   34 
   9706 	  978675 	   19 	  624828 	   15 
  73151 	  929293 	   43 	  690579 	   11 
   1128 	 1009095 	   19 	  924946 	   33 
   1095 	 1009526 	   37 	 1027347 	   14 
   9248 	  985464 	   19 	  963984 	   43 
      0 	 1019880 	   31 	  976169 	   18 
   5585 	 1026870 	   20 	 1047423 	   15 
  47477 	  995469 	   42 	 1005752 	   43 
      0 	  998628 	   15 	 1078210 	   18 
      0 	 1011275 	   17 	 1064920 	   48 
    360 	  997599 	   15 	 1059610 	   23 
    334 	  997165 	   27 	 1055205 	   14 
      0 	  985308 	   13 	 1049170 	   20 
      2 	  989039 	   14 	 1039113 	   18 
    100 	  984460 	   16 	 1035358 	   25 
     24 	  988727 	   13 	 1029715 	   15 
   9646 	  986408 	   26 	 1053589 	   19 
      6 	  995211 	   11 	 1015397 	   13 
  17610 	  998274 	   40 	 1031310 	   14 
    237 	  996906 	   11 	 1036666 	   29 
     53 	  993877 	   13 	 1027784 	   46 
     93 	  996063 	   15 	 1051860 	   13 
      6 	  996004 	   13 	 1022981 	   14 
      2 	 1008391 	   18 	 1033898 	   13 
      0 	  997842 	   33 	 1010313 	    9 
      0 	  980970 	   16 	  949231 	   18 
    156 	 1005091 	   21 	  915017 	   33 
    199 	 1002584 	   27 	 1026624 	   14 
      3 	  996547 	   15 	 1037377 	   23 
    128 	  986845 	   11 	 1055096 	   23 
     13 	  984692 	   20 	 1027190 	   13 
     38 	  982082 	   15 	 1040858 	   13 
     10 	  980829 	   12 	 1028939 	   20 
    515 	  996994 	   26 	 1021171 	   13 
      0 	  979455 	   13 	 1023537 	   13 
    724 	  989111 	   16 	 1049673 	   31 
  25592 	  971939 	   52 	 1003224 	   13 
      0 	  982913 	   14 	 1033467 	   14 
     91 	  981203 	   16 	 1038958 	   59 
  15634 	  966806 	   19 	 1012106 	   12 
      6 	  997650 	   21 	 1026579 	   17 
     33 	  980762 	   47 	  966576 	   21 
      6 	  964409 	   12 	  850276 	   20 
     52 	  974279 	   18 	  946709 	   51 
   4665 	  963913 	   22 	 1006917 	   13 
     15 	  959745 	   24 	 1024517 	   19 
   2098 	  959963 	   19 	  977729 	   25 
   1172 	 1009165 	   53 	  994369 	   23 
      0 	 1002870 	   26 	 1052308 	   39 
    842 	 1001521 	   11 	 1054092 	   29 
  87875 	  911219 	   23 	  977354 	   22 
     19 	 1007521 	   20 	 1036998 	    9 
     36 	  997095 	   15 	 1058869 	   28 
  18033 	  998598 	   21 	 1042527 	   16 
   5874 	 1023780 	   46 	 1039145 	   19 
      0 	 1000421 	   15 	  950892 	   14 
  25791 	  971297 	   14 	 1024988 	   46 
    304 	  990432 	   12 	 1071733 	   17 
  15585 	 1011078 	   17 	 1040739 	   13 
  30243 	  997453 	   20 	  982705 	   22 
    155 	 1004885 	   12 	  868073 	   11 
    436 	 1003490 	   42 	  903060 	   17 
      0 	  995532 	   16 	  949302 	   20 
  14249 	  980851 	   19 	 1040669 	   42 
    212 	  999014 	   27 	 1060427 	   23 
     11 	  984980 	   14 	 1040512 	   18 
  51572 	  963203 	   25 	  991194 	   22 
  13219 	  983957 	   21 	  998064 	   20 
    113 	  990843 	   14 	 1033057 	   18 
    106 	 1035225 	   60 	 1052174 	   21 
  14966 	  993743 	   18 	 1054029 	   69 
   8757 	 1000471 	   18 	 1042423 	   20 
   3784 	  999745 	   13 	 1056865 	   21 
  11874 	  992343 	   26 	 1039527 	   11 
      0 	  987983 	   11 	 1033851 	   20 
    398 	  987843 	   14 	 1053194 	   29 
    590 	  985546 	   18 	 1036498 	   15 
    363 	  985815 	   15 	 1048299 	   18 
    188 	  999679 	   34 	 1016202 	   14 
   3468 	  991554 	   13 	 1045669 	   12 
  13400 	 1010485 	   38 	 1030350 	   31 
  30030 	  969382 	   11 	  999032 	   44 
  50947 	  942232 	   13 	 1006236 	   13 
   7846 	  982953 	   11 	 1017404 	   14 
    248 	  999217 	   16 	 1026856 	   11 
   7837 	  998004 	   15 	  993496 	   10 
    158 	  996444 	   24 	  922306 	   17 
   2359 	  985236 	   15 	  948646 	   16 
    324 	 1008212 	   29 	 1033039 	   15 
    731 	  995522 	   20 	 1044652 	   25 
   6964 	  970241 	   12 	 1037719 	   24 
   6116 	  974082 	   11 	 1017159 	   15 
  60499 	  949372 	   30 	  963282 	   12 
  35000 	  962959 	   11 	 1018943 	   37 
 162646 	  833069 	   13 	  875222 	   10 
 168194 	  828330 	   22 	  872247 	   15 
 190000 	  802423 	   14 	  851789 	   21 
 228761 	  767393 	   15 	  808798 	   13 
 232128 	  767446 	   60 	  812889 	   17 
 201594 	  779967 	   11 	  847184 	   69 
 265629 	  715474 	   11 	  757168 	   13 
 262576 	  723593 	   23 	  764903 	   10 
 202572 	  796621 	   16 	  717716 	   26 
 138130 	  852213 	   30 	  757212 	   11 
 129286 	  839950 	   11 	  833557 	   29 
 333555 	  646243 	   14 	  681925 	    9 
 270500 	  697989 	   25 	  748596 	   17 
 285640 	  677054 	   19 	  704944 	   27 
 419294 	  553210 	   14 	  578971 	   12 
 413121 	  603908 	   47 	  670781 	   48 
 398628 	  606305 	   22 	  654108 	   22 
 421707 	  579153 	   20 	  630486 	   24 
 426520 	  572101 	   17 	  610406 	    9 
 480743 	  532096 	   17 	  592118 	   16 
 743775 	  255847 	   19 	  317895 	   17 
 523155 	  488769 	   23 	  497992 	   20 
 432592 	  601891 	   43 	  522937 	   12 
 515088 	  475058 	   15 	  554558 	   49 
 559637 	  441185 	   13 	  493347 	   15 
 474025 	  520505 	   13 	  593068 	   14 
 663694 	  330227 	   40 	  374983 	   44 
 720136 	  290585 	   20 	  353283 	   20 
 777106 	  226718 	   17 	  281666 	   15 
 741146 	  289173 	   23 	  290097 	   23 
 652729 	  357347 	   16 	  270940 	   17 
 559078 	  450111 	   13 	  246229 	   14 
 369908 	  647786 	   25 	  619996 	   17 
 589211 	  416262 	   23 	  461602 	   27 
 594112 	  404449 	   12 	  414885 	   14 
 647010 	  358810 	   18 	  385105 	   16 
 539882 	  460747 	   45 	  513875 	   13 
 639251 	  346781 	   15 	  379921 	   51 
 716494 	  288351 	   21 	  329985 	   26 
 691156 	  307754 	   16 	  367213 	   20 
 673600 	  335308 	   18 	  342392 	    9 
 660270 	  330333 	   13 	  366155 	   19 
 648231 	  375980 	   20 	  329506 	   25 
 808302 	  185963 	   15 	  223609 	   13 
 612955 	  421969 	   49 	  377909 	   58 
 590948 	  399326 	   13 	  421811 	   13 
 598682 	  426709 	   19 	  237742 	   15 
 587993 	  427936 	   21 	  271026 	   26 
 792620 	  203896 	   20 	  253580 	   18 
 618740 	  415550 	   17 	  418346 	   16 
 633416 	  399454 	   26 	  351352 	   28 
 475966 	  549635 	   15 	  349048 	   10 
 382408 	  606149 	   14 	  591528 	   16 
 359899 	  684083 	   25 	  579118 	   26 
 268594 	  739402 	   16 	  790675 	   20 
 346550 	  662084 	   13 	  716339 	   14 
 464857 	  582474 	   15 	  511724 	   16 
 383611 	  665062 	   12 	  272842 	   11 
 338288 	  729784 	   59 	  639613 	   62 
 462664 	  552546 	   20 	  616040 	   19 
 481275 	  523666 	   18 	  571164 	   19 
 519036 	  483043 	   14 	  530282 	   15 
 473827 	  566922 	   24 	  603991 	   28 
 544484 	  461051 	   17 	  517212 	   13 
 584152 	  425118 	   16 	  476837 	   16 
 572344 	  498516 	   33 	  539688 	   32 
 679612 	  345528 	   14 	  386474 	   11 
 730387 	  286596 	   14 	  350695 	    9 
 794671 	  232237 	   35 	  318074 	   40 
