% num_local_points | num_send_points | num_send_procs | num_recv_points | num_recv_procs 
 572621 	  229450 	   21 	  516338 	   27 
 374851 	  433036 	   13 	  724075 	   16 
 194928 	  595589 	   11 	  893065 	   17 
     88 	  767783 	   12 	 1053173 	   32 
  23501 	  783609 	   25 	 1028254 	   19 
   1821 	  789905 	   16 	  832852 	   23 
      0 	  760977 	   15 	 1051741 	   20 
      3 	  803340 	   21 	  901922 	   14 
      9 	  772380 	   10 	  958275 	   19 
   5682 	  774149 	   16 	 1068820 	   12 
     29 	  782365 	   11 	 1130400 	   31 
      1 	  780385 	   13 	  915638 	   12 
      0 	  766104 	    8 	  694345 	   42 
      0 	  798522 	   16 	 1066038 	   24 
      0 	  795226 	   22 	 1037427 	   18 
      0 	  779714 	   11 	 1054917 	   25 
    143 	  821530 	   40 	 1077871 	   20 
  11053 	  754019 	   17 	 1073187 	   19 
     74 	  757615 	   19 	 1104265 	   28 
     24 	  758297 	   18 	 1061472 	   24 
     20 	  773236 	   22 	 1036167 	   18 
      0 	  779964 	   15 	 1052512 	   17 
      0 	  781318 	   13 	 1032353 	   44 
      0 	  782433 	   20 	 1097155 	   15 
      0 	  789963 	   20 	 1071248 	   18 
      0 	  779275 	   28 	 1071001 	   28 
      0 	  758838 	   12 	 1051237 	   21 
      0 	  760213 	   16 	 1007697 	   28 
      0 	  771743 	   21 	 1035678 	   21 
    717 	  797968 	   36 	 1060747 	   19 
     11 	  775006 	   12 	 1040868 	   24 
      0 	  786957 	   14 	 1028461 	   16 
    110 	  778628 	   11 	 1085522 	   83 
      0 	  804117 	   22 	 1052126 	   20 
      0 	  741377 	   11 	 1063454 	   27 
      0 	  759189 	   13 	 1069033 	   19 
      0 	  773629 	   19 	 1103840 	   23 
      0 	  767518 	   19 	 1087628 	   30 
      0 	  772705 	   16 	 1022847 	   20 
      0 	  766155 	   16 	 1050284 	   27 
      0 	  775217 	   19 	 1058501 	   18 
      0 	  733270 	   10 	 1040995 	   27 
      0 	  750234 	   10 	 1086101 	   38 
      0 	  769654 	   24 	 1053846 	   15 
     44 	  781247 	   71 	 1040085 	   15 
     11 	  772416 	   21 	 1104446 	   24 
      0 	  754653 	   14 	  961456 	   15 
      0 	  779602 	   17 	 1030568 	   43 
      0 	  785202 	   18 	 1044126 	   17 
      0 	  786804 	   19 	 1043598 	   22 
      0 	  794301 	   25 	 1047244 	   20 
      0 	  745596 	   17 	 1034544 	   17 
      0 	  768696 	   19 	 1047939 	   19 
      0 	  747338 	   18 	 1068594 	   56 
      0 	  762983 	   16 	 1035263 	   22 
      0 	  754657 	    7 	 1086384 	   34 
      0 	  770227 	   26 	 1038747 	   17 
      0 	  815627 	   34 	 1037723 	   18 
      0 	  778928 	   13 	 1061640 	   43 
      0 	  776729 	   15 	 1038417 	   21 
      0 	  751542 	   17 	 1026298 	   31 
      0 	  795881 	   21 	 1007251 	   13 
      0 	  763741 	   13 	 1021890 	   24 
      0 	  745822 	   13 	  637691 	   91 
      0 	  765199 	   49 	  251175 	    6 
      0 	  742295 	   11 	  205422 	    8 
      0 	  766744 	   17 	  222701 	    6 
      0 	  755504 	   17 	  159467 	   13 
      0 	  766905 	   20 	  314695 	   21 
      0 	  735870 	    9 	  560366 	   11 
      0 	  761764 	   20 	  531194 	   21 
      0 	  770903 	   48 	  720551 	    9 
      0 	  758695 	   12 	 1026743 	   14 
      0 	  753813 	   14 	  387581 	   23 
      0 	  762319 	   13 	  187417 	   15 
      0 	  777917 	   36 	  170648 	   10 
      0 	  756521 	   13 	  196787 	   20 
      0 	  759046 	   13 	  486461 	   25 
      0 	  752160 	   14 	  585625 	   14 
      0 	  767131 	   37 	  403544 	   13 
      0 	  746167 	   12 	  450303 	   24 
      0 	  759154 	   18 	  556513 	   13 
      0 	  741173 	   11 	  265996 	   15 
      0 	  730542 	   32 	  204221 	   18 
      0 	  742046 	   14 	  165082 	    7 
      0 	  745526 	   16 	  194933 	    6 
      0 	  814399 	   85 	  713497 	   14 
      0 	  825620 	   33 	  737995 	   14 
      0 	  792657 	   15 	  944157 	   25 
      0 	  774251 	   24 	  483189 	   24 
      0 	  774502 	   12 	  309178 	    7 
      0 	  752954 	   13 	  678858 	   12 
     18 	  808305 	   34 	  289556 	   26 
     66 	  813645 	   34 	  192421 	   11 
      0 	  796425 	   21 	  237817 	    7 
    722 	  808942 	   36 	  308096 	   33 
      0 	  809001 	   33 	  413939 	   12 
      8 	  791687 	   24 	  509762 	   37 
      0 	  774674 	   14 	  292757 	   12 
      0 	  755359 	   12 	  533188 	   13 
      0 	  778289 	   28 	  656164 	   39 
      0 	  796624 	   21 	  947592 	   18 
    120 	  820172 	   54 	 1033445 	   48 
      0 	  791746 	   24 	  978960 	   26 
      0 	  795602 	   41 	  789861 	   16 
      0 	  791094 	   34 	  765423 	   18 
      0 	  751609 	   19 	  521344 	   16 
   4224 	  868474 	   48 	  637431 	   25 
  13815 	  790215 	   22 	 1000851 	   17 
    148 	  803609 	   12 	  992806 	   20 
      0 	  820762 	   20 	 1038042 	   14 
     12 	  844794 	   27 	  983261 	   15 
    432 	  764401 	   12 	  885469 	   32 
     32 	  761708 	   12 	  674112 	   42 
     58 	  769222 	   20 	  529187 	    8 
      0 	  748330 	   12 	  371998 	   12 
      0 	  763666 	   12 	  433756 	   11 
     16 	  763113 	    9 	  362575 	    6 
     23 	  825792 	   27 	  250456 	   12 
      4 	  841520 	   40 	  522510 	   27 
      0 	  823744 	   18 	  970705 	   15 
      0 	  781713 	   21 	  955839 	   23 
   4761 	  760424 	   32 	  633854 	   23 
      0 	  762750 	   16 	  451938 	   10 
    163 	  791029 	   19 	  786924 	   12 
     43 	  837543 	   27 	  950871 	   20 
      0 	  809746 	   18 	 1028617 	   16 
     27 	  776723 	   21 	 1036219 	   16 
    533 	  745751 	    8 	 1045368 	   35 
     40 	  756715 	   14 	 1026034 	   15 
     62 	  754614 	   12 	 1034644 	   15 
     46 	  768951 	   26 	  743128 	   54 
      0 	  747480 	   10 	  452146 	    8 
  17164 	  730351 	   13 	  813311 	   15 
      0 	  750936 	   12 	  477284 	   18 
     16 	  754317 	   50 	  261736 	   16 
     39 	  802697 	   20 	  396784 	   46 
     16 	  764903 	   10 	 1017249 	   12 
     48 	  771169 	   51 	  973447 	   17 
     53 	  738259 	   11 	  951700 	   21 
     32 	  744180 	   17 	  803250 	   18 
    981 	  748961 	   12 	 1064812 	   34 
   5050 	  741858 	   22 	 1052055 	   33 
      0 	  752113 	   24 	 1078786 	   26 
      0 	  744368 	   20 	  888031 	   11 
      0 	  783458 	   54 	  916533 	   24 
     44 	  768365 	   25 	 1059778 	   16 
      0 	  770049 	   18 	  728205 	   21 
      0 	  780692 	    9 	  292478 	   11 
    121 	  773824 	   19 	  858741 	   41 
   7372 	  774216 	   20 	 1044660 	   16 
      0 	  762106 	   14 	 1043407 	   14 
      0 	  789751 	   23 	  677245 	   18 
   1566 	  803539 	   46 	  250781 	    8 
      0 	  777142 	   13 	  252520 	   14 
     24 	  774823 	   14 	  393735 	   14 
  24154 	  744209 	   12 	  859925 	   37 
  65652 	  724702 	   17 	  991588 	   22 
      0 	  796218 	   22 	 1070867 	   20 
     33 	  788232 	   42 	  671635 	   20 
      2 	  764575 	   15 	  491864 	   20 
      0 	  768619 	   21 	 1008194 	   19 
      4 	  769184 	   19 	  845909 	   19 
   8173 	  779975 	   27 	 1010431 	   66 
      0 	  805911 	   26 	  939157 	   22 
      0 	  779260 	   16 	  872111 	   21 
      0 	  805457 	   20 	  651536 	   11 
     35 	  784022 	   49 	  467889 	   17 
  11237 	  787683 	   22 	  751182 	   27 
     98 	  799174 	   18 	 1017116 	   17 
     22 	  834527 	   19 	  994820 	   18 
     12 	  842411 	   26 	 1030070 	   15 
      0 	  763085 	   11 	  976269 	   14 
    702 	  759035 	   14 	  814951 	   28 
    984 	  768533 	   19 	  652408 	   41 
      0 	  747694 	   13 	  505959 	   12 
      0 	  761941 	   15 	  368527 	   12 
    125 	  762701 	   11 	  428243 	    7 
     33 	  823554 	   35 	  344911 	    8 
     66 	  843554 	   38 	  248793 	   13 
      0 	  822571 	   17 	  667795 	   15 
      0 	  779411 	   22 	  994145 	   15 
  20627 	  743397 	   22 	  836417 	   25 
    978 	  754082 	   13 	  822463 	   24 
     32 	  791185 	   28 	 1029930 	   17 
     46 	  801733 	   21 	 1029319 	   15 
    105 	  748943 	   12 	  828774 	   38 
      0 	  754338 	   13 	  514403 	   10 
     38 	  754653 	   10 	  797437 	   15 
  61911 	  738321 	   33 	  931217 	   21 
     18 	  809844 	   14 	 1041554 	   17 
     68 	  787536 	   23 	 1029543 	   20 
     32 	  747339 	    8 	  678101 	   62 
     23 	  761529 	   13 	  490783 	    9 
  17052 	  748511 	   15 	  845161 	    9 
     35 	  759668 	   57 	  346852 	   21 
     34 	  809843 	   21 	  342332 	    9 
      9 	  768450 	   11 	  480021 	   26 
     35 	  771318 	   40 	 1011787 	    9 
     21 	  739178 	   13 	  982701 	   16 
  77588 	  677962 	   13 	  808920 	   24 
  17513 	  730540 	   13 	  857214 	   12 
  76193 	  670539 	   25 	 1037880 	   46 
      0 	  755929 	   20 	 1056692 	   25 
      0 	  760365 	   15 	 1054468 	   24 
      0 	  790020 	   46 	  881630 	   11 
     99 	  768777 	   22 	  947204 	   16 
   1188 	  769740 	   20 	 1053138 	   16 
    500 	  780836 	    6 	  574223 	   22 
     49 	  774891 	   17 	  322031 	    8 
    236 	  783052 	   14 	  977597 	   43 
      2 	  762448 	   18 	 1069610 	   17 
    972 	  786193 	   23 	 1036106 	   15 
     52 	  812598 	   42 	 1058408 	   43 
     14 	  763804 	   15 	 1077720 	   22 
      8 	  774448 	   12 	 1059770 	   18 
      0 	  779743 	   14 	  529198 	   19 
      8 	  765092 	   36 	  265324 	   13 
      0 	  760885 	   21 	  234354 	   12 
      4 	  774918 	   20 	  489147 	   14 
     13 	  773372 	   17 	  706489 	   25 
      0 	  793962 	   26 	  472398 	   13 
     18 	  811074 	   19 	  885892 	   16 
 108641 	  712624 	   25 	  732826 	   13 
  42625 	  748045 	   23 	  977045 	   50 
      0 	  795344 	   15 	 1028089 	   28 
      0 	  800792 	   18 	  857457 	   23 
      0 	  782952 	   46 	  400776 	    9 
     10 	  753711 	   10 	  578627 	   17 
     47 	  777027 	   19 	  374405 	   20 
     41 	  782170 	   20 	  503691 	   13 
    154 	  812457 	   21 	  361455 	   51 
     58 	  807552 	   23 	  404845 	   12 
      0 	  796299 	   16 	  250014 	   11 
    163 	  818766 	   51 	  345926 	   21 
  32314 	  750877 	   27 	  789765 	   15 
  23883 	  750643 	   20 	  517965 	   13 
 292123 	  511628 	   27 	  109236 	   22 
 184363 	  624176 	   23 	   60434 	    6 
  51640 	  782407 	   25 	  308422 	   14 
  10126 	  783926 	   12 	  370815 	   22 
  47983 	  789432 	   19 	  424471 	   16 
    195 	  824733 	   60 	  901378 	   15 
      0 	  793920 	   19 	  536971 	   16 
      0 	  780105 	   19 	  205411 	    9 
  26339 	  754200 	   12 	  385998 	   58 
   3244 	  761374 	   12 	 1087621 	   23 
    400 	  800549 	   28 	 1082297 	   19 
      0 	  764477 	   10 	 1072209 	   19 
   5242 	  776465 	   17 	 1075299 	   30 
     14 	  785261 	   10 	 1057768 	   15 
 102705 	  715913 	   33 	  950186 	   18 
  27108 	  740591 	    9 	 1062984 	   34 
 199010 	  595959 	   12 	  859622 	   15 
 450788 	  343367 	   14 	  606651 	    8 
 634097 	  167847 	   35 	  438959 	   39 
