% num_local_points | num_send_points | num_send_procs | num_recv_points | num_recv_procs 
  25893 	   51693 	   18 	   55707 	   23 
  27465 	   49556 	   10 	   46175 	   12 
  35414 	   39575 	   11 	   38441 	   12 
  30570 	   49846 	   21 	   33086 	   23 
  25281 	   51149 	   16 	   39682 	   17 
   8815 	   68949 	   23 	   39834 	   23 
  26771 	   48602 	   21 	   30455 	   18 
  26259 	   46871 	   12 	   18854 	   13 
  19835 	   59296 	   14 	   57213 	   18 
  15125 	   61079 	    9 	   71518 	    8 
  22352 	   67738 	   24 	   69199 	   19 
  21378 	   54238 	    9 	   42950 	   12 
  31033 	   55499 	   30 	  194884 	   42 
  41315 	   34472 	   17 	   43562 	   20 
  45799 	   26789 	   15 	   33123 	   16 
  18072 	   60420 	   23 	   47044 	   19 
  24624 	   51928 	   13 	   51358 	   11 
  32556 	   45465 	   15 	   45755 	   13 
  26310 	   51946 	   19 	   54267 	   19 
  41736 	   33358 	   22 	   41934 	   20 
  30174 	   44281 	   15 	   44450 	   12 
  35414 	   39025 	   18 	   37061 	   13 
  22316 	   65889 	   35 	   34054 	   34 
  32411 	   41878 	   11 	   46445 	    9 
  34744 	   40065 	   13 	   44502 	   11 
  38013 	   45451 	   20 	   24614 	   17 
  34724 	   40137 	   16 	   36051 	   13 
  44752 	   38606 	   15 	  107736 	   22 
  49527 	   26075 	   13 	   35882 	   13 
  49125 	   25838 	   15 	   19680 	   10 
  35383 	   43026 	   18 	   22739 	   11 
  45718 	   26851 	   12 	   14850 	   13 
  52781 	   31337 	   68 	   54007 	   80 
  39370 	   32633 	   14 	   37740 	   16 
  29993 	   45618 	   18 	   34471 	   18 
  32960 	   42508 	   14 	   46582 	   15 
  26925 	   56200 	   19 	   56290 	   18 
  24348 	   57956 	   23 	   66994 	   23 
  49204 	   24182 	   15 	   31690 	   17 
  31833 	   42066 	   19 	   42594 	   21 
  25889 	   47792 	   15 	   46813 	   11 
  36361 	   37275 	   20 	   33314 	   22 
  10926 	   70582 	   35 	   47537 	   33 
  37228 	   34969 	   13 	   37423 	   11 
  33859 	   43166 	   15 	   40565 	   10 
  31906 	   47979 	   22 	   55783 	   18 
  23721 	   48975 	   11 	   62306 	   15 
  49309 	   26628 	   40 	   51335 	   49 
  42281 	   30672 	   11 	   35686 	   10 
  48180 	   30831 	   18 	   30341 	   15 
  32564 	   44560 	   19 	   28074 	   11 
  49354 	   20864 	   12 	   26270 	   14 
  53794 	   16092 	   17 	   16922 	   13 
  38432 	   37332 	   51 	   38327 	   54 
  30969 	   44306 	   16 	   42832 	   15 
  38303 	   39506 	   34 	   40578 	   27 
  45467 	   26387 	   13 	   24043 	   12 
  48987 	   23742 	   15 	   26897 	   16 
  38352 	   37166 	   38 	   32034 	   36 
  39356 	   32369 	   17 	   31238 	   17 
  36304 	   35408 	   32 	   29569 	   27 
  54116 	   14525 	   13 	   16241 	   10 
  51542 	   22668 	   19 	   18232 	   20 
  24617 	   56256 	   86 	    8203 	  103 
    876 	   74829 	   24 	   16336 	   14 
  25501 	   49213 	   16 	   23569 	   11 
  17085 	   56426 	   14 	   46450 	    9 
  30377 	   45581 	   21 	   70195 	   17 
   1237 	   75366 	   27 	   26719 	   22 
  13782 	   60307 	   15 	   12494 	    9 
  47044 	   28640 	   21 	   23984 	   21 
  45382 	   25947 	   11 	   20102 	   10 
  49553 	   21444 	   13 	   18926 	   14 
  44875 	   32558 	   25 	   85672 	   21 
   9238 	   64701 	   26 	   93383 	   20 
    191 	   74398 	   16 	   42738 	   13 
  21350 	   53397 	   22 	   67724 	   19 
  24410 	   49895 	   23 	   66149 	   27 
  17920 	   55715 	   18 	   75537 	   11 
  11771 	   60993 	   15 	   45904 	   12 
   2859 	   71467 	   28 	   32927 	   28 
  15041 	   58491 	   18 	   35628 	   14 
  31242 	   45029 	   22 	   62018 	   17 
  17784 	   58093 	   28 	  131612 	   21 
   3942 	   69487 	   15 	   35081 	   15 
   4163 	   68108 	   14 	   70331 	   14 
  26226 	   46274 	   12 	   21864 	   17 
  37028 	   35865 	   15 	   26581 	   14 
  43271 	   32369 	   26 	   51571 	   25 
  18913 	   55302 	   25 	   60624 	   30 
  17330 	   55774 	   15 	   53198 	   14 
  21336 	   51232 	   17 	   64017 	   15 
  16384 	   58572 	   44 	   58380 	   37 
  14077 	   58489 	   16 	   77573 	   12 
   7359 	   62416 	   17 	   70127 	   10 
  24747 	   47501 	   33 	   58399 	   37 
  17498 	   55360 	   18 	   70214 	   14 
  12532 	   60672 	   36 	   74338 	   41 
  11569 	   60678 	   20 	   67923 	   19 
  13153 	   57231 	   17 	   66045 	   13 
  34909 	   41955 	   30 	   62817 	   42 
  34310 	   36816 	   18 	   42540 	   17 
  26148 	   72504 	   43 	   40880 	   49 
  35041 	   43216 	   16 	   77533 	   25 
  39899 	   33629 	   15 	   40260 	   13 
  27348 	   48264 	   17 	   20158 	   17 
  43009 	   32390 	   17 	   54464 	   19 
  28603 	   48550 	   19 	   69731 	   26 
  32328 	   41491 	   10 	   27387 	   13 
  44451 	   32644 	   17 	   59515 	   18 
  48137 	   22245 	   10 	   17198 	   12 
  36992 	   36089 	   12 	   38553 	   11 
  28903 	   48290 	   26 	   58141 	   29 
   7600 	   75271 	   39 	   28317 	   41 
  28094 	   44598 	   10 	   66708 	   11 
   7330 	   65746 	   11 	   32565 	   18 
  11258 	   63744 	   13 	   87948 	   16 
  11127 	   60936 	   10 	   44804 	    7 
   4914 	   69541 	   19 	   60151 	   12 
  15708 	   59977 	   30 	   87146 	   31 
  50899 	   21836 	   14 	   35213 	   12 
  45040 	   29471 	   22 	   27182 	   21 
  34728 	   40829 	   27 	   24909 	   25 
  28097 	   44102 	   12 	   35125 	   13 
  29943 	   43279 	   12 	   44655 	   11 
  29864 	   44394 	   20 	   48742 	   20 
  48862 	   22817 	   14 	   24735 	   12 
  52350 	   18736 	   12 	   18830 	   11 
  28812 	   47759 	   27 	   50466 	   31 
  17273 	   54167 	   11 	   53718 	   16 
  24028 	   49331 	   13 	   51275 	   14 
   9187 	   66557 	   53 	   52495 	   57 
  18749 	   52366 	    9 	   45028 	   11 
  15751 	   55200 	   16 	   43802 	   17 
    160 	   71673 	   21 	   36197 	   13 
   3008 	   68439 	   19 	   31721 	   20 
   1449 	   72164 	   45 	   12069 	   50 
  14532 	   55230 	    9 	   49158 	   13 
  18836 	   52739 	   16 	   60864 	   18 
  10478 	   67918 	   23 	   33616 	   21 
  22968 	   49024 	   22 	   35620 	   19 
  66109 	   26921 	   38 	  196815 	   40 
  51927 	   22647 	   28 	   23911 	   30 
  38065 	   37918 	   23 	   37309 	   25 
  34192 	   39474 	    7 	   32614 	   11 
   7688 	   68521 	   23 	   46436 	   27 
  21892 	   49989 	   15 	   53573 	    9 
  12742 	   63673 	   17 	  105462 	   20 
  15206 	   57902 	    8 	   33735 	   13 
  20521 	   60344 	   42 	  120984 	   49 
  24884 	   48834 	   14 	   48768 	   15 
  22196 	   52388 	   11 	   35277 	   10 
   3179 	   75399 	   15 	   43579 	   22 
  10288 	   65463 	    9 	   32485 	   13 
   2638 	   76220 	   16 	   84767 	   17 
  10147 	   66932 	   12 	  119998 	   16 
  22659 	   52896 	   42 	   90983 	   41 
  30996 	   43730 	   23 	   40489 	   21 
  32914 	   43626 	   20 	   23668 	   17 
  12873 	   68767 	   27 	   36313 	   16 
  28847 	   48591 	   24 	   71065 	   19 
  26417 	   48604 	   19 	   29873 	   17 
  30693 	   46356 	   16 	   77735 	   16 
  36408 	   45791 	   55 	  118605 	   60 
  34795 	   40930 	   18 	   59826 	   22 
  20726 	   58157 	   20 	   36190 	   18 
  17774 	   57918 	   11 	   57522 	   10 
  38403 	   36605 	   20 	   56516 	   24 
  36244 	   40873 	   22 	   61924 	   25 
  33329 	   39967 	    9 	   34770 	   14 
  40314 	   34514 	   17 	   51068 	   18 
  50255 	   20383 	   13 	   19309 	   14 
  32731 	   40189 	   12 	   35142 	   11 
  15724 	   61958 	   36 	   39147 	   25 
  11352 	   70706 	   35 	   49610 	   43 
  17900 	   56532 	    9 	   66066 	   13 
  22584 	   50324 	   13 	   60082 	   16 
   3296 	   70578 	   12 	   66952 	   15 
  10501 	   62444 	   14 	   50486 	    9 
   1185 	   72368 	   16 	   78669 	   11 
  20018 	   54385 	   20 	   68991 	   19 
  40554 	   31601 	   14 	   30965 	   14 
  36395 	   38273 	   30 	   41175 	   24 
  19736 	   57280 	   21 	   23860 	   21 
  51735 	   19425 	   13 	   18168 	   15 
  48857 	   22206 	   11 	   25599 	   10 
  29129 	   49521 	   28 	   66546 	   34 
  12215 	   62420 	   10 	   32722 	   11 
  44344 	   30449 	   15 	   53612 	   13 
  29426 	   45387 	   17 	   58434 	   15 
  35058 	   38334 	   10 	   30106 	   13 
  31619 	   42472 	   14 	   55169 	   15 
   5598 	   69362 	   59 	   28182 	   66 
  20067 	   53616 	   10 	   60496 	   12 
  13511 	   56909 	    7 	   50955 	    9 
    107 	   73691 	   22 	   28624 	   19 
   3009 	   70244 	   12 	   30678 	    8 
   3910 	   71469 	   26 	   31907 	   24 
  16313 	   57509 	   10 	   61961 	   14 
  13049 	   58719 	   10 	   55634 	   13 
   3775 	   74703 	   25 	   19912 	   25 
  31182 	   41850 	   15 	   32544 	   17 
  69254 	   29081 	   41 	  201259 	   45 
  50756 	   22804 	   22 	   38584 	   24 
  33634 	   42107 	   18 	   24125 	   22 
  35749 	   37298 	    6 	   35962 	   11 
  10928 	   67444 	   21 	   47642 	   16 
  28342 	   44149 	   16 	   45837 	   11 
  13318 	   64096 	   19 	   87213 	   23 
  15372 	   58088 	    9 	   50903 	   11 
  21262 	   57219 	   42 	  126217 	   50 
  15688 	   59475 	   12 	   50415 	   14 
  11374 	   64688 	   14 	   47141 	   12 
  31252 	   44586 	   41 	   53853 	   42 
  31127 	   43577 	   22 	   26250 	   19 
  21892 	   53210 	   18 	   54167 	   11 
  14353 	   64031 	   21 	   35512 	   23 
   3073 	   73167 	   14 	   10344 	   14 
   7254 	   65820 	    9 	  100543 	   14 
   3695 	   76724 	   15 	  134296 	   14 
   6518 	   75030 	   28 	   58808 	   26 
  12957 	   61392 	   11 	   59959 	   13 
  30805 	   42747 	   14 	   56430 	   16 
  23581 	   52915 	   14 	   88263 	   11 
  44322 	   34716 	   46 	   77211 	   45 
  36361 	   39022 	   20 	   40870 	   23 
  37232 	   38307 	   22 	   62846 	   18 
  25886 	   45763 	   12 	   50298 	   11 
  15186 	   59612 	   15 	   41229 	   19 
   1405 	   76837 	   25 	    8469 	   22 
  21076 	   50704 	   14 	   32364 	   11 
   7291 	   75963 	   50 	  116995 	   56 
  10825 	   62594 	   14 	   31330 	    9 
  13451 	   63769 	   16 	   63824 	    9 
   1747 	   75493 	   24 	   44440 	   22 
  29601 	   43389 	   20 	   45376 	   17 
  42746 	   36271 	   17 	   92948 	   15 
   9577 	   72839 	   25 	   87673 	   23 
   3783 	   68944 	   11 	   68158 	    7 
  10468 	   65134 	   15 	   33129 	    9 
   3527 	   76134 	   24 	   67001 	   22 
  26429 	   51598 	   18 	   87335 	   13 
  29726 	   45305 	   13 	   28283 	   12 
   6983 	   72837 	   18 	    3596 	   12 
   3051 	   70972 	   14 	   10065 	    9 
   4667 	   83503 	   65 	   23426 	   59 
  24007 	   53894 	   18 	   41919 	   17 
  35179 	   42757 	   16 	   43965 	   19 
  25091 	   53948 	   12 	   54482 	   19 
  27606 	   57295 	   24 	   74764 	   30 
  32520 	   42596 	   13 	   50204 	   16 
  27983 	   51789 	   16 	   65440 	   16 
  20237 	   69214 	   28 	   59639 	   31 
  31562 	   44454 	   10 	   62520 	   17 
  20952 	   54372 	   10 	   47935 	    6 
  35015 	   49273 	   31 	   50066 	   39 
