% num_local_points | num_send_points | num_send_procs | num_recv_points | num_recv_procs 
  51962 	  101012 	   61 	   94572 	   69 
  54635 	   90355 	   20 	   91146 	   21 
  49785 	   98841 	   14 	  102135 	   18 
  53788 	   84789 	   10 	   97724 	   12 
  36227 	  116471 	   17 	  117987 	   18 
  53346 	   88592 	   10 	  103080 	   13 
  61216 	   80418 	   10 	   94808 	   16 
  66756 	   82243 	   18 	   85048 	    8 
  33844 	  117976 	   39 	  123791 	   33 
  42454 	  100184 	   23 	  106089 	   22 
  44685 	  102612 	   13 	  103497 	   13 
  57129 	   86295 	    8 	   95377 	   11 
  27260 	  116765 	   19 	  123142 	   22 
  33656 	  108589 	   14 	  120571 	   15 
  30683 	  110004 	   13 	  121094 	   15 
  55263 	   88249 	   12 	   96143 	    9 
   9258 	  139252 	   26 	  147063 	   25 
  28642 	  107854 	    8 	  122185 	   17 
  32026 	  114128 	   16 	  119911 	   12 
  17212 	  123279 	   14 	  133090 	   18 
  18239 	  129901 	   19 	  136629 	   10 
  26371 	  113218 	   14 	  128726 	   17 
  31214 	  115379 	   23 	  114341 	   11 
    912 	  137884 	   13 	  150277 	   24 
  15581 	  129179 	   22 	  139297 	   77 
    137 	  162795 	   71 	  144868 	   12 
   2359 	  141782 	   16 	  134260 	   12 
  13253 	  129260 	    9 	  136666 	   30 
     76 	  140997 	   21 	  141429 	   19 
   5253 	  138408 	   19 	  145038 	   12 
      0 	  134497 	   11 	  143548 	   11 
   8123 	  134893 	   11 	  136054 	   11 
   4852 	  135894 	   12 	  151155 	   14 
      0 	  133622 	   11 	  147703 	   52 
     34 	  144729 	   44 	  141769 	   17 
    370 	  151529 	   36 	  144088 	   16 
     20 	  139376 	   17 	  153213 	   15 
      0 	  140213 	   17 	  144427 	   13 
   7145 	  132091 	   12 	  152162 	   18 
   4562 	  139449 	   15 	  148787 	   24 
      0 	  137834 	   14 	  143928 	   24 
     47 	  150279 	   29 	  151887 	   18 
    470 	  143145 	   20 	  139806 	   13 
    421 	  137711 	   11 	  154379 	   14 
    312 	  145929 	   15 	  144990 	   16 
     11 	  135946 	   12 	  148611 	   50 
      0 	  138636 	   20 	  145225 	   12 
     48 	  147973 	   48 	  146034 	   12 
      3 	  146131 	   23 	  145278 	   22 
      0 	  142235 	   12 	  147349 	   11 
      0 	  138856 	   12 	  150878 	   18 
   3134 	  145028 	   20 	  126095 	   16 
   6058 	  134414 	   10 	  140463 	    8 
  10673 	  124819 	    6 	  146697 	   36 
      5 	  140443 	   20 	  137904 	   44 
      0 	  131009 	   12 	  146612 	   12 
      0 	  140052 	   15 	  142862 	   13 
    181 	  155790 	   49 	  146522 	   21 
      0 	  134759 	   14 	  136057 	   16 
   8216 	  131488 	   13 	  148608 	   18 
     14 	  134827 	    9 	  145785 	   21 
      0 	  140324 	   21 	  139394 	   14 
      4 	  133957 	   14 	  141471 	   20 
      0 	  140196 	   19 	  147134 	   19 
     28 	  138626 	   20 	  143401 	   17 
      0 	  137457 	   14 	  144396 	   33 
      0 	  132599 	   11 	  151379 	   19 
      0 	  137365 	   22 	  147217 	   15 
      0 	  138448 	   20 	  146749 	    8 
      0 	  132294 	   13 	  152977 	   10 
  10243 	  138299 	   24 	  150140 	   29 
      0 	  149794 	   17 	  146660 	    8 
      0 	  143476 	   14 	  149253 	   14 
      0 	  137268 	   11 	  151870 	   19 
      0 	  143649 	   14 	  143471 	   18 
     83 	  157709 	   26 	  151752 	   12 
      0 	  137764 	    9 	  149157 	   15 
   3572 	  143651 	   15 	  154875 	   28 
      0 	  140034 	   10 	  150160 	    7 
      0 	  146269 	   19 	  156694 	   11 
      0 	  142538 	   14 	  163751 	   18 
      0 	  137282 	    9 	  171334 	   38 
     62 	  153263 	   27 	  152262 	   38 
      0 	  139727 	   12 	  146458 	   10 
      0 	  146356 	   13 	  153990 	   13 
      0 	  147984 	   19 	  164650 	   33 
     61 	  150821 	   34 	  149744 	   56 
      0 	  151159 	   35 	  145751 	   22 
      0 	  139069 	    9 	  151613 	   14 
      0 	  137409 	   13 	  148586 	   13 
      0 	  146192 	   24 	  141310 	   17 
      0 	  159533 	   51 	  150631 	   14 
   5300 	  129495 	   20 	  150878 	   14 
     38 	  132561 	   15 	  154914 	   26 
      0 	  144340 	   17 	  147311 	   11 
      0 	  144033 	   20 	  149885 	   18 
      0 	  134302 	   15 	  143039 	   19 
      0 	  138909 	   14 	  147844 	   10 
      1 	  143097 	   28 	  141667 	   17 
    708 	  141255 	   23 	  149744 	   21 
   3778 	  138997 	   17 	  155614 	   41 
     40 	  136395 	   11 	  161692 	   57 
      0 	  143708 	   15 	  148238 	   73 
      0 	  140143 	   16 	  151624 	   18 
      0 	  139090 	   15 	  143818 	   14 
      0 	  135090 	   18 	  150027 	   35 
     32 	  166115 	   98 	  146067 	   14 
      2 	  138632 	   10 	  146995 	   12 
   3315 	  137656 	   15 	  146243 	   16 
      0 	  136755 	   14 	  146072 	    8 
  14811 	  143567 	   31 	  136310 	   40 
      0 	  132326 	   10 	  140297 	   29 
      0 	  135117 	   12 	  139400 	   21 
  10631 	  141611 	   16 	  133050 	   10 
    138 	  133500 	   14 	  148643 	   16 
     32 	  133769 	   14 	  145017 	   16 
   4815 	  144091 	   41 	  140041 	   13 
  19451 	  118080 	   14 	  130977 	   35 
      0 	  134865 	   13 	  138252 	   12 
      0 	  138407 	   15 	  139383 	   15 
      2 	  138059 	   21 	  150541 	   18 
      0 	  134321 	   13 	  145387 	   13 
    238 	  148137 	   35 	  154478 	   49 
      0 	  134140 	   12 	  149527 	   17 
      0 	  137968 	   13 	  147357 	   15 
      0 	  141538 	   20 	  148267 	   24 
      0 	  137875 	   15 	  147679 	   14 
   4690 	  142066 	   51 	  142606 	   14 
    295 	  140726 	   14 	  149527 	   18 
     30 	  138984 	   14 	  144234 	   13 
      1 	  135874 	   15 	  144056 	   17 
      0 	  143727 	   19 	  145299 	   37 
      0 	  136358 	   12 	  144652 	   22 
      0 	  135402 	   13 	  152028 	   13 
      0 	  143114 	   20 	  154660 	   19 
      0 	  140192 	   18 	  150214 	   12 
      0 	  133539 	   15 	  151808 	   21 
      2 	  146725 	   36 	  152734 	   10 
      0 	  144443 	   18 	  159714 	   20 
      0 	  140323 	   12 	  148285 	   10 
     30 	  147477 	   16 	  158983 	   38 
      0 	  140181 	   15 	  144696 	    8 
      0 	  148351 	   24 	  151420 	   19 
      0 	  137045 	   12 	  151029 	   20 
      0 	  142158 	   11 	  144543 	   13 
      0 	  144610 	   20 	  157140 	   16 
      0 	  153845 	   39 	  147059 	   12 
      3 	  136065 	   10 	  148697 	   29 
     19 	  147961 	   18 	  153609 	   39 
      0 	  134937 	   10 	  147992 	   20 
      0 	  143666 	   18 	  145658 	   12 
   6159 	  132915 	   14 	  148190 	   42 
   7220 	  139450 	   20 	  154103 	   64 
      0 	  133560 	   12 	  144569 	   14 
      0 	  149085 	   43 	  139825 	   12 
      0 	  136982 	   10 	  146632 	   18 
      0 	  143321 	   19 	  139641 	   17 
      0 	  136021 	   12 	  145819 	   21 
      0 	  146977 	   39 	  144555 	   25 
    184 	  154641 	   64 	  139613 	   11 
      0 	  134285 	   11 	  139940 	   15 
     52 	  135574 	    9 	  144912 	   17 
      5 	  138734 	   18 	  147388 	   20 
      0 	  131839 	   13 	  138657 	   12 
      0 	  138731 	   23 	  153208 	   26 
      0 	  139302 	   25 	  145316 	   12 
      0 	  133584 	   12 	  150733 	   19 
      0 	  134122 	   18 	  147096 	   17 
      0 	  139356 	   22 	  143295 	   12 
      0 	  138116 	   20 	  138574 	   15 
      0 	  135403 	   16 	  135849 	    7 
      9 	  143276 	   26 	  152534 	   35 
      0 	  135785 	   10 	  145747 	   21 
      0 	  147358 	   18 	  144419 	   15 
      0 	  135583 	    8 	  145102 	   13 
      0 	  137860 	   17 	  136540 	    9 
      0 	  133161 	   13 	  148701 	   19 
      0 	  136178 	   20 	  143515 	   25 
   1625 	  148599 	   40 	  144192 	   61 
      0 	  135026 	   10 	  145253 	   75 
      0 	  143109 	   17 	  133445 	   13 
      0 	  133111 	   17 	  130993 	    9 
      0 	  131733 	   10 	  137332 	   16 
      0 	  142395 	   15 	  138577 	   30 
      0 	  133737 	   17 	  141567 	   19 
      0 	  140072 	   20 	  145484 	   10 
      0 	  136374 	   24 	  155346 	   20 
      0 	  149855 	   61 	  154534 	   11 
      0 	  155923 	   71 	  160943 	   21 
      0 	  130577 	   10 	  155052 	   27 
      0 	  130455 	   12 	  146141 	   18 
      0 	  128779 	   14 	  143619 	   12 
      3 	  138972 	   26 	  148806 	   17 
      0 	  143734 	   18 	  149019 	   12 
     18 	  134784 	    9 	  151851 	   33 
    262 	  146136 	   17 	  143697 	    9 
      0 	  146583 	   17 	  145759 	   14 
      0 	  145423 	   18 	  152325 	   20 
      0 	  152648 	   28 	  151003 	   11 
      0 	  132169 	   11 	  142854 	   12 
      0 	  140579 	   14 	  147519 	   31 
      0 	  146202 	   16 	  178098 	   44 
      0 	  139475 	   15 	  139590 	   36 
      0 	  130889 	    9 	  140639 	   11 
      0 	  149785 	   34 	  132004 	   15 
      0 	  142743 	   11 	  136113 	   13 
      0 	  131276 	    9 	  139615 	   19 
      0 	  148325 	   19 	  139245 	   21 
      0 	  143994 	   16 	  136143 	   13 
      0 	  133247 	   11 	  136881 	   28 
      0 	  141188 	   32 	  150902 	   14 
     33 	  159434 	   37 	  143491 	   15 
    951 	  142337 	   33 	  147518 	   15 
      0 	  131206 	   11 	  153754 	   12 
      0 	  130803 	   15 	  145247 	   25 
      0 	  127872 	   13 	  154462 	   17 
      0 	  130006 	   12 	  143996 	   14 
      0 	  138096 	   20 	  145468 	   13 
     45 	  136038 	   17 	  136979 	   15 
      0 	  129506 	   16 	  164070 	   30 
      0 	  140597 	   21 	  168186 	   49 
      0 	  133853 	   17 	  146731 	   24 
      0 	  139203 	   15 	  159870 	   57 
      0 	  139257 	   18 	  137363 	   10 
      0 	  136545 	   13 	  135080 	   20 
      0 	  140696 	   27 	  139094 	   13 
      0 	  134717 	   15 	  132386 	   13 
      0 	  142346 	   18 	  143243 	   31 
      0 	  136547 	   12 	  140607 	   19 
      0 	  133731 	   14 	  137365 	   18 
      0 	  133417 	   11 	  142406 	   27 
      0 	  157041 	   45 	  145005 	   14 
      0 	  135243 	   20 	  158497 	   17 
     62 	  150928 	   53 	  138782 	   12 
    317 	  130763 	   16 	  145831 	   12 
    461 	  130577 	   14 	  154894 	   45 
      0 	  130346 	   12 	  143303 	   11 
      0 	  130814 	   15 	  138608 	   11 
     48 	  140558 	   27 	  141585 	   19 
      0 	  127914 	   17 	  139290 	   13 
      0 	  142362 	   29 	  153993 	   31 
      0 	  133803 	   14 	  145189 	   18 
      0 	  139133 	   16 	  142738 	   19 
      0 	  142648 	   16 	  143512 	   51 
      0 	  136718 	   14 	  137290 	   16 
      0 	  130847 	    9 	  136460 	   21 
      6 	  152557 	   41 	  133004 	   18 
      0 	  135845 	   12 	  132875 	   12 
      0 	  131649 	    9 	  135742 	   24 
      0 	  139533 	   20 	  135838 	   15 
      0 	  137473 	   17 	  138771 	   16 
      0 	  139053 	   25 	  134674 	   14 
      0 	  140314 	   28 	  134829 	   29 
      4 	  133629 	   21 	  137056 	   18 
      2 	  137853 	   17 	  135482 	   15 
     11 	  134022 	   46 	  138279 	   13 
      0 	  131697 	   19 	  138328 	   20 
      0 	  131284 	   19 	  137237 	   18 
    129 	  125562 	   13 	  180559 	   59 
      0 	  126893 	   11 	  170635 	   33 
      0 	  129862 	   25 	  155126 	   17 
      0 	  131438 	   17 	  139689 	   13 
      0 	  132789 	   16 	  140598 	   15 
      0 	  129575 	   13 	  153465 	  152 
      0 	  134429 	   24 	  144708 	   26 
      0 	  128415 	   15 	  147085 	   13 
      0 	  129442 	   15 	  151509 	   38 
      0 	  131411 	   17 	  141412 	   13 
      0 	  135224 	   16 	  153231 	   23 
      0 	  136239 	   21 	  144454 	   16 
      0 	  139726 	   19 	  147970 	   10 
      0 	  172461 	   64 	  146849 	   16 
      0 	  144371 	   34 	  147401 	   44 
      0 	  138040 	   17 	  149263 	   20 
      0 	  134590 	   17 	  146444 	   14 
     38 	  139409 	  143 	  148552 	   36 
      0 	  131924 	   12 	  148454 	   17 
      0 	  142727 	   23 	  143285 	   21 
      0 	  139207 	   12 	  146398 	   13 
      0 	  152945 	   38 	  145812 	   18 
      0 	  137610 	   13 	  143395 	   34 
      0 	  140282 	   19 	  138979 	   22 
      0 	  141489 	   17 	  149649 	   26 
      0 	  136975 	   14 	  146593 	   21 
      0 	  136014 	   17 	  143390 	   13 
      0 	  146509 	   41 	  148725 	   22 
      0 	  143928 	   20 	  149067 	   14 
      0 	  136794 	   15 	  152067 	   13 
      0 	  149208 	   37 	  164830 	   32 
      0 	  137956 	   17 	  149390 	   34 
      0 	  134931 	   17 	  147320 	   13 
      0 	  139637 	   16 	  145252 	   18 
      0 	  135777 	   12 	  154358 	   22 
      0 	  140029 	   18 	  145691 	   43 
      0 	  144473 	   40 	  140437 	   10 
      0 	  133765 	   13 	  147241 	   16 
      0 	  141050 	   19 	  149817 	   17 
      0 	  140251 	   22 	  150586 	   17 
      0 	  135496 	   14 	  149019 	   18 
      0 	  139903 	   23 	  148126 	   13 
      0 	  136604 	   13 	  147407 	   24 
      0 	  141008 	   14 	  162016 	   80 
      0 	  151738 	   22 	  143141 	   17 
      0 	  139789 	   13 	  143782 	   11 
      0 	  142910 	   33 	  144794 	   25 
      0 	  141437 	   20 	  143332 	   14 
      0 	  140207 	   20 	  143837 	    9 
      0 	  146803 	   41 	  142237 	   39 
      0 	  135487 	   13 	  145025 	   19 
      0 	  140551 	   13 	  141177 	   13 
      0 	  136741 	    9 	  147806 	   27 
      0 	  153112 	   21 	  143448 	   13 
      0 	  137644 	   13 	  145114 	   16 
      4 	  141085 	   15 	  152662 	   47 
      0 	  134025 	   14 	  141621 	   12 
      0 	  147535 	   39 	  142858 	   20 
     18 	  155174 	   67 	  141715 	   25 
      0 	  138615 	   18 	  140412 	   10 
      0 	  133837 	   12 	  145870 	   16 
      0 	  139789 	   22 	  146856 	   43 
      0 	  138438 	   17 	  138518 	   12 
      0 	  133750 	   13 	  145296 	   15 
      0 	  139610 	   38 	  144505 	   19 
      0 	  137798 	   18 	  144055 	   19 
      0 	  136127 	   11 	  140049 	   12 
      0 	  143009 	   21 	  152181 	   28 
      0 	  137010 	   16 	  147141 	   13 
      0 	  135861 	   14 	  144719 	   15 
     29 	  144270 	   46 	  142631 	   17 
      0 	  133114 	   13 	  149314 	   13 
      0 	  136048 	   17 	  140002 	   10 
      0 	  139478 	   24 	  139023 	    9 
     70 	  131611 	   10 	  151656 	   59 
      0 	  135740 	   18 	  138081 	   14 
     47 	  137737 	   42 	  142446 	   12 
     11 	  134322 	   12 	  141705 	   23 
      0 	  141570 	   19 	  142082 	   15 
      5 	  135168 	   20 	  142831 	   16 
      5 	  137675 	   21 	  139429 	   22 
      0 	  134538 	   16 	  144501 	   42 
      8 	  142185 	   27 	  146870 	   73 
      0 	  137202 	    9 	  145368 	   17 
      0 	  138879 	   14 	  149110 	   15 
      0 	  134473 	   11 	  156027 	   21 
      0 	  143588 	   21 	  141831 	   15 
      0 	  135050 	   13 	  147198 	   14 
      0 	  135099 	   16 	  157763 	   29 
      0 	  142642 	   57 	  138777 	   13 
      0 	  132902 	   16 	  145403 	   15 
      0 	  136668 	   16 	  145231 	   24 
      0 	  133173 	   12 	  140964 	   10 
      0 	  145096 	   22 	  141728 	   12 
      0 	  133453 	   18 	  145082 	   39 
      0 	  132513 	   18 	  134246 	   14 
      0 	  135764 	   16 	  135673 	   11 
      0 	  137050 	   33 	  138771 	   28 
      0 	  143588 	   45 	  141488 	   15 
     43 	  151327 	   61 	  150593 	   13 
      0 	  139881 	   13 	  149365 	   23 
      0 	  141575 	   11 	  140530 	   14 
      0 	  140775 	   19 	  141685 	   13 
      0 	  142069 	   22 	  145468 	   26 
      0 	  139715 	   13 	  174260 	   46 
      0 	  139909 	   21 	  153707 	   35 
      0 	  144638 	   28 	  139827 	   16 
      0 	  141691 	   19 	  139577 	   23 
      0 	  132322 	   11 	  150887 	    8 
      0 	  139699 	   24 	  144341 	   11 
      0 	  136893 	   12 	  147468 	   22 
      0 	  144246 	   39 	  136566 	   18 
      0 	  132563 	   10 	  153970 	   26 
      0 	  134927 	   18 	  141606 	   22 
      0 	  132052 	   15 	  143320 	   17 
      0 	  136898 	   21 	  139677 	   36 
      0 	  136171 	   15 	  139162 	   16 
      0 	  137124 	   13 	  134106 	   12 
      0 	  146155 	   20 	  140157 	   18 
      0 	  136284 	   19 	  136848 	   15 
      0 	  129778 	   12 	  135886 	   20 
      0 	  134399 	   27 	  137585 	   23 
      0 	  156733 	   39 	  136598 	   16 
   2274 	  148243 	   34 	  163209 	   35 
      0 	  136300 	   16 	  143045 	   25 
      0 	  131702 	   13 	  163304 	  111 
      0 	  132886 	   24 	  139791 	   11 
      0 	  136807 	   13 	  138363 	   18 
      0 	  140077 	   25 	  134126 	   12 
      0 	  133464 	   17 	  134074 	   12 
      0 	  132078 	   13 	  140367 	   26 
      0 	  137973 	   23 	  141359 	   12 
      0 	  132950 	   13 	  144608 	   14 
      0 	  131436 	   12 	  141172 	   24 
      0 	  133029 	   29 	  143063 	   15 
      0 	  131291 	   12 	  150037 	   51 
      0 	  130313 	   19 	  139134 	   15 
      0 	  129533 	   20 	  135758 	   25 
      0 	  128648 	   13 	  142035 	   26 
      0 	  134235 	   18 	  143578 	   13 
      0 	  135406 	   20 	  139553 	   12 
      0 	  134197 	   16 	  140431 	   23 
      0 	  148096 	   33 	  143605 	   10 
      0 	  135034 	   26 	  144829 	   27 
      0 	  153166 	  112 	  146171 	   21 
      0 	  131333 	   17 	  143840 	   19 
     11 	  130525 	   18 	  143638 	   42 
      0 	  128740 	   12 	  134371 	   21 
     18 	  130867 	   15 	  136110 	   25 
     13 	  136196 	   22 	  130933 	   18 
      0 	  135195 	   16 	  134393 	   14 
      0 	  131050 	   11 	  133738 	   24 
      0 	  133239 	   22 	  137149 	   14 
      0 	  134514 	   13 	  138351 	   19 
      0 	  140934 	   30 	  131794 	   18 
     28 	  140267 	   35 	  166519 	   47 
     69 	  130284 	   20 	  137983 	   35 
      0 	  141847 	   26 	  138680 	   14 
      0 	  135611 	   13 	  132777 	   15 
      0 	  132636 	   11 	  137349 	   15 
      0 	  140069 	   25 	  138638 	   22 
      0 	  137423 	   17 	  145880 	   38 
      0 	  133735 	   17 	  169435 	   33 
      0 	  140585 	   25 	  154198 	   20 
      0 	  134087 	   27 	  139929 	   14 
      0 	  137176 	   20 	  137132 	   16 
     41 	  132394 	   45 	  147350 	  117 
      0 	  128132 	   19 	  153124 	   20 
      0 	  129531 	   23 	  146439 	   15 
      0 	  125121 	   15 	  148901 	   22 
      0 	  127257 	   13 	  143484 	   18 
      0 	  130547 	   24 	  139621 	   16 
      0 	  131286 	   16 	  153590 	   33 
      0 	  131788 	   16 	  143773 	   21 
      0 	  128144 	   14 	  136695 	   11 
      0 	  129701 	    9 	  143142 	   27 
      0 	  148441 	   47 	  141774 	   15 
      0 	  132050 	   20 	  143465 	   38 
      0 	  129507 	   19 	  142739 	   15 
      0 	  132388 	   16 	  150940 	   23 
      0 	  137824 	   22 	  138579 	   20 
      0 	  130368 	   13 	  140141 	   22 
      0 	  156200 	   41 	  140685 	   11 
      0 	  149194 	   37 	  154921 	   26 
      0 	  138097 	   28 	  145813 	   19 
      0 	  132283 	   13 	  141257 	   19 
      0 	  129208 	   16 	  137854 	   22 
      0 	  141191 	  100 	  138616 	   17 
     41 	  141916 	   18 	  167566 	   86 
      0 	  134962 	   15 	  143128 	   19 
      0 	  145466 	   27 	  143230 	   13 
      0 	  142098 	   22 	  138839 	   24 
      0 	  132170 	   14 	  137641 	   24 
      0 	  143220 	   31 	  143856 	   33 
      0 	  136901 	   23 	  139939 	   20 
      0 	  132206 	   15 	  140425 	   15 
      0 	  135844 	   23 	  145212 	   22 
      0 	  134378 	   18 	  138126 	   22 
      0 	  129028 	   13 	  135307 	   12 
    709 	  140548 	   36 	  143010 	   30 
      0 	  138212 	   24 	  138118 	   10 
      0 	  134665 	   15 	  137007 	   17 
      0 	  136628 	   27 	  134047 	   17 
      0 	  134216 	   23 	  146465 	   41 
      0 	  139054 	   22 	  148310 	   24 
      0 	  132939 	   11 	  134450 	   17 
      0 	  135044 	   14 	  149213 	   24 
      0 	  131879 	   15 	  137152 	   19 
      0 	  130092 	   24 	  135499 	   31 
      3 	  135833 	   20 	  159181 	   85 
     11 	  167434 	   86 	  140126 	   20 
      0 	  136841 	   21 	  134364 	   24 
      0 	  131750 	   12 	  138900 	   13 
      0 	  133939 	   23 	  140975 	   23 
      0 	  137317 	   18 	  138073 	   31 
      0 	  137720 	   31 	  135253 	   20 
      0 	  133124 	   13 	  136630 	   19 
      0 	  135373 	   25 	  140263 	   17 
      0 	  139239 	   24 	  133233 	   15 
      0 	  130137 	   14 	  142512 	   48 
      0 	  134007 	   22 	  139542 	   20 
      0 	  133282 	   31 	  139403 	   24 
      0 	  126614 	    9 	  136048 	   15 
      0 	  129701 	    9 	  144338 	   22 
      0 	  130133 	   17 	  143705 	   25 
      0 	  130595 	   18 	  140899 	   16 
      0 	  141775 	   33 	  142211 	   18 
      0 	  133942 	   21 	  148920 	   30 
      0 	  129651 	   15 	  135949 	   14 
      0 	  142129 	   22 	  140959 	   75 
      0 	  130437 	   22 	  132843 	   16 
      6 	  132312 	   29 	  135189 	   14 
      0 	  152240 	   87 	  133563 	   20 
      0 	  130174 	   15 	  131656 	   19 
      0 	  132203 	   23 	  135704 	   35 
      0 	  136031 	   22 	  136137 	   16 
      0 	  132473 	   19 	  148004 	   18 
      0 	  132405 	   19 	  135663 	   15 
      0 	  126182 	   10 	  150164 	   35 
      0 	  128192 	   17 	  136901 	   35 
      0 	  131114 	   13 	  135361 	   17 
      0 	  130000 	   14 	  133312 	   19 
      0 	  129333 	   23 	  144823 	   14 
     31 	  139292 	   47 	  148467 	   36 
      0 	  134484 	   21 	  137439 	   29 
      0 	  130850 	   19 	  148208 	   22 
      0 	  130822 	   17 	  143387 	   32 
      0 	  139865 	   22 	  134995 	   26 
      0 	  131275 	   15 	  135844 	   20 
      0 	  139306 	   25 	  149243 	  159 
      0 	  126820 	   15 	  140320 	    9 
      0 	  144833 	   24 	  144529 	   65 
      0 	  135384 	   30 	  144445 	   11 
      0 	  137920 	   21 	  137232 	   40 
      0 	  133004 	   71 	  147913 	   19 
      0 	  126827 	   18 	  137946 	   18 
      0 	  127468 	   21 	  123989 	   14 
      0 	  125635 	   15 	  116398 	   14 
      0 	  127229 	   15 	  122345 	   23 
      0 	  131763 	   34 	  129331 	    9 
      0 	  128338 	   14 	  127763 	   15 
      0 	  136392 	   21 	  117346 	   20 
      0 	  128875 	   15 	  114880 	   26 
      0 	  143639 	   31 	  111364 	   24 
      0 	  138559 	   38 	   88110 	   13 
      0 	  128443 	   16 	   79220 	   12 
      0 	  126084 	   13 	   78640 	   10 
      0 	  132984 	   17 	   70070 	   13 
      0 	  142269 	   31 	   62413 	   10 
      0 	  141352 	   27 	   99797 	   17 
      0 	  127027 	   12 	  132220 	   10 
      0 	  144724 	   32 	  120166 	   11 
      0 	  137840 	   23 	  109198 	   24 
      0 	  130288 	   19 	  124739 	   19 
      0 	  128861 	   13 	   93768 	   20 
      0 	  143297 	  133 	   80150 	    8 
      0 	  133967 	   17 	   86408 	   11 
      0 	  139162 	   23 	   94955 	   10 
      0 	  141828 	   49 	   72105 	   13 
      0 	  134615 	   27 	   62801 	   11 
      0 	  136449 	   18 	   59180 	   28 
      0 	  140866 	   41 	   50749 	    3 
      0 	  134290 	   20 	   57531 	   37 
      0 	  140234 	   22 	   48105 	   28 
      0 	  141149 	   20 	   47115 	    6 
      0 	  141335 	   20 	   49352 	    8 
      0 	  142584 	   25 	   47829 	    7 
      0 	  142697 	   28 	   44118 	    9 
      0 	  141380 	   22 	   72354 	   58 
      0 	  135447 	   12 	  146124 	   15 
      0 	  148697 	   34 	  148582 	   17 
      0 	  142117 	   18 	  142319 	   15 
      0 	  144426 	   23 	  138345 	   14 
      0 	  143104 	   20 	  130516 	   20 
      0 	  143518 	   24 	  140218 	   24 
      0 	  133220 	   18 	  132950 	   14 
      0 	  138759 	   18 	  129018 	   20 
      0 	  140727 	   28 	  143150 	   14 
      0 	  147330 	   27 	  145299 	   12 
      0 	  142546 	   19 	  146057 	   10 
      0 	  142882 	   14 	  137829 	   14 
      0 	  145068 	   22 	  140504 	   26 
      0 	  145903 	   37 	  138860 	   31 
      0 	  155021 	   51 	  128269 	   10 
      0 	  143228 	   25 	  129884 	   12 
      0 	  147939 	   65 	  138768 	   13 
      0 	  141675 	   22 	  132187 	   16 
      0 	  132833 	   16 	  143341 	   69 
      0 	  140082 	   19 	  137861 	   15 
      0 	  136311 	   21 	  136813 	   11 
      0 	  136913 	   15 	  137768 	   11 
      0 	  142037 	   22 	  142388 	   18 
      0 	  142917 	   28 	  158736 	   31 
      0 	  137223 	   13 	  135295 	    8 
      0 	  141078 	   27 	  144865 	   16 
      0 	  132450 	   17 	  145065 	   12 
      0 	  136137 	   16 	  143449 	   15 
      0 	  136013 	   11 	  142777 	   17 
      0 	  131377 	   15 	  144375 	   18 
      0 	  131474 	   10 	  138103 	   10 
      0 	  142175 	   32 	  140195 	   20 
      0 	  132967 	   11 	  141222 	   14 
      0 	  136508 	   18 	  145707 	   29 
      0 	  138986 	   18 	  142529 	   23 
      0 	  135938 	   14 	  144388 	   13 
      0 	  143068 	   67 	  144771 	   14 
      0 	  129874 	   14 	  140781 	   15 
      0 	  129132 	   10 	  129919 	   71 
      0 	  130751 	   10 	   94634 	   13 
      0 	  132538 	   17 	   84547 	   11 
      0 	  131553 	   11 	   96581 	   12 
      0 	  137066 	   29 	   87164 	    9 
      0 	  138577 	   19 	   70471 	   41 
      0 	  133593 	   13 	  103051 	   12 
      6 	  135848 	   10 	  111634 	   50 
      0 	  133768 	   16 	   60641 	   10 
      0 	  130993 	    9 	   61836 	    9 
      0 	  132705 	   18 	   64954 	    9 
      0 	  135865 	   15 	   88658 	   18 
      0 	  133341 	   12 	  105831 	   11 
      0 	  130618 	   14 	   80293 	   16 
      0 	  135244 	   14 	   73833 	   10 
      0 	  135319 	   27 	   88664 	   15 
      0 	  133213 	   25 	   90089 	   10 
      0 	  135451 	   14 	   49134 	   27 
      0 	  137107 	   12 	   51577 	   14 
      0 	  132557 	   12 	   53210 	    7 
      0 	  143195 	   64 	   56461 	   11 
      0 	  139424 	   19 	   43515 	    5 
      0 	  144504 	   22 	   57527 	   16 
      0 	  143825 	   37 	   55390 	   20 
      0 	  151946 	   66 	   64483 	    8 
      0 	  142713 	   26 	   75362 	   18 
      6 	  143632 	   27 	   83738 	   24 
      0 	  139334 	   17 	   74079 	   11 
      0 	  141606 	   25 	   69857 	   10 
      0 	  140225 	   23 	   76869 	   10 
      0 	  144735 	   39 	  123814 	   51 
      0 	  142901 	   27 	  142726 	   49 
      0 	  143177 	   32 	  143433 	   25 
      8 	  139760 	   31 	  138502 	   58 
      0 	  141312 	   23 	  141920 	   12 
      0 	  140718 	   51 	  134350 	   11 
      7 	  143064 	   47 	  115590 	   17 
      0 	  132680 	   17 	  110134 	    8 
      6 	  134987 	   55 	  131845 	   15 
      8 	  135959 	   19 	  140772 	   29 
      4 	  132800 	   12 	  144850 	   18 
      2 	  141090 	   19 	  145216 	   21 
      2 	  139609 	   21 	  143230 	   13 
      0 	  132007 	   11 	  148647 	   16 
      0 	  139413 	   29 	  146017 	   19 
     11 	  135892 	   18 	  125151 	   43 
      0 	  138850 	   17 	  119831 	   30 
      0 	  133869 	   15 	  109760 	   14 
      0 	  138690 	   16 	  103332 	   11 
      0 	  136510 	   18 	   98069 	   20 
     11 	  143995 	   43 	  122598 	   11 
      2 	  135154 	   15 	  137932 	   23 
      0 	  134021 	   17 	  144162 	   20 
      0 	  133933 	   21 	  149785 	   26 
      5 	  132075 	   20 	  143836 	   29 
      0 	  137051 	   31 	  139440 	    7 
      0 	  132786 	   14 	  143865 	   21 
     28 	  136186 	   30 	  150697 	   80 
      0 	  139394 	   23 	  139503 	   16 
      0 	  134630 	   21 	  132852 	   12 
      0 	  131545 	   11 	  136367 	   11 
     26 	  141370 	   71 	  138379 	   10 
     89 	  137255 	   21 	  144420 	   21 
      2 	  134607 	   19 	  131084 	   20 
      0 	  136025 	   16 	  129168 	   20 
    488 	  130625 	   15 	  139397 	   40 
     96 	  135147 	   20 	  138804 	   10 
      9 	  142610 	   23 	  147013 	   13 
      4 	  136058 	   19 	  137089 	   25 
      0 	  132686 	   12 	  139593 	   14 
     18 	  143563 	   36 	  136959 	   13 
      5 	  134371 	   15 	  131983 	   30 
      0 	  130513 	   12 	  133899 	   13 
      0 	  137367 	   23 	  137970 	   24 
      0 	  132665 	   16 	  130851 	   15 
      0 	  130053 	   13 	  133464 	   56 
      0 	  136104 	   27 	   93169 	    9 
      0 	  138622 	   17 	   83482 	   11 
      0 	  138675 	   22 	   69188 	   12 
      0 	  132144 	   14 	   87253 	   12 
      0 	  132333 	   11 	   85964 	    9 
     78 	  144292 	   55 	  102869 	   52 
      3 	  139988 	   23 	  120191 	   26 
     17 	  137113 	   43 	   66907 	   33 
     33 	  150216 	   54 	   68626 	   10 
   1644 	  142307 	   25 	   59854 	    5 
  35317 	  109925 	   29 	   20780 	   15 
  32407 	  109665 	   28 	   17744 	    6 
  15477 	  129308 	   35 	   34223 	   10 
      0 	  137946 	   17 	   47626 	    8 
     12 	  142242 	   17 	   51457 	    9 
      0 	  132983 	   12 	   57003 	   11 
      0 	  138820 	   17 	   55689 	   15 
      6 	  141263 	   36 	   77832 	   15 
      0 	  140179 	   22 	   74900 	   10 
      0 	  138344 	   20 	   73943 	    9 
      0 	  141092 	   52 	  100634 	   12 
      0 	  132188 	   16 	   89153 	   13 
      0 	  130647 	   26 	   87513 	    9 
      0 	  128077 	   13 	   68611 	   25 
      0 	  132029 	   13 	   79187 	   20 
      0 	  134153 	   27 	   79732 	   23 
      0 	  130860 	   19 	   71322 	    7 
      0 	  133704 	   13 	   77600 	   17 
      0 	  133228 	   16 	   79863 	    9 
     63 	  131208 	   19 	  109786 	   47 
      0 	  133833 	   13 	  139968 	   14 
      0 	  134645 	   37 	  136047 	   12 
      3 	  129965 	   13 	  138969 	   27 
   1364 	  131933 	   14 	  138790 	   15 
    179 	  136323 	   23 	  142962 	   28 
      0 	  131118 	   15 	  138280 	   18 
      0 	  134197 	   21 	  140337 	   15 
   1979 	  137121 	   22 	  138744 	   16 
  12857 	  118242 	   10 	  133840 	   12 
  20425 	  113778 	   12 	  122301 	   10 
     61 	  137050 	   17 	  138610 	   34 
      0 	  131823 	   16 	  141723 	   15 
     37 	  153641 	   74 	  145393 	   22 
      0 	  135150 	   35 	  139264 	   16 
      0 	  136622 	   45 	  145609 	   22 
      0 	  131762 	   12 	  144708 	   23 
      0 	  137331 	   18 	  138620 	   12 
      0 	  138407 	   16 	  147870 	   13 
      0 	  132181 	   10 	  141157 	   19 
      0 	  138778 	   15 	  144520 	   20 
     80 	  138432 	   36 	  140279 	   79 
      2 	  137418 	   28 	  144979 	   45 
      0 	  133987 	   22 	  143969 	   13 
      0 	  133117 	   11 	  134506 	   52 
      0 	  134336 	   21 	  132092 	   12 
      0 	  140133 	   27 	   99404 	    6 
      0 	  134087 	   18 	  126846 	   10 
    505 	  134347 	   13 	  139604 	   13 
      6 	  137468 	   16 	  131206 	   15 
      0 	  133781 	   17 	  122567 	   29 
      0 	  136552 	   17 	  130418 	   33 
      1 	  138750 	   27 	   96768 	   12 
      0 	  136204 	   29 	   91390 	   12 
  14310 	  124987 	   24 	  108237 	   20 
  27619 	  106036 	   13 	   91108 	   15 
  34196 	   96928 	   11 	  108424 	   22 
      0 	  141484 	   27 	  145211 	   16 
      0 	  134260 	   12 	  144934 	   12 
      0 	  143718 	   98 	  145757 	   19 
      0 	  141201 	   26 	  143384 	   19 
      0 	  141185 	   37 	  143547 	   17 
      0 	  135980 	   20 	  143313 	   33 
      0 	  136961 	   23 	  148908 	   31 
      0 	  138465 	   44 	  145466 	   27 
      0 	  136507 	   19 	  135245 	   24 
      0 	  135234 	   22 	  147073 	   28 
      0 	  136332 	   35 	  145871 	   14 
      4 	  132355 	   17 	   93352 	   87 
      0 	  135894 	   20 	   52917 	    5 
      0 	  139442 	   72 	   60614 	   12 
      0 	  134368 	   23 	   64934 	   13 
      0 	  134420 	   25 	   66294 	    7 
      0 	  130721 	   22 	   68956 	   12 
      0 	  129880 	   12 	   77537 	   29 
      0 	  133913 	   37 	   77878 	   16 
      0 	  136023 	   16 	   94342 	   14 
      0 	  134939 	   27 	   82733 	   14 
      0 	  133047 	   13 	   91253 	   14 
      0 	  133875 	   16 	   97697 	   37 
      0 	  133711 	   32 	   72181 	    9 
      0 	  133627 	   19 	   85296 	   15 
      0 	  147312 	   42 	   85907 	   14 
      0 	  129100 	   14 	   90949 	   15 
      0 	  132120 	   20 	   92352 	   12 
      0 	  131927 	   18 	   95088 	   25 
      0 	  132405 	   22 	  100874 	   13 
      0 	  128715 	    9 	  113766 	   10 
      2 	  134528 	   66 	  108468 	   14 
      0 	  131417 	   21 	  118542 	   14 
      0 	  132606 	   18 	  111806 	   68 
      0 	  132751 	   21 	  117137 	   15 
      0 	  133938 	   29 	  119295 	   15 
      0 	  137455 	   23 	  112037 	   20 
      0 	  148184 	   45 	  121328 	   14 
      0 	  133406 	   20 	  131100 	   37 
      0 	  133335 	   13 	  142012 	   16 
      0 	  136832 	   16 	  141347 	   16 
      0 	  136499 	   23 	  140975 	   25 
      0 	  130508 	   10 	  145621 	   17 
      0 	  134238 	   34 	  140909 	   18 
      0 	  135393 	   23 	  127895 	   37 
      0 	  132733 	   26 	  135602 	   17 
      0 	  131634 	   11 	  134830 	   21 
      0 	  132053 	   20 	  118241 	   15 
    370 	  157311 	   64 	  144917 	   10 
     16 	  133492 	   21 	  143448 	   34 
      0 	  135842 	   24 	  143363 	   20 
      0 	  130976 	   19 	  139633 	   22 
      0 	  128984 	   14 	  140841 	   11 
      0 	  143911 	   39 	  143088 	   22 
      0 	  128201 	   15 	  116423 	   79 
      0 	  129646 	   20 	  108595 	   16 
      0 	  131087 	   21 	  111086 	   17 
      0 	  131942 	   31 	  124074 	   17 
      0 	  130399 	   21 	  126009 	   14 
      0 	  129709 	   14 	  125781 	   28 
      0 	  134087 	   25 	  127034 	   16 
      0 	  136549 	   25 	  118717 	   18 
      0 	  135338 	   19 	  135550 	   12 
      0 	  175900 	   70 	  145033 	   11 
      0 	  126190 	    9 	  152732 	   43 
      0 	  138137 	   16 	  134936 	   21 
      0 	  142925 	   37 	  146213 	    9 
      0 	  139313 	   10 	  144363 	   21 
     27 	  143888 	   35 	  144823 	   20 
      0 	  127944 	    6 	  146250 	   34 
      0 	  130472 	    7 	  141369 	   11 
      0 	  128201 	    5 	  142510 	   14 
      0 	  153904 	   21 	  138337 	   21 
      0 	  164269 	   63 	  144209 	   20 
      0 	  135796 	   13 	  142397 	   14 
      0 	  141241 	   52 	  104082 	   72 
      0 	  132032 	   17 	  137344 	   19 
      0 	  143613 	   38 	  138505 	   10 
      0 	  134997 	   14 	  158169 	   11 
      0 	  137914 	   20 	  154830 	   32 
      0 	  133157 	   16 	  138889 	   20 
      0 	  135074 	   17 	  145720 	   16 
      0 	  137770 	   17 	  143262 	   19 
      0 	  138128 	   19 	  143778 	   40 
      0 	  136801 	   13 	  145367 	   10 
      0 	  138013 	   32 	  143342 	   12 
      0 	  137144 	   27 	  139478 	   21 
      0 	  136589 	   24 	  139804 	   19 
      0 	  139650 	   16 	  142627 	   30 
      0 	  133351 	   10 	  136424 	   15 
      0 	  138334 	   19 	  144348 	   23 
      0 	  135016 	   16 	  144352 	   24 
      0 	  138960 	   20 	  146408 	   24 
      0 	  135533 	   11 	  142806 	   20 
      0 	  140665 	   21 	  172306 	  148 
      0 	  138457 	   17 	  147237 	   18 
      0 	  142571 	   28 	  145250 	   22 
     12 	  132919 	   10 	  146262 	   59 
     25 	  140813 	   36 	  138077 	   24 
      0 	  134391 	   12 	  147033 	   51 
      0 	  141714 	   19 	  143288 	   17 
      0 	  138389 	   15 	  140151 	   18 
      0 	  137051 	   19 	  145106 	   12 
      0 	  133784 	   13 	  143199 	   21 
      0 	  137962 	   19 	  136276 	   15 
      0 	  135678 	   11 	  149186 	   22 
      0 	  135813 	   15 	  142117 	   14 
      0 	  149841 	   50 	  144780 	   22 
      0 	  134300 	   13 	  148987 	   34 
      0 	  137188 	   16 	  139945 	   11 
      0 	  134667 	   14 	  139840 	   21 
      0 	  132189 	   16 	  146072 	   11 
      0 	  140009 	   53 	  142974 	   19 
      0 	  132050 	   21 	  140436 	   11 
      0 	  137555 	   18 	  141394 	   19 
      0 	  131872 	   15 	  144727 	   15 
      0 	  141436 	   21 	  141828 	   19 
      0 	  135834 	   12 	  145258 	   13 
      0 	  133618 	   10 	  147051 	   24 
      0 	  141268 	   24 	  147106 	   40 
      0 	  136473 	   15 	  142776 	   15 
      0 	  130901 	   12 	  142567 	   21 
      0 	  137875 	   18 	  143554 	   15 
      0 	  134336 	   17 	  144919 	   19 
      0 	  137930 	   24 	  142822 	   10 
      0 	  150832 	   32 	  137588 	   26 
      0 	  139852 	   29 	  143053 	   12 
      0 	  131756 	   11 	  143763 	   25 
      0 	  135605 	    8 	  151021 	   55 
      0 	  131767 	   15 	  145044 	    9 
      0 	  136944 	   19 	  138605 	   14 
      0 	  134631 	   47 	  142870 	   14 
      0 	  131305 	   13 	  140021 	   18 
      0 	  129658 	   12 	  139837 	    9 
     21 	  133716 	   19 	  150171 	   57 
      0 	  134150 	   14 	  139695 	   25 
      0 	  128890 	   11 	  140653 	   13 
      0 	  136105 	   32 	  144448 	   24 
      0 	  136806 	   19 	  139736 	   14 
      0 	  130047 	   11 	  141912 	   11 
      0 	  130960 	   14 	  148584 	   25 
      0 	  139256 	   27 	  142866 	   17 
      0 	  134881 	   18 	  139593 	   21 
      0 	  138350 	   31 	  149345 	   16 
      0 	  133771 	   14 	  138865 	   14 
      0 	  129859 	   10 	  138401 	   38 
      0 	  136785 	   17 	  150008 	   17 
      0 	  134375 	   13 	  154223 	   32 
      0 	  136994 	   24 	  142144 	   13 
      0 	  133728 	   12 	  138550 	   10 
      0 	  132378 	   16 	  144802 	   17 
      0 	  137299 	   13 	  141475 	   17 
     29 	  144004 	   73 	  145973 	   41 
      0 	  134841 	   14 	  138866 	   16 
      0 	  143208 	   20 	  135718 	   19 
      0 	  138059 	   16 	  136539 	   14 
      0 	  133770 	   15 	  141735 	   11 
      0 	  137484 	   24 	  135696 	   32 
      0 	  144927 	   34 	  137804 	   14 
      0 	  131977 	   14 	  142593 	   18 
      0 	  138209 	   15 	  135368 	   15 
      0 	  137971 	   81 	  141442 	   14 
      0 	  133086 	   15 	  143065 	   29 
     12 	  139232 	   33 	  150067 	   33 
      0 	  138654 	   12 	  133667 	   10 
      0 	  131786 	   12 	  139458 	   20 
      0 	  142804 	   56 	  139028 	   20 
      0 	  135401 	   11 	  148363 	   13 
      0 	  131122 	   12 	  146103 	   26 
      0 	  139551 	   31 	  135906 	   15 
      0 	  137280 	   17 	  140968 	   15 
      0 	  132047 	   12 	  140712 	   13 
      0 	  135696 	   14 	  161971 	   84 
      0 	  137970 	   19 	  137865 	   11 
      0 	  137413 	   29 	  145504 	   24 
      0 	  133686 	   15 	  147614 	   10 
      0 	  138292 	   19 	  138882 	   11 
      0 	  132016 	   12 	  137309 	   20 
      0 	  138608 	   17 	  144185 	   34 
      0 	  132575 	   10 	  135694 	   13 
      0 	  134075 	   12 	  133299 	   87 
      6 	  138748 	   24 	  135367 	   44 
      0 	  131656 	   12 	  138299 	    7 
      0 	  130320 	   12 	  145707 	   68 
      0 	  149579 	   40 	  145695 	   13 
      0 	  141873 	   27 	  140606 	   14 
      0 	  133029 	   13 	  145365 	   24 
      0 	  132186 	   14 	  148469 	   16 
      0 	  136588 	   24 	  144982 	    8 
      2 	  135651 	   12 	  139640 	   22 
      2 	  136360 	   18 	  141422 	   21 
      0 	  134337 	   17 	  145572 	   13 
      2 	  133944 	   13 	  142061 	   31 
      0 	  134390 	   14 	  138361 	   20 
      0 	  135375 	   18 	  139917 	   12 
      0 	  139155 	   19 	  139064 	    9 
      0 	  140203 	   16 	  139648 	   20 
      0 	  133065 	   14 	  139311 	   14 
      0 	  135946 	   18 	  131345 	   27 
      0 	  136042 	   38 	  137562 	   15 
      0 	  134119 	   15 	  136228 	   35 
      0 	  144632 	   35 	  151904 	   21 
      0 	  138113 	   15 	  143313 	   13 
      0 	  135671 	   13 	  145873 	   12 
      0 	  145704 	   31 	  139507 	   10 
      0 	  136262 	   17 	  137171 	   21 
      0 	  134475 	   12 	  139994 	   11 
      0 	  131995 	   14 	  140263 	   13 
      0 	  140444 	   27 	  138546 	   25 
      0 	  137162 	   17 	  136577 	   20 
      0 	  141452 	   65 	  135996 	   13 
      0 	  139845 	   18 	  135587 	    7 
      0 	  134020 	   15 	  140458 	   16 
      0 	  137950 	   21 	  148081 	   20 
      0 	  136514 	   23 	  132431 	   17 
      0 	  133287 	   14 	  136542 	   14 
      0 	  137635 	   25 	  139641 	   14 
      0 	  133415 	   36 	  137526 	   37 
      0 	  130485 	   15 	  118421 	   37 
      0 	  134887 	   22 	  117967 	    9 
      0 	  133868 	   16 	  125243 	   10 
      0 	  131541 	   18 	  121746 	   34 
      0 	  133545 	   20 	  141993 	   16 
      0 	  131159 	   16 	  127986 	   15 
      0 	  136090 	   27 	  133296 	   15 
      0 	  133230 	   17 	  109877 	   13 
      0 	  134264 	   21 	  129446 	   24 
      0 	  134577 	   19 	  109868 	   13 
      0 	  138122 	   46 	  116117 	   11 
      0 	  135079 	   12 	  120171 	   65 
      0 	  134882 	   18 	  142171 	   19 
      0 	  136492 	   18 	  144431 	   17 
      0 	  137480 	   20 	  139647 	    8 
      0 	  134734 	   15 	  143071 	   17 
      0 	  135008 	   15 	  143848 	   20 
      5 	  137426 	   55 	  138775 	   11 
      0 	  132354 	   31 	  141289 	   31 
     17 	  140998 	   51 	  138181 	   43 
      0 	  136861 	   23 	  139203 	   14 
      0 	  134724 	   11 	  137187 	   19 
      0 	  137377 	   20 	  141577 	   21 
      0 	  135635 	   19 	  136148 	   14 
      0 	  134617 	   14 	  138509 	   19 
      0 	  133544 	   12 	  137881 	   32 
      0 	  138781 	   20 	  138863 	   13 
      0 	  132033 	   12 	  141012 	   27 
      0 	  134712 	   15 	  140701 	   16 
      0 	  139185 	   35 	  140189 	   15 
      0 	  133514 	   18 	  142021 	   49 
      0 	  133573 	   17 	  144153 	   22 
      0 	  136532 	   13 	  138740 	   15 
      0 	  134208 	   13 	  146840 	   20 
      0 	  133535 	   20 	  141775 	   14 
      9 	  136160 	   20 	  140615 	   62 
      0 	  132247 	   10 	  140350 	   27 
     17 	  137916 	   27 	  143495 	   56 
      1 	  141394 	   28 	  145605 	   24 
      0 	  131300 	   11 	  145617 	   13 
      0 	  137253 	   18 	  140753 	   23 
      0 	  130800 	   12 	  139658 	   21 
      0 	  134561 	   41 	  138502 	   14 
      0 	  131791 	   18 	  138839 	   10 
      0 	  128959 	   13 	  141503 	   23 
      0 	  132344 	   23 	  141414 	   17 
      0 	  134134 	   20 	  141830 	   33 
      0 	  132978 	   26 	  146939 	   28 
      0 	  131081 	   19 	  138271 	   18 
      0 	  134071 	   17 	  141343 	   18 
      0 	  136508 	   21 	  140943 	   17 
      0 	  130268 	   10 	  139216 	   19 
      0 	  130936 	   16 	  140671 	   17 
      0 	  133883 	   36 	  140825 	   30 
      0 	  133757 	   24 	  140258 	   30 
      0 	  130472 	   18 	  140289 	   34 
      0 	  133422 	   23 	  144327 	    7 
      0 	  134450 	   20 	  143128 	   21 
      0 	  131308 	   18 	  138380 	   10 
     10 	  134310 	   26 	  140074 	   43 
      0 	  134187 	   17 	  134207 	   12 
      0 	  136754 	   23 	  138342 	   19 
      0 	  131689 	   13 	  133895 	   20 
      4 	  139526 	   53 	  140254 	   15 
      0 	  134913 	   58 	  134185 	   11 
      0 	  135176 	   33 	  141329 	   30 
      0 	  132040 	   14 	  141967 	   21 
     17 	  137558 	   60 	  140276 	   19 
      0 	  133059 	   16 	  135090 	   12 
      0 	  132211 	   17 	  135948 	   15 
      0 	  133486 	   17 	  138042 	   34 
      0 	  132330 	   18 	  139078 	   16 
      0 	  132336 	   21 	  137262 	   16 
      0 	  133616 	   23 	  139429 	   20 
      0 	  134556 	   29 	  141117 	   23 
      0 	  136336 	   29 	  137413 	   18 
      0 	  132261 	   17 	  137750 	   27 
      0 	  134316 	   19 	  140735 	   21 
      0 	  133543 	   15 	  139104 	   22 
      0 	  130905 	   23 	  140128 	   19 
      0 	  130529 	   15 	  146833 	   60 
     20 	  133157 	   16 	  143537 	   63 
      0 	  130209 	   11 	  141863 	   28 
    399 	  136658 	   21 	  146392 	   59 
      0 	  131601 	   12 	  135858 	   13 
      0 	  136591 	   26 	  141455 	   17 
      0 	  134957 	   29 	  137729 	   12 
      0 	  132748 	   10 	  137446 	   13 
      7 	  138217 	   29 	  141105 	   18 
      0 	  131813 	   16 	  139441 	   30 
      0 	  136209 	   23 	  141752 	   29 
      0 	  131121 	   10 	  145427 	   32 
      0 	  136781 	   81 	  139687 	    9 
      0 	  134681 	   42 	  139947 	   26 
      0 	  133469 	   17 	  137997 	   15 
      0 	  133691 	   21 	  135747 	   27 
      0 	  132141 	   11 	  138470 	   17 
      0 	  134708 	   11 	  136015 	   15 
      0 	  131970 	   23 	  137997 	   18 
      0 	  130823 	   14 	  136747 	   19 
      0 	  134693 	   12 	  142535 	   18 
      0 	  134737 	   22 	  140077 	   27 
      0 	  131306 	   21 	  139855 	   30 
      0 	  131594 	   12 	  143479 	   19 
      0 	  133895 	   38 	  147899 	   31 
      0 	  130293 	    8 	  136785 	    9 
      0 	  134121 	   17 	  139851 	   24 
      0 	  133748 	   10 	  145582 	  109 
      0 	  130587 	   16 	  142808 	   13 
      0 	  132135 	   13 	  138444 	   12 
      0 	  133151 	   24 	  140828 	   17 
      0 	  128381 	   13 	  138702 	   15 
      0 	  129278 	   16 	  140791 	   15 
      0 	  131880 	   22 	  136715 	   20 
      0 	  129984 	   14 	  132294 	   12 
      0 	  126526 	   14 	  142152 	   14 
      1 	  138695 	   44 	  139836 	   19 
      0 	  142350 	   17 	  134035 	   11 
      0 	  134528 	   22 	  139351 	    8 
      0 	  131602 	   11 	  141555 	   50 
      0 	  140266 	   18 	  143455 	   19 
      0 	  142559 	   17 	  136200 	    7 
      0 	  138436 	   21 	  140335 	   25 
      0 	  143117 	   20 	  141406 	   11 
      0 	  132846 	   14 	  137614 	   26 
      0 	  134163 	   46 	  136711 	   13 
      0 	  133240 	   13 	  132261 	   12 
      5 	  133428 	   26 	  137833 	   24 
      0 	  130784 	   17 	  137647 	   10 
      0 	  130489 	   13 	  136431 	   50 
      0 	  141600 	   27 	  115290 	   19 
      0 	  137920 	   18 	  130504 	   13 
      1 	  136694 	   28 	  128611 	   20 
      0 	  134417 	   15 	  129457 	   12 
      0 	  136403 	   85 	  121409 	    8 
      0 	  129787 	   22 	  104288 	   18 
      0 	  130765 	   16 	  103261 	    9 
      0 	  135173 	   21 	  119204 	   19 
      0 	  130178 	   18 	  108968 	   15 
      0 	  129380 	   13 	  116239 	   11 
      6 	  133012 	   21 	  118663 	   44 
      0 	  129357 	   13 	  137579 	   14 
      0 	  128194 	   24 	  133457 	   12 
      0 	  127590 	   11 	  134968 	   26 
      0 	  128380 	   14 	  129242 	   16 
      0 	  135038 	   44 	  127257 	   26 
      0 	  132204 	   17 	  119097 	   11 
      0 	  128264 	   10 	  120272 	   12 
      0 	  135776 	   21 	  134455 	   24 
      0 	  138144 	   22 	  130033 	   16 
      0 	  130888 	   10 	  138535 	   93 
      0 	  135995 	   25 	  138592 	   15 
      0 	  131263 	   11 	  137122 	    7 
      1 	  133213 	   27 	  135824 	   25 
      0 	  133422 	   10 	  139307 	   18 
      0 	  136937 	   17 	  141265 	   29 
      0 	  131865 	   46 	  136203 	   11 
      2 	  127575 	   18 	  135615 	   14 
      0 	  125757 	   15 	  133287 	   25 
      1 	  126447 	   25 	  135074 	   13 
      0 	  127732 	   13 	  139283 	   45 
      0 	  131999 	   29 	  140081 	   20 
      0 	  136091 	   20 	  137169 	   11 
      0 	  132750 	   32 	  139812 	   23 
      0 	  127949 	   14 	  142586 	   18 
      0 	  135391 	   18 	  142315 	   19 
      5 	  133359 	   47 	  139192 	   30 
      7 	  128269 	   17 	  141061 	   14 
      0 	  129773 	   13 	  135174 	   24 
      0 	  131538 	   25 	  143536 	   14 
      8 	  130614 	   16 	  138128 	   16 
      7 	  132327 	   32 	  130218 	   50 
      0 	  131548 	   19 	  124679 	   17 
      0 	  134399 	   16 	  126676 	   25 
      0 	  137990 	   31 	  127278 	   18 
      0 	  132325 	   17 	  134098 	   28 
      0 	  133694 	   18 	  140676 	   13 
     93 	  154634 	  145 	  134136 	   25 
      0 	  137068 	   25 	  134841 	   15 
      0 	  131560 	    9 	  139392 	   10 
      0 	  138483 	   16 	  134579 	   45 
      0 	  131032 	   14 	  130677 	   16 
      0 	  134707 	   11 	  136843 	   26 
      0 	  138327 	   22 	  138032 	   20 
      0 	  141370 	   30 	  139146 	   12 
      0 	  144104 	   54 	  137533 	   31 
      0 	  139958 	   35 	  135869 	   15 
      0 	  133756 	   14 	  151555 	   27 
      0 	  138308 	   10 	  136570 	   15 
      0 	  134128 	    9 	  141661 	   14 
      0 	  139074 	   29 	  180477 	  113 
      0 	  135508 	   22 	  152246 	   65 
      0 	  142288 	   26 	  144107 	   28 
      0 	  137505 	   17 	  141267 	   15 
      0 	  134119 	   11 	  142204 	   15 
      0 	  136908 	   12 	  140691 	   15 
      0 	  135444 	   12 	  140656 	    9 
      0 	  143105 	   22 	  144328 	   18 
      0 	  134565 	   11 	  143124 	   35 
     37 	  137166 	   18 	  157195 	   60 
      0 	  135321 	   20 	  143657 	   14 
      0 	  138100 	   10 	  141733 	   10 
      0 	  132950 	   12 	  145277 	   14 
      0 	  136667 	   17 	  143671 	   15 
     38 	  144263 	   56 	  145635 	   26 
      0 	  141056 	   15 	  147472 	   19 
      0 	  137316 	   13 	  151461 	   19 
      0 	  136034 	   28 	  141247 	   10 
      0 	  133744 	   13 	  141354 	   16 
      0 	  137620 	   28 	  140891 	   15 
      0 	  135604 	   12 	  147302 	   23 
      0 	  139808 	   21 	  144456 	   10 
      0 	  144327 	   36 	  144027 	   20 
      0 	  135042 	   12 	  147918 	   25 
      0 	  139325 	   13 	  139424 	   16 
      0 	  136767 	   14 	  140785 	   15 
      9 	  138498 	   20 	  142763 	   64 
      0 	  137043 	   23 	  153155 	   16 
      0 	  134620 	   24 	  148889 	   12 
      0 	  132280 	   22 	  136838 	   12 
      0 	  135303 	   21 	  146105 	   23 
      0 	  137086 	   21 	  146870 	   29 
      0 	  136884 	   18 	  143300 	   12 
      0 	  138125 	   16 	  152995 	   39 
      0 	  143698 	   43 	  147347 	   15 
      0 	  136564 	   16 	  149703 	   13 
      0 	  142526 	   35 	  144849 	   12 
      0 	  132873 	   11 	  141054 	   21 
      0 	  138068 	   14 	  146047 	   24 
      0 	  139708 	   22 	  143372 	   13 
      0 	  139759 	   16 	  147484 	   28 
      0 	  140981 	   17 	  144765 	   29 
      0 	  138281 	   20 	  145742 	   22 
      0 	  135072 	   20 	  143301 	   12 
      0 	  136541 	   10 	  141551 	   16 
   5402 	  131804 	   15 	  136930 	   41 
      0 	  151199 	  105 	  137202 	   14 
      0 	  136449 	   27 	  147947 	   37 
      0 	  135444 	   18 	  138318 	   17 
      0 	  136697 	   20 	  138037 	   14 
      0 	  135434 	   20 	  124817 	   13 
      0 	  137204 	   17 	  119317 	   24 
      0 	  134671 	   24 	  119359 	   15 
      0 	  134027 	   17 	  123244 	    8 
      0 	  138084 	   14 	  126055 	   18 
      0 	  135338 	   10 	  140350 	   21 
      0 	  139038 	   18 	  141286 	   14 
      0 	  132309 	   13 	  143229 	    9 
      0 	  137978 	   16 	  125424 	   34 
      0 	  134511 	   12 	  144811 	  115 
     37 	  149997 	   50 	  147088 	   30 
      0 	  130851 	   14 	  140642 	   19 
      0 	  134001 	   16 	  146630 	   20 
     42 	  136224 	   23 	  141192 	   16 
      0 	  132742 	   13 	  148968 	   10 
      0 	  135646 	   20 	  142561 	   30 
      0 	  140775 	   24 	  146826 	   11 
      0 	  139020 	   17 	  151918 	   19 
      0 	  132748 	   12 	  145226 	   18 
      0 	  134796 	   30 	  140917 	   16 
      0 	  133891 	   15 	  140307 	   16 
      0 	  131173 	   11 	  141863 	    9 
     51 	  133233 	   19 	  148430 	   49 
      0 	  152402 	   46 	  149218 	   11 
      0 	  136054 	   12 	  140682 	   16 
      0 	  149652 	   33 	  141914 	   24 
      0 	  137280 	   13 	  140424 	   15 
      0 	  135677 	   10 	  140463 	   15 
      0 	  137823 	   17 	  152469 	   29 
      0 	  132857 	   10 	  141185 	   10 
      0 	  138683 	   13 	  147220 	   25 
      0 	  138403 	   13 	  142809 	   10 
      0 	  140559 	   21 	  146236 	   13 
      0 	  140077 	   20 	  144336 	   17 
      1 	  138374 	   12 	  144803 	   41 
     92 	  142871 	   46 	  140979 	   28 
      0 	  140588 	   15 	  144006 	   10 
      0 	  135165 	   10 	  137095 	   11 
      0 	  146630 	   19 	  119795 	   11 
      0 	  135607 	   12 	  140299 	   20 
      0 	  140233 	   22 	  130788 	   11 
      0 	  139845 	   16 	  130722 	    7 
      0 	  144905 	   21 	  123587 	   18 
      0 	  140645 	   22 	  101928 	   15 
      0 	  138119 	   16 	   98468 	   23 
      0 	  141417 	   25 	  105518 	   15 
      0 	  131945 	   11 	  107821 	    8 
      1 	  137888 	   33 	  110852 	   28 
      2 	  136247 	   24 	  138678 	   32 
      0 	  134924 	   11 	  130349 	    7 
      0 	  140941 	   18 	  143147 	   18 
      0 	  136094 	   14 	  138125 	   21 
      0 	  144121 	   91 	  110255 	   14 
      0 	  133862 	   23 	  104201 	   13 
      0 	  133173 	   18 	  122026 	   26 
      0 	  134866 	   24 	  122083 	   18 
      0 	  136425 	   21 	  121891 	   18 
      0 	  134417 	   16 	  125853 	   20 
      0 	  136557 	   34 	  123107 	   18 
      0 	  135931 	   29 	  127341 	   11 
      0 	  134436 	   15 	  143577 	   38 
      0 	  136950 	   24 	  136292 	   12 
      0 	  131781 	   16 	  153325 	   29 
      0 	  135508 	   20 	  146379 	   15 
      0 	  143925 	   48 	  146232 	   20 
      0 	  132022 	   16 	  143761 	   15 
      5 	  136787 	   19 	  145924 	  104 
      0 	  141353 	   27 	  139761 	   22 
      0 	  135396 	   23 	  142180 	   18 
      0 	  143915 	   26 	  143993 	   30 
      1 	  140838 	   30 	  142854 	   17 
      0 	  137645 	   21 	  147169 	   38 
      0 	  138815 	   22 	  139102 	   13 
      0 	  139327 	   27 	  140908 	   28 
      0 	  134894 	   14 	  144745 	   24 
      0 	  135894 	   24 	  144731 	   13 
      0 	  135426 	   13 	  140298 	   21 
     16 	  140794 	   70 	  145298 	   20 
      0 	  135489 	   16 	  145983 	   56 
      0 	  140813 	   20 	  145039 	   22 
      0 	  132881 	   13 	  149995 	   22 
      0 	  140975 	   31 	  147295 	   23 
      0 	  136005 	   14 	  152925 	   23 
      0 	  129231 	   13 	  145142 	   35 
      0 	  143569 	   27 	  142198 	   15 
      0 	  133579 	   13 	  145848 	   22 
      0 	  131320 	   14 	  142629 	   21 
      0 	  136332 	   17 	  142435 	   22 
      0 	  136828 	   16 	  145603 	   12 
      0 	  145434 	   56 	  149246 	   21 
      0 	  136617 	   14 	  144691 	   57 
      0 	  139041 	   22 	  146007 	   28 
      0 	  140448 	   26 	  142719 	    7 
      0 	  135083 	   16 	  142877 	   28 
      0 	  147864 	   35 	  137212 	   17 
      0 	  136565 	   12 	  138035 	   27 
      0 	  136939 	   15 	  140406 	   15 
     64 	  143810 	   31 	  137689 	   16 
      0 	  139180 	   16 	  136496 	   21 
      0 	  136238 	   17 	  135585 	   15 
      0 	  139954 	   25 	  141129 	   23 
   7812 	  130334 	   21 	  131560 	   51 
      0 	  144318 	   37 	  146105 	   12 
      0 	  132438 	   13 	  149608 	   26 
      0 	  140979 	   21 	  136437 	   16 
      0 	  133863 	   17 	  139308 	   13 
      0 	  138541 	   17 	  156626 	   32 
      0 	  141889 	   34 	  135779 	   18 
      0 	  137410 	   12 	  141746 	   22 
      0 	  149855 	   25 	  149978 	   24 
      0 	  137029 	   15 	  142435 	   14 
     49 	  147087 	  139 	  147434 	   27 
      0 	  133709 	   18 	  143516 	   11 
      0 	  136426 	   48 	  141372 	   24 
      0 	  138959 	   39 	  146881 	   39 
      0 	  142743 	   20 	  143578 	   16 
      0 	  137490 	   16 	  150472 	   20 
      0 	  137204 	   22 	  145962 	   13 
      0 	  138706 	   22 	  140714 	   20 
      0 	  136733 	   13 	  147463 	   39 
      0 	  143022 	   29 	  147489 	   17 
      0 	  136218 	   14 	  147325 	   21 
      0 	  134316 	   14 	  145387 	   18 
      0 	  140333 	   18 	  158069 	  162 
      0 	  140666 	   25 	  141369 	   26 
    873 	  135250 	   13 	  145854 	   56 
    369 	  141242 	   26 	  137296 	   14 
     46 	  136250 	   11 	  139421 	   48 
      0 	  137585 	   15 	  150204 	   23 
      0 	  133970 	   13 	  144695 	   17 
     18 	  146738 	   45 	  145561 	   27 
      0 	  140258 	   15 	  143297 	   20 
      0 	  135020 	   10 	  147845 	   15 
      0 	  137042 	   15 	  144983 	   30 
      0 	  138900 	   24 	  139896 	   14 
      0 	  132827 	   15 	  140841 	   13 
      0 	  138667 	   20 	  144053 	   30 
      0 	  136165 	   14 	  146604 	   14 
      0 	  132167 	   15 	  143145 	   26 
      0 	  135079 	   15 	  142038 	   15 
      0 	  136201 	   24 	  147838 	   17 
     22 	  139894 	   21 	  144164 	   50 
      0 	  132991 	   24 	  151453 	   18 
      0 	  134105 	   11 	  142162 	   15 
      0 	  141538 	   24 	  145473 	   14 
      7 	  146532 	   39 	  142756 	   26 
      0 	  133038 	   12 	  143597 	   14 
      0 	  137647 	    9 	  141043 	   13 
      0 	  137238 	   18 	  140629 	   18 
      0 	  135178 	   19 	  140538 	   13 
      0 	  142273 	   54 	  141718 	   16 
      0 	  131132 	   12 	  139150 	   19 
      0 	  134958 	   17 	  141316 	   20 
      0 	  144938 	   22 	  141217 	   13 
      0 	  134076 	   11 	  147846 	   27 
      0 	  135750 	   10 	  136631 	   10 
      0 	  131811 	   14 	  150766 	   58 
      0 	  135948 	   24 	  145423 	   12 
      0 	  136428 	   17 	  142093 	   11 
      0 	  131837 	   24 	  141960 	   12 
      0 	  135631 	   15 	  138698 	   16 
      0 	  130414 	   16 	  139205 	   19 
      0 	  138170 	   22 	  153547 	   61 
      0 	  141170 	   32 	  139308 	   12 
      0 	  142971 	   28 	  135260 	   19 
      0 	  133528 	   11 	  151396 	   28 
      0 	  134478 	   12 	  142387 	   14 
      0 	  136079 	   20 	  141629 	   14 
      0 	  137125 	   50 	  135626 	   23 
      0 	  128708 	   10 	  140250 	   13 
      3 	  133078 	   16 	  142084 	   18 
     18 	  135261 	   23 	  137906 	   28 
      4 	  129599 	   12 	  146314 	   16 
      0 	  131977 	   15 	  136127 	   22 
     23 	  135398 	   29 	  147774 	   42 
      0 	  129507 	   16 	  143266 	   14 
      0 	  132834 	   17 	  152847 	   31 
      0 	  134062 	   25 	  140982 	   15 
      0 	  133095 	   15 	  140445 	   14 
      0 	  138681 	   22 	  148341 	   21 
     53 	  143801 	   32 	  147025 	   44 
      0 	  130482 	   13 	  135134 	   14 
      0 	  137092 	   14 	  136488 	   20 
      0 	  128751 	   12 	  144850 	   25 
      0 	  130821 	   17 	  138755 	   16 
      2 	  134105 	   24 	  134031 	   11 
      4 	  131772 	   12 	  138784 	   32 
      0 	  137069 	   14 	  136918 	   20 
      0 	  131731 	   13 	  138799 	   26 
      0 	  142607 	   48 	  139644 	   11 
      0 	  134433 	   55 	  145593 	   21 
      0 	  137774 	   13 	  136923 	   42 
      0 	  140051 	   24 	  152092 	   22 
      0 	  134513 	   15 	  137204 	   18 
      0 	  135552 	   16 	  138913 	   17 
      0 	  132703 	   15 	  139775 	   12 
      0 	  144859 	   33 	  139091 	   10 
      0 	  131211 	   13 	  145400 	   23 
      0 	  132209 	   14 	  138120 	   13 
     31 	  142604 	   80 	  138882 	   13 
   5033 	  136879 	   38 	  138093 	   15 
   1283 	  129564 	    9 	  152708 	   64 
      0 	  133777 	   16 	  141285 	   30 
      5 	  141426 	   69 	  140559 	   14 
      0 	  135736 	   11 	  143531 	   12 
      0 	  133574 	   13 	  142608 	   16 
      0 	  139653 	   24 	  139090 	   34 
      0 	  132884 	   13 	  139748 	   14 
     21 	  138411 	   16 	  130243 	   94 
     15 	  136180 	   14 	  135992 	   40 
      0 	  138849 	   18 	  133156 	   17 
      6 	  132790 	   14 	  143570 	   72 
   3673 	  132169 	   21 	  147584 	   18 
      0 	  139296 	   22 	  145050 	   15 
      0 	  139534 	   18 	  140885 	   11 
     36 	  133262 	   10 	  146878 	   23 
      0 	  132918 	    9 	  146525 	   11 
      0 	  135443 	   15 	  145017 	   14 
     83 	  137023 	   25 	  137655 	   15 
   4816 	  126518 	   10 	  144323 	   23 
   5313 	  132823 	   14 	  134771 	   10 
     54 	  131005 	   13 	  138721 	   19 
      3 	  150784 	   40 	  147064 	   25 
      0 	  134867 	   14 	  142250 	    8 
      0 	  136617 	   15 	  136283 	   11 
      0 	  133918 	   22 	  140094 	   13 
      0 	  129822 	   11 	  139366 	   25 
      0 	  132949 	   15 	  137095 	   13 
      0 	  138455 	   20 	  138188 	   13 
      2 	  137283 	   16 	  139701 	   38 
      0 	  134299 	   13 	  146193 	   23 
      0 	  134526 	   18 	  141799 	    8 
      0 	  136450 	   18 	  137024 	   12 
      0 	  130766 	   13 	  137107 	    9 
      0 	  136358 	   15 	  147123 	   22 
      0 	  136892 	   17 	  138413 	   14 
      0 	  142695 	   33 	  135194 	    8 
      4 	  138524 	   12 	  132796 	   25 
      0 	  141212 	   33 	  143928 	   15 
      0 	  133310 	   15 	  138755 	   14 
      0 	  138531 	   14 	  139692 	   15 
      0 	  140127 	   17 	  143694 	   14 
      0 	  144819 	   34 	  135542 	   17 
      0 	  137264 	   12 	  132858 	   15 
      0 	  134611 	   11 	  134390 	   18 
     10 	  137695 	   26 	  145552 	   13 
      0 	  133039 	    9 	  131366 	   30 
      0 	  144747 	   40 	  121968 	   37 
      0 	  133693 	   15 	  118875 	   12 
      0 	  138075 	   18 	  119465 	    6 
      0 	  132014 	   18 	  142109 	   36 
      0 	  135066 	   20 	  131857 	   14 
      0 	  139912 	   18 	  127905 	   14 
      0 	  132759 	   12 	  118531 	   12 
      0 	  134506 	   33 	  119578 	   18 
      0 	  133512 	   19 	  129217 	   11 
      0 	  129002 	   14 	  110754 	   14 
      0 	  134587 	   25 	  108255 	    9 
      0 	  136162 	   17 	  143774 	   36 
      0 	  129931 	   16 	  139246 	   18 
      0 	  143421 	   33 	  143270 	   17 
      0 	  136551 	   32 	  142956 	   22 
      0 	  133414 	   13 	  137827 	   14 
      0 	  134472 	   21 	  148063 	   14 
      0 	  129638 	   15 	  140602 	   32 
      0 	  134878 	   26 	  137094 	   19 
      0 	  138643 	   59 	  135879 	   14 
      0 	  131935 	   14 	  138630 	   26 
      1 	  142112 	   21 	  144713 	   16 
      0 	  136667 	   16 	  134107 	   13 
      0 	  138984 	   14 	  142996 	   33 
     66 	  133224 	   10 	  142656 	   37 
     34 	  141222 	   43 	  140671 	   13 
      0 	  132501 	   12 	  140896 	   17 
      0 	  133894 	   19 	  137141 	   14 
      0 	  134097 	   52 	  138121 	   21 
     18 	  130756 	   17 	  143723 	   59 
      0 	  128137 	   14 	  142182 	   20 
      0 	  131777 	   27 	  143420 	   19 
      0 	  134724 	   24 	  142215 	   19 
      0 	  128784 	   13 	  145364 	   11 
      0 	  132835 	   33 	  143039 	   47 
      0 	  136044 	   22 	  142099 	   16 
     10 	  132441 	   20 	  148084 	   52 
      0 	  129313 	   12 	  133274 	   13 
      0 	  135717 	   18 	  136931 	   20 
      0 	  130721 	   17 	  135713 	   22 
     40 	  130752 	   32 	  137542 	   19 
     20 	  136554 	   22 	  138960 	   12 
     31 	  130005 	   12 	  135342 	   30 
      0 	  133188 	   20 	  140017 	   23 
      0 	  134268 	   18 	  139072 	   26 
     21 	  135772 	   23 	  136498 	   13 
     53 	  133480 	   20 	  140035 	   17 
    574 	  130930 	   14 	  137208 	   35 
      0 	  135001 	   16 	  135161 	   20 
     21 	  143486 	   64 	  145669 	   20 
      6 	  133319 	   17 	  136228 	   19 
      0 	  136857 	   43 	  138295 	   14 
      0 	  132040 	   15 	  136898 	   14 
      0 	  138758 	   60 	  141186 	   31 
      0 	  135963 	   21 	  136043 	   21 
      0 	  132199 	   14 	  140193 	   15 
      0 	  137092 	   25 	  137609 	   19 
      0 	  140506 	   25 	  151973 	   77 
      0 	  135233 	   14 	  144870 	   49 
      0 	  133175 	   11 	  139681 	   21 
      0 	  136852 	   11 	  145218 	   68 
      0 	  136313 	   15 	  139577 	   18 
   8685 	  128924 	   17 	  133514 	   18 
  22123 	  111095 	   18 	  117404 	   23 
   7886 	  128211 	   12 	  132883 	   22 
      0 	  130273 	   14 	  138773 	   29 
      0 	  136429 	   20 	  139128 	   10 
      0 	  134778 	   19 	  139729 	    8 
  16276 	  121005 	   26 	  127837 	   13 
  20614 	  111929 	   10 	  121846 	   18 
      0 	  139332 	   18 	  141191 	   18 
      0 	  141840 	   31 	  143753 	   16 
      0 	  135384 	   29 	  137712 	   16 
      0 	  134580 	   16 	  139973 	   22 
      0 	  132953 	   13 	  137461 	   20 
      0 	  137187 	   53 	  146521 	   26 
      0 	  130232 	   12 	  138674 	   10 
     34 	  135356 	   15 	  147130 	   34 
      0 	  130299 	   14 	  144256 	   19 
     24 	  137543 	   22 	  142929 	   32 
      2 	  132003 	   18 	  144107 	   11 
      0 	  130213 	   10 	  142520 	   14 
      3 	  137178 	   28 	  136899 	   12 
     23 	  134674 	   25 	  142629 	   55 
      0 	  130440 	   15 	  140401 	   19 
     33 	  134267 	   16 	  138704 	   13 
      0 	  132468 	   20 	  142424 	   24 
     78 	  135009 	   14 	  137310 	   18 
  18712 	  111616 	   11 	  118736 	   11 
    675 	  139221 	   30 	  142811 	   28 
  15814 	  122494 	   15 	  123627 	   22 
      0 	  132544 	    8 	  140111 	   16 
      0 	  138825 	   34 	  137130 	   15 
      0 	  134114 	   19 	  135782 	   18 
      0 	  135418 	   15 	  137366 	   19 
      0 	  132054 	   14 	  138185 	   20 
      0 	  129513 	   10 	  147173 	   30 
     50 	  135678 	   32 	  143189 	   17 
      0 	  131993 	   12 	  142734 	   16 
      1 	  136961 	   15 	  146322 	   32 
      0 	  133513 	   13 	  139862 	    9 
      0 	  141228 	  110 	  139433 	   10 
      0 	  134069 	   15 	  130887 	   12 
      0 	  132512 	   13 	  144295 	   36 
      0 	  135574 	   10 	  136661 	   11 
      0 	  131049 	    9 	  145636 	   16 
      0 	  132897 	   12 	  137743 	   12 
     29 	  136890 	   25 	  147167 	  134 
      0 	  130017 	    6 	  144746 	   14 
      0 	  132082 	   12 	  139001 	   11 
      0 	  139778 	   21 	  143889 	   17 
      0 	  129708 	    9 	  134194 	   16 
      0 	  128979 	   12 	  143973 	   19 
     10 	  134025 	   22 	  139370 	   18 
     52 	  133487 	   11 	  134509 	   21 
      0 	  142970 	   23 	  145684 	   13 
  15703 	  115694 	    9 	  119759 	   12 
     63 	  138647 	   14 	  134489 	   10 
      0 	  129175 	    9 	  139895 	   19 
      4 	  134109 	   25 	  137809 	   19 
      0 	  134137 	   13 	  143032 	   21 
      0 	  130442 	   12 	  147998 	    6 
      0 	  130024 	   11 	  142712 	   13 
      0 	  131044 	   15 	  134566 	    9 
      6 	  135969 	   49 	  142454 	   28 
      0 	  138857 	   13 	  139182 	   14 
      0 	  137530 	   20 	  137659 	   16 
      0 	  128841 	    8 	  140772 	    8 
      0 	  134498 	   13 	  135517 	   13 
     31 	  136116 	   21 	  119542 	   53 
      0 	  143660 	   18 	  134984 	   13 
      0 	  143318 	   20 	  125318 	   12 
      0 	  144659 	   20 	  134574 	   12 
  10689 	  133970 	   36 	  114434 	   10 
   7755 	  119447 	    6 	  110128 	   17 
      0 	  131786 	   15 	  104468 	   11 
      0 	  131631 	   16 	  101180 	   14 
      0 	  131350 	   14 	  110679 	   10 
   3581 	  134806 	   32 	  114080 	    9 
   3841 	  130501 	   16 	  111255 	    5 
    232 	  131048 	   13 	  132961 	   31 
      0 	  131112 	   20 	  130407 	   16 
      0 	  138392 	   19 	  134205 	   17 
      0 	  146535 	   60 	  133632 	   13 
      0 	  138077 	   17 	  130482 	   26 
      0 	  132486 	   14 	  123251 	    9 
      0 	  138571 	   15 	  114089 	   12 
      0 	  131477 	   11 	  124590 	   14 
      0 	  128103 	    9 	  128111 	   15 
      0 	  130137 	   24 	  135625 	    9 
      0 	  130477 	   15 	  144057 	   61 
      0 	  132843 	   15 	  143540 	   12 
      0 	  131360 	   13 	  141496 	   10 
      0 	  127271 	   12 	  143636 	   10 
    116 	  139081 	   25 	  136530 	   14 
      2 	  134023 	   15 	  139368 	   28 
      0 	  136088 	   17 	  140727 	   16 
    118 	  131753 	   10 	  139004 	   15 
  12228 	  132716 	   16 	  129385 	   16 
     66 	  137763 	   28 	  133661 	   11 
      0 	  128786 	    8 	  141573 	   28 
      0 	  132299 	   17 	  135085 	   10 
      7 	  139373 	   16 	  146262 	   18 
      0 	  137405 	   14 	  132001 	   11 
      0 	  128909 	   10 	  147193 	   18 
     10 	  131334 	   50 	  147548 	   32 
      0 	  129716 	   15 	  145925 	   16 
      0 	  129803 	   18 	  141234 	    9 
      0 	  127547 	   15 	  138027 	   15 
      0 	  125999 	   11 	  141416 	   18 
     19 	  130273 	   33 	  143630 	   59 
      0 	  138510 	   20 	  125209 	   18 
      0 	  138112 	   24 	  127501 	   17 
      0 	  133457 	   14 	  128509 	   16 
     19 	  134121 	   16 	  128918 	   28 
      0 	  135954 	   35 	  134269 	   12 
      0 	  131268 	   15 	  140191 	   10 
      0 	  132510 	   17 	  135683 	   15 
      0 	  132737 	   20 	  137414 	   13 
      2 	  128892 	   12 	  143093 	   38 
      8 	  135661 	   36 	  137132 	   18 
      0 	  138028 	   17 	  132588 	   10 
      0 	  138887 	   18 	  142092 	   18 
     80 	  135987 	   14 	  138074 	   19 
    142 	  141647 	   19 	  145871 	   39 
    105 	  155960 	  129 	  137686 	   17 
      0 	  134401 	   24 	  140475 	   14 
      0 	  136105 	   18 	  145951 	   21 
      0 	  130813 	   14 	  148520 	   18 
      0 	  133331 	   17 	  168569 	  107 
      0 	  136113 	   15 	  169905 	   65 
      0 	  132143 	    9 	  141288 	   26 
    255 	  135278 	   21 	  141772 	   16 
     70 	  141987 	   39 	  140471 	   18 
     51 	  154488 	   58 	  137919 	   16 
      0 	  136930 	   16 	  141207 	   10 
      0 	  133550 	   16 	  140202 	   19 
   1325 	  136712 	   24 	  148719 	   37 
     14 	  133548 	    9 	  150513 	   58 
     44 	  137062 	   20 	  150801 	   25 
      0 	  133291 	   16 	  141912 	   14 
     25 	  139247 	   48 	  147656 	   20 
   6753 	  129061 	   16 	  133384 	   10 
      0 	  131943 	   11 	  138982 	   14 
     32 	  135467 	   20 	  145787 	   17 
      2 	  139245 	   19 	  151331 	   56 
      0 	  138885 	   15 	  142105 	   14 
     42 	  134076 	   12 	  141686 	   15 
      0 	  138152 	   22 	  135743 	   12 
      0 	  133037 	   10 	  134533 	   16 
      0 	  138976 	   12 	  152022 	   18 
      3 	  141382 	   21 	  142938 	   18 
     23 	  143939 	   41 	  142904 	   21 
     37 	  140083 	   25 	  144857 	   13 
      2 	  133960 	   11 	  142969 	   20 
      0 	  136951 	   10 	  140808 	   13 
     48 	  140585 	   18 	  149935 	   36 
      2 	  133168 	   10 	  149913 	   21 
      0 	  134476 	   22 	  143691 	   15 
      0 	  132523 	   13 	  153281 	   17 
     91 	  138868 	   29 	  146286 	   24 
    317 	  139564 	   27 	  142498 	   11 
    173 	  135122 	   21 	  144226 	   21 
  23431 	  115185 	   23 	  128330 	   31 
   4073 	  130172 	   11 	  138871 	    8 
  28788 	  109870 	   18 	  113203 	   16 
  19440 	  115315 	    8 	  126711 	   14 
      1 	  139692 	   25 	  143058 	   14 
    102 	  140521 	   44 	  146825 	   17 
  14836 	  119355 	   13 	  135280 	   21 
     12 	  135278 	   13 	  146259 	   42 
    616 	  137572 	   20 	  139897 	   14 
  47073 	   90193 	   45 	   97759 	   11 
      0 	  131182 	   10 	  139677 	   22 
     96 	  140961 	   29 	  141502 	   46 
      2 	  140958 	   13 	  137286 	   13 
      0 	  137163 	   13 	  130044 	   16 
   5039 	  135680 	   20 	  146240 	   33 
   8217 	  129161 	   11 	  126654 	    6 
     67 	  134574 	   10 	  134293 	   19 
      0 	  137189 	   12 	  121629 	   14 
     30 	  140468 	   18 	  117399 	   18 
      0 	  137218 	   15 	  122317 	   13 
      0 	  136290 	   13 	  117393 	   13 
     20 	  147155 	   91 	  140486 	   10 
      0 	  144171 	   58 	  140946 	   18 
      0 	  135538 	   13 	  135484 	   11 
      0 	  136267 	   21 	  133764 	   16 
     17 	  136557 	   19 	  132928 	  121 
     11 	  133868 	   12 	  144479 	   25 
      0 	  132152 	   11 	  149216 	    8 
    103 	  142574 	   32 	  142863 	   18 
    113 	  130681 	   12 	  138526 	   16 
      0 	  131379 	   20 	  145094 	   20 
    413 	  136681 	   19 	  151343 	   36 
   2123 	  131407 	   13 	  139197 	   11 
   7055 	  128680 	   20 	  143002 	   17 
  48143 	   96832 	   29 	   99016 	   17 
      0 	  135758 	   13 	  139621 	   13 
      0 	  139304 	   15 	  143862 	   20 
   6677 	  131398 	   14 	  143635 	   25 
  13637 	  122770 	    9 	  137321 	    9 
  25235 	  119641 	   14 	  119433 	   11 
  25392 	  111637 	    9 	  121781 	   15 
      0 	  139063 	   24 	  157620 	   14 
     16 	  151863 	   36 	  142258 	   17 
      0 	  133601 	    7 	  146365 	   10 
     30 	  137436 	   15 	  146947 	   26 
    442 	  134523 	   13 	  145935 	   24 
      2 	  137047 	   14 	  145705 	   15 
      0 	  138346 	   12 	  149291 	   10 
      3 	  134172 	   14 	  147497 	   13 
    462 	  137560 	   72 	  139235 	   15 
      0 	  132502 	   18 	  148635 	   11 
     97 	  131435 	   13 	  145601 	   89 
  20545 	  116564 	   19 	  123532 	   23 
   3498 	  138766 	   17 	  138314 	   20 
      0 	  134730 	   14 	  139743 	   12 
     56 	  138528 	   36 	  147574 	   18 
    410 	  142037 	   21 	  149200 	   51 
   1971 	  138046 	   24 	  147724 	   26 
   1301 	  133643 	   14 	  143692 	   19 
   7437 	  138417 	   20 	  140033 	   29 
     86 	  138859 	   15 	  154615 	   16 
   2216 	  142691 	   41 	  148236 	   16 
  34521 	  102644 	   17 	  113935 	   44 
  15034 	  121314 	   15 	  132434 	   17 
  15056 	  120750 	   24 	  127586 	   11 
  55166 	   81839 	   15 	   86910 	   19 
  34534 	  100643 	   12 	  116986 	   17 
  49879 	  102630 	   39 	   97142 	    8 
  40355 	   98342 	   23 	  104358 	   36 
  56300 	   81234 	   10 	   88281 	   17 
  51190 	   94783 	   22 	  103074 	   23 
  82516 	   53641 	   12 	   61156 	   12 
  68574 	   72547 	   23 	   83256 	   20 
  74628 	   63851 	   16 	   68693 	   12 
  76136 	   74419 	   51 	   73350 	   16 
  40117 	   96541 	    9 	  100054 	   56 
  60213 	   89574 	   24 	   86335 	   12 
   7670 	  128613 	   10 	  137460 	   12 
   7470 	  130147 	   18 	  135372 	   13 
   3455 	  134384 	   12 	  118769 	   13 
  33758 	  101036 	   13 	   92633 	   15 
  61535 	   78664 	   15 	   67867 	    8 
  49764 	   87909 	   12 	   91625 	   29 
  29610 	  122212 	   37 	  109567 	    9 
  59618 	   79282 	   11 	   83730 	   15 
   4723 	  129556 	   10 	  136678 	   10 
   9831 	  134822 	   16 	  104993 	   15 
      0 	  134139 	   13 	  105093 	   15 
  58887 	   83418 	   16 	   43820 	   20 
  30082 	  114921 	   12 	   78777 	   14 
  47514 	   92944 	   13 	   60654 	    7 
  17232 	  125809 	   25 	   97674 	   28 
  10541 	  133665 	   14 	  107238 	   26 
  40735 	  107276 	   22 	   69480 	   18 
  62754 	   72153 	   16 	   58486 	   13 
  15043 	  125947 	   19 	   93737 	   12 
    225 	  143950 	   21 	  120433 	   20 
      0 	  132083 	   10 	  129543 	   24 
     65 	  142839 	   28 	  124497 	   15 
      0 	  137827 	   19 	  131553 	   12 
      0 	  134661 	    9 	  134824 	   29 
      0 	  143813 	   17 	  147558 	   11 
      0 	  134039 	    9 	  143587 	   27 
    631 	  153304 	   55 	  147664 	    7 
      0 	  137168 	   13 	  152247 	   16 
      0 	  147896 	   19 	  138185 	   12 
      4 	  134277 	    9 	  147535 	   53 
      0 	  155443 	   48 	  150616 	   10 
      4 	  136739 	    8 	  151953 	   11 
   3022 	  141215 	   17 	  153414 	   44 
      2 	  138369 	   16 	  152183 	   10 
    100 	  136233 	   14 	  145666 	   15 
    213 	  137048 	   34 	  144374 	    8 
     74 	  136043 	   21 	  142265 	   29 
   1374 	  133403 	   17 	  142504 	   20 
   3567 	  128500 	    9 	  134240 	   17 
   1651 	  138354 	   14 	  142087 	   17 
    454 	  142942 	   16 	  136605 	   22 
      0 	  139363 	   12 	  144519 	   18 
      0 	  132960 	    7 	  139146 	   22 
   6051 	  151675 	   30 	  129786 	   19 
      0 	  130673 	   11 	  140769 	    9 
     95 	  141171 	   24 	  148686 	   32 
     45 	  136341 	   17 	  140054 	   23 
   5078 	  131216 	   20 	  140449 	   22 
    164 	  134443 	   20 	  140132 	   11 
     30 	  142181 	   26 	  137696 	   19 
      3 	  137681 	   20 	  138757 	   20 
     12 	  143216 	   35 	  150024 	   28 
      0 	  137929 	   12 	  140770 	   20 
      7 	  142254 	   17 	  146775 	   38 
      0 	  137367 	   16 	  146629 	    9 
  13236 	  129334 	   22 	  136874 	   17 
      1 	  136477 	   13 	  141863 	   12 
      5 	  143874 	   15 	  150559 	   22 
      2 	  135577 	   15 	  141707 	   27 
  14857 	  133286 	  127 	  131726 	    9 
      0 	  131243 	   15 	  149714 	   21 
      0 	  137809 	   22 	  142738 	   11 
      0 	  130274 	   14 	  156482 	  140 
   2693 	  129201 	   17 	  137361 	   24 
    764 	  134461 	   19 	  139310 	   17 
  10819 	  121554 	   10 	  127010 	   18 
      0 	  136575 	   23 	  137688 	   16 
   3908 	  136301 	   39 	  134626 	   12 
   1952 	  131508 	   19 	  141608 	   26 
   6401 	  143172 	   58 	  138663 	   44 
      0 	  132319 	   11 	  141116 	   19 
  12291 	  126769 	   19 	  143108 	   74 
   3000 	  130171 	   11 	  134642 	   16 
  34381 	  101580 	   18 	  109382 	   18 
   3348 	  131209 	   18 	  134904 	    7 
     25 	  144116 	   49 	  143374 	   13 
      0 	  133206 	   14 	  141703 	   16 
   3354 	  132613 	   19 	  145767 	   44 
   3620 	  130039 	   17 	  140465 	   16 
  18649 	  119825 	   19 	  123325 	   14 
   3548 	  131341 	   17 	  134748 	   14 
     33 	  138378 	   37 	  142509 	   16 
     32 	  135216 	   14 	  141205 	   14 
      2 	  138069 	   16 	  145401 	   34 
   6938 	  127846 	    8 	  134677 	   16 
  33537 	  104548 	   14 	  109293 	   19 
     97 	  133666 	   17 	  142616 	   14 
  26928 	  117297 	   34 	  115628 	   18 
  20410 	  114492 	   20 	  121681 	   27 
  23933 	  111055 	   20 	  117554 	   27 
      9 	  139268 	   39 	  131139 	   15 
      0 	  134408 	   14 	  126529 	   13 
    159 	  139299 	   23 	  134694 	   40 
   2091 	  141745 	   28 	  137010 	    9 
    722 	  133317 	   11 	  144033 	   24 
    217 	  134753 	   18 	  147593 	   26 
     35 	  137069 	   22 	  137834 	    8 
  30349 	  105011 	   20 	  112106 	   13 
  35931 	  100066 	   13 	  102919 	   15 
   1210 	  136246 	   23 	  140317 	   14 
   1428 	  134535 	   36 	  142594 	   16 
      0 	  133691 	   23 	  136142 	   12 
  16647 	  121758 	   19 	  121097 	   45 
  15270 	  125491 	   13 	  118968 	   12 
  36682 	  109012 	   21 	   96954 	   12 
  35463 	  102926 	   10 	   88952 	   24 
  32535 	  112542 	   49 	   87248 	   49 
  51058 	   83177 	   12 	   90781 	   11 
  68422 	   69555 	   15 	   74494 	   16 
  73579 	   72527 	   30 	   78306 	   32 
  78709 	   59115 	   20 	   63004 	   10 
  64722 	   69031 	    9 	   76905 	   18 
  54129 	   79365 	   16 	   83169 	   13 
  44704 	   93488 	   14 	  102809 	   11 
  70860 	   66232 	   10 	   65396 	   12 
  69034 	   69802 	   25 	   72519 	   12 
  79774 	   53436 	    9 	   53562 	   30 
  54191 	   81930 	   15 	   76817 	   15 
  45458 	   96697 	   15 	   80145 	   16 
  46719 	   95789 	   16 	   69355 	   17 
  15074 	  119577 	    9 	  133009 	  134 
      0 	  140498 	   36 	  138464 	   39 
   3169 	  151181 	  132 	  139657 	    9 
    860 	  132581 	   13 	  139010 	   12 
   5940 	  129536 	   12 	  130788 	   19 
      4 	  139606 	   21 	  137854 	   11 
      6 	  132223 	   11 	  130429 	   11 
     62 	  135329 	   11 	  141456 	   27 
    178 	  141870 	   30 	  138216 	   13 
     21 	  130326 	   12 	  145542 	   17 
      0 	  132878 	   16 	  134452 	   11 
      6 	  140513 	   24 	  140819 	   16 
    196 	  134614 	   18 	  136486 	   34 
      0 	  139073 	   13 	  118170 	    8 
     14 	  142002 	   31 	  123741 	   11 
     88 	  136442 	   13 	  112186 	   13 
  34509 	  105479 	   18 	   68622 	    7 
  27528 	  115602 	   19 	   79410 	   13 
  62462 	   75863 	    7 	   43362 	   12 
  56616 	   86456 	   29 	   61834 	   27 
  58583 	   80322 	   12 	   45095 	   13 
    359 	  141526 	   20 	   99448 	    9 
      0 	  136112 	   24 	  115275 	   13 
  14206 	  123604 	   14 	   98519 	   28 
  45677 	   95199 	   20 	   69654 	    8 
  19291 	  123322 	   61 	  100564 	   12 
  45475 	   95173 	   20 	   85504 	   61 
  29457 	  105211 	   14 	  111481 	   16 
  25303 	  118765 	   26 	  117372 	   14 
  10166 	  121518 	   11 	  137144 	   21 
   2720 	  130112 	   11 	  140697 	   16 
  23728 	  120382 	   29 	  124926 	   37 
  29413 	  105794 	   16 	  113852 	   17 
  30267 	  111444 	   25 	  105115 	   14 
  35732 	   97542 	   19 	  110084 	   22 
  28586 	  110251 	   14 	  115504 	   17 
  12269 	  138411 	   46 	  136412 	   16 
  26640 	  111962 	   17 	  111298 	   43 
   1962 	  148572 	   33 	  109709 	    8 
  22922 	  114885 	   14 	  117604 	   12 
  11189 	  127385 	    9 	  140867 	   25 
   8621 	  132386 	   20 	  145482 	   27 
      0 	  134825 	   14 	  152920 	   17 
      0 	  137417 	   11 	  137342 	   14 
   5988 	  133215 	   15 	  134965 	   20 
  28806 	  119106 	   20 	  104764 	   10 
  29138 	  108571 	    9 	  109759 	   10 
  11018 	  130880 	    9 	  125201 	   24 
  13763 	  128799 	   19 	  132389 	    9 
   3138 	  150965 	   61 	  140792 	   16 
   7824 	  137618 	   20 	  137992 	   57 
   2976 	  136315 	   11 	  109362 	   40 
  14680 	  125004 	   11 	   91733 	   13 
  14475 	  127625 	   11 	   98966 	    9 
     36 	  145580 	   30 	  115614 	    9 
      0 	  140881 	   12 	  125036 	   10 
      0 	  139384 	   18 	  106258 	   14 
      0 	  134082 	   15 	  112310 	   22 
      0 	  136720 	   16 	  114190 	   13 
      0 	  134011 	   10 	   99460 	    8 
      0 	  138389 	   11 	  110742 	   10 
      0 	  142095 	   17 	  120569 	   18 
     61 	  145567 	   27 	  141670 	    9 
      0 	  136469 	   17 	  142711 	   13 
    918 	  131215 	   13 	  134425 	   12 
      0 	  138969 	   16 	  134571 	   11 
   3616 	  139702 	   18 	  140114 	   24 
  11731 	  127888 	   20 	  135741 	   21 
      2 	  138925 	   19 	  137146 	   16 
      0 	  133667 	   12 	  142259 	   14 
      0 	  139960 	   12 	  143742 	   10 
      0 	  145635 	   18 	  136385 	   11 
    302 	  151903 	   57 	  128979 	   29 
      0 	  144601 	   34 	  112882 	    6 
      0 	  141561 	   14 	  122810 	   13 
      0 	  144839 	   12 	  126219 	   56 
      0 	  137445 	    8 	  112154 	    7 
      0 	  146487 	   34 	  141668 	   12 
      0 	  135449 	   16 	  156480 	   36 
      0 	  144385 	   21 	  158946 	   19 
      0 	  143897 	   20 	  142931 	    8 
      0 	  139716 	   14 	  156977 	   15 
   2740 	  149877 	   31 	  146616 	   47 
   7482 	  136399 	   20 	  139395 	   13 
      0 	  145613 	   16 	  150729 	   23 
    218 	  141555 	   16 	  143341 	   13 
  11788 	  121358 	   10 	  138778 	   16 
      0 	  139097 	   17 	  137433 	   14 
  17076 	  137309 	   30 	  157875 	   38 
      0 	  137096 	   15 	  152198 	   17 
      0 	  137349 	   11 	  156507 	   17 
      0 	  143136 	   16 	  143850 	   21 
      0 	  154651 	   25 	  139826 	   15 
      0 	  134730 	   11 	  142206 	   30 
      0 	  145749 	   15 	  126778 	    6 
  10514 	  137240 	   17 	  137576 	   14 
    160 	  149454 	   34 	  133251 	   14 
      0 	  140784 	   13 	  147947 	   22 
      0 	  151611 	   24 	  144879 	   18 
      0 	  142804 	   14 	  127170 	   30 
      0 	  146725 	   16 	   83462 	    9 
    436 	  146523 	   30 	   85277 	   18 
      0 	  140317 	   22 	   85775 	    5 
   6043 	  135339 	   15 	   86276 	   13 
   2613 	  143748 	   16 	   84646 	    7 
    173 	  152793 	   21 	   89266 	   30 
    107 	  140766 	   13 	   81719 	   14 
      0 	  139465 	   12 	  130578 	   11 
     49 	  143921 	   12 	   94171 	   14 
   2253 	  150710 	   21 	   95343 	   13 
   2405 	  156308 	  147 	  126731 	   20 
      0 	  156837 	   48 	  144458 	    9 
      0 	  142252 	   12 	  150695 	   17 
      0 	  149072 	   20 	  154461 	   15 
      0 	  137523 	   13 	  146287 	  155 
    829 	  145107 	   19 	  150886 	   63 
      4 	  141413 	   13 	  150236 	   13 
     19 	  153656 	   44 	  154865 	   22 
      0 	  138213 	   19 	  148072 	   14 
      0 	  139712 	   24 	  146330 	   16 
      0 	  139112 	   18 	  149272 	   11 
    366 	  140800 	   24 	  168801 	   52 
    193 	  139396 	   23 	  141865 	   14 
     17 	  136838 	   15 	  149207 	   27 
     47 	  146112 	   33 	  148757 	   22 
      0 	  135019 	   13 	  144599 	   13 
      0 	  143759 	   21 	  151208 	   20 
     44 	  141858 	   17 	  152677 	   37 
      1 	  137938 	   16 	  143733 	   12 
      8 	  142157 	   17 	  146826 	   19 
      1 	  138029 	   12 	  144379 	   14 
     37 	  148240 	   39 	  144340 	   21 
      0 	  134230 	   13 	  144442 	   15 
      0 	  141359 	   17 	  149550 	   13 
      0 	  137892 	   16 	  153221 	   20 
     54 	  146017 	   20 	  151869 	   41 
     66 	  137046 	   12 	  143936 	   20 
      0 	  145378 	   19 	  142722 	   14 
      4 	  138873 	   14 	  152022 	   23 
     24 	  149247 	   31 	  144898 	   15 
      0 	  137279 	    8 	  152091 	   19 
      1 	  145263 	   26 	  142925 	   12 
     39 	  150844 	   58 	  154815 	   38 
      0 	  142002 	   22 	  144583 	   15 
      0 	  142191 	   17 	  155082 	   21 
   1918 	  135178 	   13 	  141499 	   63 
    273 	  135041 	   10 	  148862 	   23 
    420 	  148333 	   21 	  147581 	   22 
      0 	  138798 	   13 	  144679 	   14 
      0 	  143887 	   14 	  144394 	   17 
     87 	  137931 	   12 	  148673 	   21 
     56 	  139927 	   28 	  146509 	   10 
      0 	  141353 	   17 	  152671 	   16 
    116 	  137775 	   10 	  148680 	   27 
    703 	  140642 	   23 	  141423 	   15 
     10 	  139417 	   15 	  150802 	   15 
   1641 	  149587 	   38 	  144209 	   25 
      0 	  136608 	   15 	  143483 	   12 
    130 	  137416 	    7 	  164542 	   43 
   9220 	  140051 	   22 	  134427 	   15 
      0 	  141564 	   13 	  146311 	   13 
      0 	  137721 	   10 	  156251 	   11 
  10653 	  128483 	   15 	  139642 	   17 
     83 	  151044 	   22 	  148416 	   11 
      0 	  141869 	    9 	  145335 	   14 
  17867 	  128334 	   22 	  137881 	   19 
     38 	  142316 	   32 	  150848 	   12 
      0 	  136795 	   43 	  158318 	   18 
     73 	  153616 	   63 	  156460 	   41 
     48 	  146460 	   21 	  147322 	   72 
     80 	  143218 	   17 	  140199 	   28 
     13 	  142211 	   13 	  154583 	   24 
  19401 	  121036 	   12 	  129154 	   21 
   3587 	  142618 	   18 	  146272 	   13 
   1181 	  137494 	   13 	  149130 	   17 
   3410 	  143513 	   13 	  138700 	   13 
      0 	  141362 	   13 	  147548 	   15 
   5224 	  149236 	   32 	  150013 	   17 
     66 	  142727 	   13 	  157122 	   27 
  45745 	   94676 	   17 	  101622 	   15 
      0 	  140658 	   16 	  144940 	   14 
   1775 	  141381 	   12 	  151939 	   17 
  52348 	   85664 	   11 	   87990 	   10 
   3541 	  132018 	   13 	  147403 	   13 
     91 	  158914 	   24 	  153954 	   14 
   8621 	  132427 	   12 	  153073 	   22 
  23197 	  124210 	   20 	  127550 	   13 
   3415 	  154319 	   40 	  154707 	   18 
   6561 	  126749 	   14 	  154460 	   40 
  15175 	  127606 	   11 	  129805 	   10 
  24238 	  127146 	   18 	  120823 	   13 
  14258 	  123139 	   15 	  141653 	   17 
  38181 	  115353 	   37 	  116170 	   12 
  41814 	   98207 	   36 	  121198 	   49 
  38740 	  107272 	   39 	  106283 	   48 
  81781 	   66179 	   57 	   82757 	   77 
