% num_local_points | num_send_points | num_send_procs | num_recv_points | num_recv_procs 
  52052 	  108843 	   61 	   95621 	   67 
  58796 	   91053 	   20 	   88646 	   20 
  51709 	  102997 	   14 	   97159 	   19 
  71603 	   73845 	   10 	   82524 	   13 
  41448 	  118673 	   18 	  112139 	   18 
  67202 	   79577 	    8 	   80705 	   12 
  57022 	   96556 	   15 	   97939 	   16 
  81444 	   60982 	   13 	   63477 	    8 
  45984 	  111565 	   38 	  113471 	   31 
  48673 	  105210 	   22 	   98483 	   21 
  69270 	   79274 	   12 	   81836 	   14 
  58957 	   89259 	   11 	   97919 	   12 
  52645 	  104966 	   22 	   96790 	   21 
  65557 	   82680 	   13 	   80404 	   13 
  48381 	  103696 	   14 	  110414 	   15 
  68458 	   79692 	   14 	   85184 	    9 
  43275 	  114910 	   25 	  110581 	   24 
  52016 	  102840 	   16 	  104185 	   16 
  77405 	   69871 	   14 	   76288 	   12 
  46977 	  109959 	   19 	  104058 	   17 
  72784 	   72954 	   14 	   81376 	   10 
  57875 	   96509 	   23 	   96885 	   16 
  78847 	   66725 	   13 	   64734 	   11 
  74083 	   74293 	   23 	   72757 	   24 
  52434 	  118658 	   72 	  100196 	   75 
  73570 	   70387 	   13 	   71311 	   11 
  60281 	   83462 	    8 	   84704 	   11 
  63743 	   97170 	   24 	   95595 	   28 
  44231 	  109306 	   17 	   89493 	   18 
  59858 	   89982 	   12 	   95683 	   14 
  63254 	   78055 	    8 	   81323 	   10 
  62188 	   86997 	   14 	   80900 	   12 
  62061 	   92298 	   16 	  103220 	   13 
  58096 	  107137 	   46 	   91360 	   49 
  31222 	  106893 	   16 	  101254 	   14 
  10825 	  136649 	   17 	  131835 	   16 
   9048 	  131111 	   10 	  139035 	   13 
  11814 	  137988 	   16 	  135026 	   12 
   9560 	  134213 	   13 	  147293 	   18 
  40359 	  115883 	   30 	  108899 	   23 
  17131 	  132847 	   20 	  127577 	   19 
   8112 	  137340 	   11 	  143074 	   15 
   2509 	  150589 	   15 	  152975 	   13 
   1094 	  143847 	   14 	  151247 	   14 
   4867 	  138278 	   17 	  141541 	   15 
  26135 	  137278 	   48 	  118982 	   53 
  50981 	   97161 	   22 	   91520 	   11 
  40149 	  104928 	   10 	  103413 	   12 
  34182 	  115780 	   21 	  111961 	   19 
  22182 	  120666 	   12 	  118964 	   10 
  35379 	  108475 	    7 	  113846 	   18 
  29865 	  124894 	   20 	  105697 	   17 
  39012 	  104586 	   10 	  112866 	    8 
  14828 	  135229 	   16 	  139946 	   33 
  35884 	  116049 	   35 	  106377 	   41 
  11570 	  135476 	   40 	  132945 	   12 
   2803 	  141793 	   14 	  137705 	   14 
   7847 	  134170 	   10 	  142420 	   20 
   1044 	  145683 	   20 	  139312 	   17 
   9402 	  130399 	   14 	  144214 	   17 
   1430 	  144621 	   18 	  145919 	   21 
   4682 	  142096 	   20 	  139416 	   14 
     60 	  145707 	   14 	  134909 	   21 
   5390 	  139536 	   19 	  136797 	   17 
   4222 	  140073 	   18 	  150664 	   14 
     43 	  141705 	   17 	  140286 	   31 
   3279 	  147219 	   28 	  135471 	   19 
    168 	  144182 	   16 	  134213 	   15 
   2356 	  140862 	   12 	  142030 	    7 
  23923 	  119074 	   13 	  126348 	    9 
   9036 	  140584 	   14 	  144388 	   27 
    391 	  156865 	   25 	  143030 	    7 
  17454 	  130311 	   14 	  132344 	   12 
  16266 	  136804 	   15 	  132962 	   16 
    355 	  144260 	    8 	  147732 	   18 
  11753 	  136083 	   13 	  135260 	   10 
   2486 	  142850 	   12 	  139768 	   12 
   3670 	  138755 	    9 	  150036 	   27 
   7220 	  150884 	   27 	  143144 	    7 
  26208 	  118191 	   11 	  127919 	   11 
  22884 	  130945 	   12 	  138473 	   16 
  14220 	  141596 	   18 	  158044 	   35 
    131 	  159287 	   36 	  152585 	   38 
  24702 	  128626 	   35 	  122070 	    8 
   7330 	  141100 	   11 	  145071 	   12 
   5352 	  140784 	    9 	  155382 	   30 
     68 	  151529 	   24 	  153178 	   53 
     92 	  154960 	   52 	  143070 	   20 
  13228 	  131739 	   17 	  140960 	   13 
    399 	  149941 	   17 	  149081 	   13 
    212 	  139582 	   10 	  149257 	   16 
   7930 	  137359 	   19 	  144286 	   14 
   6804 	  143281 	   16 	  148751 	   14 
   1135 	  141971 	   12 	  146793 	   26 
   9001 	  143344 	   33 	  134341 	    9 
    383 	  141986 	   13 	  145229 	   15 
   2627 	  139707 	   14 	  145243 	   17 
   5537 	  144262 	   14 	  140490 	    7 
    327 	  144540 	   15 	  144633 	   13 
   6349 	  137828 	   14 	  154061 	   19 
    101 	  144638 	   17 	  159345 	   40 
  54641 	  117632 	   98 	  110237 	   53 
  55324 	   95543 	   11 	   97635 	   73 
  44757 	  104881 	   15 	  103229 	   16 
  49077 	  109237 	   33 	  100405 	   11 
  42537 	  106635 	   14 	  108934 	   34 
  40248 	  107746 	   11 	  108320 	   15 
  42105 	  100378 	    9 	  113125 	   12 
  27058 	  119445 	   16 	  119554 	   15 
  29935 	  113038 	   15 	  107284 	    7 
  40647 	  117131 	   40 	  113487 	   40 
  12842 	  125743 	   17 	  132091 	   27 
   1890 	  140784 	   16 	  134116 	   20 
  21416 	  122186 	   14 	  117407 	    9 
  10932 	  137205 	   19 	  136700 	   16 
  12598 	  133562 	   13 	  130606 	   14 
  16725 	  135803 	   35 	  133597 	   13 
   6215 	  134685 	   10 	  148189 	   33 
   9750 	  134720 	   12 	  127382 	   10 
   6011 	  142020 	   19 	  134633 	   14 
    936 	  144057 	   15 	  147399 	   17 
   2959 	  153096 	   47 	  140256 	   12 
   3089 	  144499 	   15 	  146944 	   47 
  10530 	  136490 	   12 	  141284 	   17 
  21134 	  120796 	   15 	  126956 	   15 
  13735 	  133012 	   18 	  131822 	   24 
  20857 	  121854 	   12 	  120400 	   10 
  21407 	  122998 	   18 	  126231 	   11 
  22596 	  118918 	   14 	  121853 	   19 
  25554 	  122266 	   17 	  118843 	   13 
  40959 	  105485 	   32 	  105969 	   15 
  10060 	  131534 	   17 	  131241 	   34 
  12711 	  140156 	   16 	  129415 	   20 
  32914 	  112072 	   16 	  115053 	   10 
  11649 	  126148 	   14 	  130461 	   20 
  36163 	  108771 	   21 	  103169 	   10 
  14851 	  131156 	   11 	  134161 	   19 
  43973 	  105178 	   10 	  111463 	   11 
  31894 	  121771 	   19 	  126090 	   19 
  32049 	  127380 	   38 	  115037 	    8 
  26294 	  117154 	   11 	  133031 	   40 
  28319 	  123308 	   17 	  116954 	    7 
  32074 	  108211 	   12 	  118415 	   17 
  23840 	  122985 	   17 	  124488 	   19 
  25195 	  115515 	   14 	  117135 	   11 
  22382 	  125480 	   18 	  126387 	   15 
  26877 	  117419 	   21 	  119053 	   10 
  32964 	  124828 	   38 	  115016 	   30 
  48875 	   97064 	   11 	  103571 	   40 
  33751 	  118632 	   20 	  116438 	   18 
  28992 	  119015 	   17 	  119379 	   11 
  15800 	  153913 	   82 	  141393 	   41 
   7335 	  132616 	    8 	  154238 	   60 
  22228 	  121681 	   11 	  118438 	   10 
  12126 	  125792 	    9 	  130264 	   12 
  13071 	  129005 	   22 	  128543 	   17 
  16071 	  128705 	   22 	  123204 	   14 
  23832 	  119775 	   23 	  117520 	   19 
  12654 	  128226 	   11 	  133526 	   22 
   7563 	  133207 	   17 	  134692 	   12 
    141 	  145401 	   21 	  139258 	   14 
   9268 	  136049 	   20 	  134638 	   17 
   1599 	  138150 	   16 	  143553 	   20 
   1003 	  148523 	   28 	  135340 	   11 
  14896 	  125759 	   11 	  133842 	   25 
    615 	  150802 	   15 	  143009 	   12 
  16786 	  124818 	   11 	  127338 	   19 
   1529 	  139661 	   16 	  147843 	   13 
   7965 	  137376 	   16 	  134232 	   10 
  14184 	  127436 	    9 	  129386 	   14 
   8881 	  146011 	   40 	  131665 	    7 
   5753 	  133849 	    7 	  141190 	   33 
   1070 	  141090 	   17 	  142571 	   18 
   1230 	  141505 	   15 	  140184 	   12 
    245 	  138124 	    9 	  139837 	   13 
    217 	  146323 	   18 	  135699 	    7 
   5400 	  136875 	   13 	  140626 	   18 
   8802 	  138785 	   29 	  134600 	   22 
  27906 	  127232 	   60 	  117829 	   62 
  56871 	  104813 	   70 	   88196 	   72 
  88194 	   52733 	   10 	   45324 	   10 
  91580 	   47808 	   14 	   42552 	   10 
  89633 	   44904 	    9 	   51847 	   15 
  64675 	   91324 	   28 	   77132 	   30 
  72816 	   73948 	   14 	   70020 	   18 
  68724 	   79885 	   16 	   73103 	    9 
  56484 	   85692 	   11 	   92683 	   20 
  52391 	   96873 	   14 	  102377 	   11 
  55878 	   92573 	   18 	   98589 	   19 
  61299 	   91362 	   27 	   89732 	   25 
  77038 	   72152 	   16 	   68269 	   15 
  63276 	   84078 	   15 	   76584 	   10 
  77602 	   61951 	   11 	   70822 	   14 
  78340 	   70317 	   14 	   75436 	   11 
  61720 	   92690 	   33 	   89428 	   31 
  74000 	   67393 	   10 	   69741 	    9 
  73252 	   67681 	    9 	   68872 	   13 
  56436 	  100751 	   18 	   98941 	   19 
  66820 	   83044 	   15 	   85796 	   10 
  79427 	   58170 	   10 	   62833 	   10 
  65062 	   80783 	   32 	   83366 	   31 
  93991 	   76323 	   37 	   82388 	   41 
  85976 	   65972 	   34 	   56305 	   34 
  75562 	   63967 	   10 	   66377 	   10 
  73843 	   64538 	   15 	   61031 	   14 
  81239 	   54486 	   15 	   54686 	   11 
  81645 	   53022 	   10 	   57867 	   18 
  72046 	   69092 	   19 	   63465 	   20 
  45602 	   98096 	   18 	   92414 	   12 
  35657 	  106480 	   14 	  105991 	   26 
  12899 	  133321 	   23 	  137580 	   11 
  11273 	  140683 	   17 	  134273 	   14 
  15537 	  131529 	   17 	  137212 	   15 
  27185 	  116004 	   12 	  121995 	   11 
  40435 	  106699 	   25 	  103729 	   23 
  21911 	  121419 	   14 	  133775 	   15 
  34570 	  117069 	   17 	  109478 	   11 
  18782 	  122934 	   11 	  124347 	   12 
  35781 	  102197 	   13 	   99797 	   14 
  19552 	  118910 	   10 	  141130 	   28 
  97621 	   66977 	   45 	   71790 	   45 
  79043 	   67732 	   20 	   72156 	   21 
  46059 	  105141 	   51 	  111255 	   54 
  36252 	  101504 	   16 	   99811 	    8 
  32812 	  107142 	   13 	  101877 	   19 
  30403 	  110431 	   14 	  112555 	   10 
  35107 	  106499 	   28 	  104266 	   11 
  19782 	  125964 	   15 	  118656 	   28 
  14961 	  127145 	   18 	  127302 	   15 
   1556 	  144823 	   25 	  136208 	   17 
  13789 	  129528 	   15 	  127075 	   29 
   8173 	  133906 	   13 	  137069 	   13 
    767 	  140323 	   12 	  151856 	   15 
  14389 	  132859 	   13 	  125998 	   12 
  16753 	  148147 	   41 	  128103 	   10 
  10018 	  132324 	   12 	  147909 	   45 
  20796 	  115050 	    8 	  126257 	    9 
  22055 	  121661 	   18 	  113117 	   10 
  10611 	  134180 	   16 	  129087 	   15 
   5414 	  141336 	   25 	  134684 	   12 
  20577 	  130627 	   34 	  135832 	   32 
  48869 	   86335 	   10 	   95940 	   17 
  66353 	   75625 	   17 	   75574 	   17 
  71587 	   66033 	   46 	   67994 	   47 
  88749 	   46421 	   19 	   45656 	   15 
  76275 	   59472 	   16 	   60510 	   20 
  82313 	   52757 	   15 	   52761 	   16 
  81880 	   54974 	   22 	   51625 	    8 
  89607 	   44772 	   16 	   47074 	   23 
  99569 	   34749 	   10 	   32154 	   14 
  97990 	   38700 	   15 	   38347 	   16 
 110073 	   27346 	    9 	   27516 	   14 
 105186 	   36265 	   25 	   32696 	   26 
 101083 	   37661 	   18 	   37639 	   14 
  99011 	   39058 	   16 	   36910 	   15 
 102886 	   37536 	   15 	   31984 	   13 
  99079 	   44823 	   19 	   41111 	   18 
 104088 	   40526 	   18 	   32246 	   17 
  78355 	  102024 	   63 	  103874 	   58 
  83243 	   67135 	   33 	   86512 	   32 
  82854 	   61436 	   19 	   72238 	   16 
  83120 	   55713 	   15 	   55870 	   12 
  83822 	   65256 	  143 	   54244 	   14 
  55181 	   92408 	   23 	   98790 	  142 
  46673 	   94776 	   13 	   97383 	   24 
  36902 	  114642 	   37 	   99424 	   10 
  34015 	  106050 	    9 	  110696 	   38 
  48695 	   93321 	   13 	   89816 	   12 
  36839 	  110536 	   17 	  113174 	   21 
  14450 	  126561 	   13 	  126608 	   15 
  28408 	  112230 	   17 	  109300 	    9 
  35209 	  113491 	   42 	  111066 	   14 
  34279 	  111936 	   17 	  114639 	   44 
  36422 	  107289 	   15 	  111711 	   20 
  45957 	  106686 	   36 	   95908 	   15 
  44550 	   95305 	    6 	  111666 	   39 
  52004 	   89836 	   20 	   88683 	   16 
  47549 	   96875 	   18 	   92892 	   18 
  44214 	   97213 	   11 	  105493 	   12 
  63359 	   81458 	   17 	   80558 	   18 
  51394 	  104526 	   39 	   92563 	   31 
  54419 	   92794 	   13 	   94045 	   22 
  57420 	   92846 	   18 	   99258 	   24 
  48414 	   98047 	   21 	   97788 	   19 
  54873 	   90521 	   13 	   93080 	   13 
  46435 	  111540 	   22 	  107085 	   19 
  56186 	   91241 	   11 	   91115 	   12 
  55025 	   94619 	   20 	   95837 	   11 
  50822 	   95307 	   22 	  104734 	   29 
  49358 	  103003 	   31 	  103509 	   29 
  69653 	   77422 	   10 	   78995 	   12 
  46753 	  108528 	   24 	  104333 	   19 
  52126 	   89497 	   10 	  103397 	   22 
  36918 	  114775 	   41 	  106282 	   44 
  40111 	  105882 	   13 	  100632 	    8 
  38823 	  104324 	    9 	  107329 	   15 
  40930 	  118445 	   20 	  110928 	   15 
  42375 	  101264 	   12 	  108184 	   15 
  31160 	  115271 	   15 	  113995 	   16 
  39165 	   99977 	   13 	  107220 	   12 
  38246 	  115921 	   38 	  107123 	   23 
  36316 	  127187 	   68 	  123614 	   75 
  21953 	  117625 	   17 	  124788 	   16 
  28391 	  111822 	   10 	  110329 	   10 
  42440 	  102164 	   23 	  102662 	   24 
  19073 	  120990 	   18 	  121220 	   13 
  17405 	  123347 	   12 	  120126 	    7 
  36366 	  120467 	   37 	  111575 	   36 
  18711 	  122625 	   10 	  126343 	   16 
   8657 	  134162 	   13 	  128395 	   11 
  21963 	  127217 	   23 	  122383 	   24 
   5787 	  136153 	   17 	  139996 	   11 
   3890 	  149778 	   49 	  137702 	   14 
   3608 	  133536 	   11 	  151261 	   47 
   3287 	  140324 	   15 	  136472 	   11 
  21526 	  123118 	   23 	  121525 	   19 
   3972 	  133989 	   10 	  142524 	   23 
   3291 	  140903 	   17 	  133012 	    9 
  17801 	  125872 	   42 	  125651 	   15 
   5987 	  134022 	   12 	  142744 	   41 
   3214 	  144026 	   17 	  133622 	   10 
   9475 	  136333 	   20 	  135404 	   14 
    748 	  141668 	   21 	  144243 	   19 
   1888 	  137077 	   16 	  143847 	   18 
    219 	  146908 	   27 	  136785 	   13 
  17691 	  121774 	    9 	  129522 	   26 
     91 	  142363 	   14 	  144019 	   13 
   5308 	  142637 	   19 	  133880 	   13 
  10399 	  129572 	   12 	  132178 	   16 
   2133 	  143396 	   15 	  144447 	   11 
   1206 	  139039 	   12 	  143166 	   11 
   2404 	  154063 	   59 	  139346 	    8 
   4561 	  135749 	   11 	  147507 	   59 
   3899 	  136899 	   13 	  135123 	   12 
   2115 	  141435 	   21 	  136901 	   10 
   1360 	  137950 	   14 	  142542 	   23 
     16 	  143769 	   21 	  139292 	   13 
   4598 	  138031 	   13 	  131009 	   15 
   2803 	  144633 	   32 	  139597 	   22 
  20368 	  129575 	   44 	  123555 	   40 
  48679 	  108536 	   61 	   97519 	   73 
  56622 	   88300 	   13 	   92921 	   15 
  67474 	   81431 	   13 	   77235 	   12 
  69000 	   84927 	   25 	   86461 	   20 
  86211 	   56792 	   13 	   53426 	   15 
  64884 	   76736 	   17 	   78387 	   13 
  68881 	   79170 	   26 	   87644 	   25 
  77153 	   63205 	   13 	   62103 	   13 
  68603 	   75058 	   16 	   75138 	   18 
  71566 	   78464 	   21 	   76867 	   26 
  75327 	   70530 	   15 	   70908 	    9 
  87599 	   48050 	    9 	   57162 	   13 
  79183 	   74060 	   38 	   62748 	   35 
  78667 	   66366 	   17 	   60216 	   13 
  82079 	   56395 	   14 	   55646 	   10 
  59081 	   82794 	   21 	   82706 	   25 
  62560 	   78626 	   14 	   79653 	   14 
  64515 	   75633 	   12 	   78108 	   11 
  52548 	   99050 	   19 	   93967 	   21 
  62961 	   81111 	   18 	   78067 	   12 
  72374 	   64195 	   11 	   71784 	   12 
  60602 	   79484 	   27 	   81405 	   23 
  93801 	   74931 	   38 	   80480 	   44 
  80208 	   69468 	   34 	   63709 	   33 
  62330 	   80539 	   16 	   84397 	   16 
  60939 	   81908 	   22 	   83182 	   23 
  92169 	   48843 	   13 	   56218 	    6 
  88852 	   55986 	   21 	   51797 	   11 
  67311 	   72207 	   14 	   75259 	   23 
  87760 	   54763 	   17 	   55053 	   15 
  61885 	   81782 	   24 	   84814 	   23 
  83508 	   52276 	   13 	   55752 	   20 
  83787 	   52277 	   12 	   53362 	   14 
  71815 	   67900 	   30 	   73462 	   31 
  74920 	   62215 	   12 	   61893 	   14 
  64633 	   72249 	   18 	   71020 	   11 
  73933 	   60169 	   19 	   62733 	   16 
  73757 	   59669 	   12 	   60107 	   13 
  68557 	   71739 	   17 	   66039 	   18 
  94510 	   46617 	   20 	   42413 	   22 
  98849 	   40347 	   15 	   38138 	   16 
 107334 	   49397 	   33 	   57645 	   34 
  75942 	   69123 	   26 	   72253 	   27 
  41469 	  110235 	  109 	  119336 	  105 
  31968 	  104853 	   17 	  103742 	    9 
  28001 	  110860 	   15 	  106724 	   15 
  25744 	  113320 	   16 	  113836 	   10 
  27652 	  111839 	   22 	  109257 	    9 
  12485 	  126035 	   12 	  124766 	   21 
  20493 	  121360 	   15 	  118876 	   11 
  24332 	  119512 	   17 	  123971 	   16 
  17871 	  123706 	   15 	  133237 	   21 
  34514 	  101983 	    9 	  104797 	   14 
  41772 	  119847 	   44 	  107138 	   48 
  37342 	   95884 	   12 	  102327 	   13 
  26688 	  125816 	   29 	  110347 	   21 
   8569 	  133047 	   12 	  131873 	   24 
  19118 	  117976 	   10 	  125150 	   10 
  16854 	  129362 	   26 	  119470 	   10 
  11378 	  130205 	   15 	  129231 	   23 
   3389 	  138842 	   23 	  136228 	    9 
  13237 	  137308 	   34 	  134309 	   24 
  41700 	   93613 	   14 	  105036 	   19 
  59104 	   83332 	   19 	   81774 	   18 
  65672 	   71027 	   43 	   73646 	   42 
  86540 	   48156 	   17 	   47068 	   19 
  69996 	   65961 	   18 	   67874 	   23 
  75718 	   60513 	   18 	   58451 	   16 
  74930 	   61685 	   23 	   60818 	   11 
  82758 	   50056 	   15 	   51999 	   23 
  93511 	   40820 	   10 	   37801 	   14 
  91825 	   44859 	   15 	   44683 	   18 
 105659 	   31183 	    9 	   30735 	   16 
  79306 	   74590 	   46 	   84308 	   46 
  68210 	   66529 	   19 	   68023 	   33 
  70890 	   61366 	   11 	   64188 	   11 
  60728 	   79846 	   17 	   70806 	   14 
  54508 	   89370 	   21 	   83642 	   15 
  55217 	   81032 	   12 	   83172 	   19 
  58292 	  111152 	   40 	   87785 	   31 
  77457 	   72921 	   36 	   93623 	   31 
  75698 	   68995 	   28 	   79106 	   16 
  76129 	   62700 	   15 	   63586 	   11 
  76625 	   71750 	   99 	   60892 	   12 
  54612 	   88516 	   15 	  101891 	  113 
  46139 	   98313 	   14 	  102698 	   18 
  56736 	   93163 	   23 	   85080 	   13 
  59544 	   82337 	   13 	   88901 	   20 
  39623 	  109838 	   23 	  109508 	   18 
  53458 	   95622 	   30 	   84966 	   16 
  50309 	   90759 	   11 	  103053 	   32 
  54793 	   90779 	   23 	   89305 	   19 
  60350 	   80637 	   22 	   81085 	   10 
  48530 	   86943 	   13 	   98342 	   24 
  56145 	   79552 	   18 	   77960 	   12 
  48581 	   97517 	   36 	   94649 	   32 
  50502 	   92724 	   23 	   86859 	   12 
  55776 	   85642 	   14 	   92052 	   20 
  45440 	   96298 	   26 	   93401 	   17 
  42671 	   98649 	   23 	   96557 	   21 
  49950 	   95876 	   21 	   90113 	   10 
  64187 	   72647 	    9 	   89233 	   23 
  66085 	   73996 	   14 	   77118 	   16 
  66572 	   69104 	   12 	   71907 	   15 
  65138 	   74163 	   23 	   72256 	   19 
  59842 	  107858 	   83 	   82730 	   15 
  52203 	   91854 	   23 	  112651 	   82 
  45300 	   97760 	   21 	   94313 	   18 
  50048 	   88897 	   21 	   89391 	   12 
  52542 	   85929 	   16 	   86594 	   23 
  56451 	   79345 	   12 	   75876 	   21 
  54121 	   89849 	   31 	   86684 	   32 
  59612 	   85791 	   24 	   81517 	   19 
  55109 	   88140 	   20 	   88369 	   13 
  62468 	   77325 	   24 	   76494 	   21 
  61054 	   80171 	   21 	   76993 	   19 
  72349 	   66638 	   30 	   65342 	   12 
  71353 	   60804 	    8 	   71537 	   30 
  72138 	   63252 	    8 	   65961 	   11 
  69871 	   66206 	   18 	   66563 	   16 
  71486 	   65453 	   17 	   63083 	   14 
  77594 	   74158 	   33 	   68240 	   36 
  72442 	   65398 	   19 	   77754 	   21 
  67690 	   71057 	   17 	   65910 	   15 
  60024 	   86589 	   22 	   87863 	   23 
  63472 	   73114 	   18 	   75252 	   18 
  81898 	   67229 	   84 	   51620 	   29 
  77766 	   73087 	   25 	   81067 	   84 
  70551 	   71910 	   22 	   71932 	   21 
  68314 	   73200 	   20 	   69589 	   22 
  75672 	   59959 	   13 	   61897 	   13 
  84226 	   53248 	   20 	   49714 	   21 
  81506 	   55803 	   19 	   59077 	   28 
  81879 	   55342 	   17 	   55635 	   17 
  87871 	   48958 	   12 	   49295 	   18 
  90684 	   45923 	   13 	   49057 	   13 
  96601 	   35540 	   14 	   36468 	   12 
  81982 	   68103 	   48 	   63826 	   48 
  66630 	   74858 	   20 	   73170 	   21 
  85076 	   54415 	   19 	   54399 	   24 
  91385 	   45716 	   16 	   48533 	   14 
  80580 	   64365 	   22 	   58329 	   22 
  92153 	   51167 	   21 	   53992 	   24 
 101190 	   37617 	   19 	   40470 	   15 
 100908 	   37412 	   17 	   41364 	   17 
  96233 	   55098 	   30 	   49958 	   29 
  98545 	   37271 	   14 	   37185 	   13 
  93242 	   47917 	   20 	   46050 	   71 
 101499 	   31202 	   69 	   29349 	   14 
 100282 	   32552 	   14 	   34250 	   13 
  94975 	   40607 	   18 	   40788 	   17 
  96822 	   38320 	   17 	   37436 	   17 
  97110 	   40117 	   33 	   38605 	   30 
  99351 	   34834 	   13 	   35488 	   14 
 105557 	   36682 	   20 	   42885 	   17 
 108621 	   26147 	   14 	   26009 	   14 
 106401 	   41287 	   30 	   40519 	   34 
  89799 	   55810 	   37 	   47117 	   32 
  90706 	   43574 	   15 	   43521 	   14 
  91689 	   40406 	   12 	   40649 	   16 
 103473 	   37304 	   18 	   41463 	   14 
 102262 	   47851 	   30 	   47000 	   33 
  89638 	   55881 	   27 	   48788 	   27 
 100845 	   39014 	   17 	   51729 	   20 
  99602 	   53888 	   30 	   47335 	   30 
  92750 	   50667 	   25 	   43686 	   25 
  90789 	   49061 	   21 	   48086 	   19 
  61127 	   84573 	  131 	   89342 	  152 
   1780 	  146893 	   24 	  140962 	   10 
   1067 	  141938 	   20 	  161017 	   69 
      0 	  139065 	   10 	  146846 	   11 
    162 	  149224 	   53 	  157563 	   44 
      0 	  143362 	   18 	  150366 	   20 
      0 	  142719 	   18 	  149819 	   17 
      3 	  147296 	   40 	  143440 	   15 
      3 	  151459 	   21 	  147961 	   13 
      3 	  142088 	   18 	  155444 	   24 
     14 	  142029 	   19 	  140809 	   11 
     28 	  143149 	   14 	  159360 	   15 
      0 	  141433 	   24 	  140606 	   20 
      0 	  146434 	   27 	  148803 	   25 
      2 	  146322 	   22 	  151834 	   26 
      0 	  142529 	   14 	  146831 	   17 
     41 	  155552 	   33 	  143507 	   15 
     21 	  148105 	   15 	  147375 	   13 
     41 	  144079 	   12 	  147463 	   16 
     19 	  145796 	   22 	  145819 	   14 
      0 	  141150 	   14 	  143691 	   16 
      0 	  142313 	   16 	  143009 	   12 
      0 	  145403 	   16 	  144587 	   12 
      0 	  146892 	   23 	  143647 	   27 
     11 	  143298 	   20 	  143740 	   22 
      0 	  143357 	   12 	  144958 	   25 
      0 	  146555 	   28 	  145209 	   10 
     83 	  149946 	   26 	  154961 	   15 
      0 	  141117 	   12 	  144950 	   13 
     75 	  142409 	   14 	  148096 	   19 
      1 	  145788 	   14 	  147769 	   14 
      0 	  140282 	   11 	  140320 	   36 
      0 	  143778 	   21 	  148923 	   11 
     37 	  141023 	   14 	  145033 	   51 
      0 	  146443 	   34 	  151559 	   44 
     19 	  151004 	   48 	  143095 	   10 
     27 	  144400 	   27 	  144148 	   15 
     12 	  142558 	   14 	  143746 	   14 
      1 	  139806 	   12 	  142183 	   17 
      9 	  144763 	   18 	  158892 	   73 
      0 	  139772 	   13 	  149601 	   13 
      0 	  145112 	   18 	  151708 	   17 
      0 	  140491 	   14 	  143839 	   16 
      0 	  148107 	   60 	  148156 	   16 
     51 	  147674 	   19 	  149367 	   18 
      9 	  145007 	   16 	  148815 	   26 
      0 	  145871 	   20 	  146535 	   19 
      0 	  141067 	   19 	  150826 	   20 
     15 	  148984 	   23 	  144326 	   13 
     48 	  150114 	   24 	  144975 	   12 
      0 	  145597 	   21 	  144356 	   11 
      0 	  139307 	   14 	  141537 	   14 
      0 	  148018 	   28 	  141897 	   27 
      5 	  144966 	   17 	  148104 	   30 
      0 	  138514 	   10 	  141457 	   13 
      0 	  138806 	   14 	  143321 	   15 
      0 	  140354 	   13 	  139179 	   11 
      5 	  147723 	   30 	  143690 	   15 
     32 	  143140 	   20 	  141962 	   75 
      0 	  142514 	   18 	  140879 	   14 
      0 	  143071 	   16 	  139380 	   12 
      0 	  137517 	   15 	  135822 	   11 
      0 	  138332 	   14 	  140269 	   16 
     49 	  144419 	   65 	  155076 	   27 
      0 	  139332 	   14 	  135675 	    8 
      0 	  140170 	   13 	  145700 	   15 
      0 	  134414 	   13 	  143579 	   13 
      0 	  137528 	   14 	  143249 	   14 
      0 	  142375 	   29 	  143803 	   17 
     10 	  145336 	   18 	  144635 	   16 
      0 	  138253 	   14 	  139310 	    9 
      0 	  141750 	   12 	  140020 	   18 
      0 	  138126 	   16 	  138086 	   14 
      0 	  137768 	   11 	  148148 	   25 
      0 	  140769 	   18 	  142141 	   25 
      0 	  142100 	   15 	  144836 	   12 
      0 	  139901 	   13 	  141937 	   15 
      0 	  136529 	   15 	  141564 	   15 
      0 	  139291 	   11 	  149921 	   75 
      0 	  148873 	   30 	  142122 	   16 
      0 	  137273 	   11 	  149357 	   13 
      0 	  140403 	   13 	  140294 	   15 
      0 	  142786 	   13 	  144760 	   12 
      0 	  138162 	   12 	  140739 	   47 
      0 	  152687 	   65 	  142824 	   13 
      0 	  141805 	   19 	  142984 	   65 
      0 	  144681 	   20 	  144030 	   16 
      0 	  139223 	   12 	  140480 	   15 
      0 	  160089 	   66 	  140635 	   11 
     40 	  140820 	   23 	  147275 	   24 
      0 	  138203 	   11 	  142884 	   14 
      0 	  143584 	   21 	  138953 	   17 
     13 	  139164 	   17 	  140021 	   12 
      0 	  145646 	   27 	  139660 	   20 
      0 	  138828 	   12 	  144699 	   12 
      7 	  140672 	   14 	  138449 	   35 
      0 	  139799 	   22 	  151306 	   19 
      0 	  137949 	   15 	  145537 	   12 
      0 	  142911 	   22 	  143629 	   19 
      0 	  138120 	   13 	  142754 	    9 
     18 	  143814 	   38 	  141998 	   24 
      0 	  140273 	   14 	  142196 	   28 
      0 	  141599 	   14 	  138063 	   11 
      0 	  145451 	   18 	  137107 	   21 
     28 	  149551 	   25 	  146663 	   31 
      0 	  142583 	   19 	  138692 	   15 
      0 	  137794 	   10 	  140908 	   15 
      2 	  146539 	   36 	  136087 	   12 
      2 	  139684 	   15 	  144991 	   52 
      0 	  136576 	   12 	  145664 	   47 
      0 	  141037 	   21 	  142537 	   20 
      0 	  140621 	   21 	  146382 	   53 
      0 	  135967 	   19 	  141640 	   13 
      1 	  155681 	   60 	  141799 	   11 
      7 	  140255 	   52 	  141119 	   20 
      0 	  135546 	   15 	  144272 	    8 
      1 	  140342 	   19 	  144114 	   17 
      3 	  138279 	   12 	  141481 	   33 
      8 	  143606 	   20 	  141300 	   17 
      0 	  137512 	   11 	  145652 	   21 
      2 	  141085 	   19 	  144841 	   13 
      0 	  142408 	   28 	  142422 	   15 
      0 	  138146 	   13 	  140672 	   19 
     11 	  138959 	   19 	  148769 	   44 
      2 	  145623 	   19 	  146228 	   31 
      0 	  138819 	   11 	  143481 	   17 
      0 	  141615 	   15 	  138663 	   12 
      0 	  138953 	   19 	  142831 	   23 
     11 	  145846 	   44 	  140316 	   11 
      2 	  139165 	   15 	  143829 	   24 
      0 	  137084 	   10 	  149691 	   19 
      0 	  140354 	   21 	  147046 	   24 
      0 	  143087 	   21 	  142393 	   30 
      0 	  139913 	   30 	  141142 	   10 
      0 	  142968 	   21 	  144126 	   21 
     28 	  146728 	   33 	  156710 	   87 
      0 	  138438 	   21 	  138909 	   15 
      0 	  142094 	   23 	  141134 	   14 
      0 	  140448 	   21 	  145612 	   11 
      0 	  140307 	   11 	  142877 	    9 
     88 	  147391 	   71 	  143687 	   20 
      0 	  141184 	   20 	  150783 	   23 
      0 	  142564 	   15 	  146924 	   21 
     27 	  145441 	   17 	  148050 	   41 
     24 	  141891 	   16 	  139654 	    9 
     77 	  142210 	   19 	  145168 	   13 
     73 	  141660 	   21 	  138642 	   24 
      0 	  140039 	   19 	  139999 	   13 
      0 	  141188 	   17 	  138593 	   11 
     24 	  142363 	   33 	  140238 	   28 
      0 	  141546 	   15 	  138919 	   14 
      0 	  141856 	   22 	  152030 	   23 
      0 	  135325 	   14 	  138796 	   15 
      0 	  139029 	   13 	  147087 	   63 
      0 	  146167 	   28 	  138030 	   11 
      0 	  138613 	   16 	  147401 	   16 
      0 	  136691 	   11 	  146425 	   20 
      0 	  141698 	   21 	  142217 	   18 
      0 	  141319 	   14 	  137087 	   12 
     78 	  143657 	   56 	  146482 	   66 
      0 	  142090 	   16 	  145239 	   31 
      0 	  139846 	   13 	  146032 	   42 
      0 	  145683 	   23 	  145662 	   20 
      0 	  143141 	   44 	  139825 	   10 
     17 	  153438 	   52 	  145240 	   27 
      8 	  140663 	   12 	  141078 	   11 
      0 	  144872 	   22 	  149551 	   18 
     15 	  141346 	   19 	  137532 	   15 
     42 	  139590 	   17 	  142694 	   17 
     18 	  143170 	   26 	  145511 	   18 
      0 	  142027 	   17 	  141929 	   25 
      0 	  145214 	   24 	  142452 	   24 
      4 	  146222 	   25 	  140655 	   14 
      4 	  144501 	   24 	  141370 	   11 
      0 	  140869 	   15 	  141962 	   15 
      0 	  142242 	   27 	  139101 	   16 
      0 	  138959 	   12 	  143213 	   11 
     33 	  142997 	   16 	  140940 	   32 
     11 	  141259 	   16 	  147233 	   25 
      0 	  137151 	    9 	  144064 	   30 
      0 	  143059 	   16 	  136630 	    9 
      0 	  138526 	   12 	  141865 	   23 
      0 	  142732 	   26 	  136719 	   12 
      1 	  145222 	   31 	  142529 	   52 
      0 	  141004 	   13 	  138519 	   13 
      0 	  141471 	   22 	  136013 	   11 
      0 	  138243 	   16 	  136695 	   25 
      0 	  136403 	   14 	  140361 	   16 
     38 	  146580 	   50 	  145614 	   26 
      0 	  137922 	   17 	  132121 	   16 
      1 	  136638 	   25 	  147564 	   12 
      0 	  134116 	   13 	  145124 	   18 
      0 	  137362 	   13 	  140516 	   12 
      0 	  141249 	   27 	  147312 	   11 
      0 	  137130 	   17 	  138351 	   37 
      0 	  137593 	   13 	  138577 	   16 
      0 	  141593 	   17 	  144020 	   21 
      0 	  138329 	   21 	  139692 	   15 
      0 	  136788 	    9 	  142474 	   21 
     17 	  140665 	   34 	  139157 	   24 
      0 	  138759 	   16 	  142103 	   12 
      0 	  136057 	   11 	  146593 	   13 
     10 	  141270 	   26 	  139163 	   18 
      0 	  141643 	   12 	  146833 	   21 
     14 	  138029 	   22 	  147939 	   75 
     31 	  138879 	   20 	  144910 	   41 
      0 	  142204 	   13 	  143908 	   14 
      0 	  143505 	   20 	  140644 	   48 
      0 	  138322 	   16 	  142235 	   14 
      1 	  160806 	   74 	  141833 	    7 
      0 	  141738 	   36 	  144039 	   11 
      1 	  142041 	   44 	  142195 	   14 
      0 	  137548 	   12 	  143022 	   17 
     28 	  140089 	   17 	  139111 	   35 
      2 	  137301 	   12 	  148454 	   35 
      0 	  139510 	   10 	  139664 	   14 
      0 	  141280 	   17 	  139026 	   15 
      0 	  136273 	    7 	  144025 	   22 
     14 	  149515 	   39 	  140449 	   17 
      0 	  136274 	   13 	  149368 	   24 
      0 	  138222 	   17 	  144605 	   14 
      0 	  142455 	   22 	  144321 	   12 
      0 	  137012 	   11 	  145581 	   18 
      0 	  137120 	   21 	  144271 	   18 
      0 	  144339 	   27 	  147765 	   18 
     11 	  139504 	   16 	  146460 	   31 
      1 	  140702 	   14 	  148158 	   27 
      0 	  143517 	   17 	  148676 	   26 
      0 	  139945 	   17 	  138424 	   23 
      0 	  142431 	   17 	  143879 	   28 
      0 	  147088 	   28 	  140509 	   12 
      2 	  141419 	   28 	  147676 	  107 
      0 	  143747 	   24 	  146069 	   11 
      0 	  141978 	   18 	  138429 	   19 
      0 	  139904 	   21 	  136086 	   23 
      0 	  140494 	   20 	  144854 	   12 
     15 	  141979 	   98 	  137338 	   18 
      0 	  137991 	   11 	  135218 	   39 
      0 	  142064 	   15 	  136074 	   19 
      0 	  140475 	   19 	  139756 	   20 
      0 	  138362 	   18 	  139121 	   19 
      0 	  139918 	   17 	  135047 	   16 
      6 	  142506 	   33 	  135994 	   42 
      0 	  135760 	   13 	  136077 	   12 
      0 	  136371 	   19 	  140663 	   20 
      0 	  139514 	   19 	  139832 	   17 
      0 	  139795 	   18 	  134677 	   19 
      4 	  137086 	   41 	  136424 	   16 
      0 	  136370 	   20 	  139426 	   30 
      0 	  138560 	   18 	  137490 	   16 
      0 	  139785 	   23 	  155120 	   11 
     12 	  137410 	   19 	  139759 	   18 
      0 	  135701 	   10 	  155419 	   17 
     14 	  138618 	   26 	  137852 	   73 
      0 	  138701 	   17 	  139977 	   16 
      0 	  138743 	   20 	  139908 	   12 
      0 	  136293 	   20 	  132629 	   19 
      4 	  152091 	   70 	  138732 	   14 
     10 	  140220 	   21 	  142994 	   34 
      2 	  138602 	   23 	  143394 	   15 
      0 	  133034 	   13 	  142853 	   17 
      3 	  135138 	   15 	  144988 	   25 
     12 	  138960 	   36 	  141991 	   17 
      1 	  139551 	   15 	  142762 	   18 
      0 	  140703 	   20 	  139954 	   37 
     22 	  141461 	   19 	  150025 	   16 
      5 	  141339 	   17 	  146174 	   21 
      9 	  138357 	   32 	  136350 	   16 
      2 	  140023 	   18 	  151904 	    9 
      4 	  134498 	   10 	  142402 	   31 
     37 	  158306 	   41 	  145425 	   17 
    110 	  139742 	   20 	  139032 	   18 
     67 	  138409 	   20 	  141879 	    8 
    231 	  138145 	   21 	  138494 	   17 
    781 	  134835 	    8 	  139738 	   80 
     64 	  139031 	   66 	  138677 	   18 
     19 	  138951 	   21 	  135118 	   16 
    491 	  137845 	   22 	  139306 	   19 
    120 	  135078 	   11 	  142017 	   15 
    520 	  136475 	   20 	  142630 	   32 
    189 	  140298 	   29 	  147695 	   19 
   7582 	  137756 	   23 	  126268 	   19 
  77259 	   79272 	   45 	   66437 	   11 
      0 	  136562 	   12 	  144244 	   12 
   1908 	  137036 	   18 	  154183 	   41 
  10829 	  133812 	   19 	  133111 	   21 
   5611 	  137433 	   22 	  139597 	   10 
  12949 	  124298 	    8 	  129597 	   20 
    875 	  138969 	   33 	  145761 	   19 
    664 	  140065 	   22 	  146141 	   33 
  32835 	  105674 	   25 	  107225 	   10 
  21972 	  113838 	   10 	  122503 	   15 
  42280 	   93493 	   18 	   94106 	   21 
    110 	  165664 	   63 	  138548 	   20 
      0 	  135520 	   19 	  144110 	   14 
     23 	  143043 	   22 	  125976 	   72 
      0 	  138545 	   19 	  137817 	   18 
   6576 	  142061 	   40 	  132794 	    9 
   9921 	  131763 	   23 	  148415 	   10 
      0 	  138070 	   23 	  153052 	   31 
      0 	  137539 	   22 	  139802 	   20 
      0 	  135437 	   14 	  143475 	   16 
  16407 	  122148 	   30 	  126536 	   14 
   7237 	  133548 	   21 	  138247 	   37 
      0 	  141033 	   25 	  149953 	   11 
      4 	  139775 	   24 	  147421 	   12 
      0 	  138844 	   20 	  139082 	   21 
      0 	  157523 	   50 	  143285 	   20 
      0 	  152712 	   41 	  142385 	   29 
      0 	  139970 	    7 	  142256 	   13 
      0 	  157777 	   43 	  143156 	   19 
      0 	  140021 	   11 	  143931 	   23 
      0 	  144015 	   26 	  139818 	   22 
      0 	  133914 	   24 	  144325 	   19 
  30431 	  102385 	    5 	  157181 	  155 
      0 	  135250 	    7 	  147906 	   16 
      0 	  135733 	    6 	  144380 	   21 
      0 	  154867 	   16 	  144983 	   58 
      0 	  175423 	   65 	  138845 	   26 
      0 	  141520 	   13 	  155166 	   48 
     12 	  147578 	   51 	  149036 	   17 
      0 	  138321 	   17 	  144434 	   19 
   1567 	  153924 	   38 	  142060 	   11 
      0 	  141948 	   12 	  147555 	   21 
      0 	  145438 	   22 	  143593 	   14 
     28 	  145681 	   19 	  146593 	   21 
   4056 	  139363 	   12 	  141939 	   12 
   2734 	  145914 	   19 	  136520 	   23 
  13294 	  130598 	   11 	  134328 	   32 
   1420 	  139558 	   13 	  143150 	   11 
  24860 	  121249 	   28 	  125146 	   19 
  21173 	  135378 	   32 	  119645 	   11 
  10382 	  135917 	   15 	  137306 	   17 
   1046 	  139524 	   10 	  138677 	   12 
      0 	  143762 	   13 	  142421 	   17 
      0 	  144804 	   22 	  144121 	   15 
     33 	  144755 	   19 	  140868 	   19 
   2618 	  139532 	   10 	  142755 	   12 
   2735 	  143988 	   20 	  144386 	   24 
  21416 	  124385 	   16 	  129491 	   38 
  25499 	  124762 	   25 	  116871 	   13 
  18536 	  122850 	   13 	  121599 	   19 
  34478 	  111871 	   36 	  103784 	   14 
     75 	  139000 	    9 	  142541 	   19 
     27 	  143852 	   18 	  139843 	   10 
     51 	  142697 	   15 	  146154 	   24 
    570 	  141112 	   20 	  141909 	   13 
     33 	  144670 	   19 	  138932 	   23 
   4141 	  137652 	   17 	  142924 	   52 
  15712 	  125469 	   10 	  132125 	    8 
  17630 	  127863 	   28 	  126124 	   14 
  14553 	  140239 	   45 	  129987 	   15 
    784 	  144445 	   15 	  140427 	   17 
     45 	  139737 	   11 	  140360 	    8 
      0 	  143011 	   12 	  146377 	   59 
      0 	  139821 	   20 	  141177 	   21 
   2053 	  142127 	   55 	  139881 	   12 
   1529 	  143742 	   17 	  144555 	   22 
   3034 	  136706 	   14 	  136167 	   11 
  21333 	  127260 	   20 	  121708 	   10 
   5104 	  137499 	   11 	  137438 	   24 
      0 	  139895 	   10 	  140395 	   16 
   3176 	  144284 	   23 	  133373 	   19 
  27293 	  113984 	   14 	  117207 	   14 
  13124 	  123697 	   15 	  128890 	   14 
   1206 	  144842 	   18 	  137037 	   37 
      0 	  136503 	   13 	  146334 	   17 
  23969 	  120826 	   26 	  130610 	   30 
  12356 	  135264 	   29 	  130515 	   11 
  17107 	  132041 	   28 	  117746 	    9 
  34179 	  104720 	   10 	  107706 	   16 
  16382 	  124173 	   12 	  132174 	   14 
   2102 	  141975 	   19 	  145806 	   43 
   7828 	  136116 	   46 	  127329 	   15 
   9193 	  126684 	   12 	  125398 	   20 
      7 	  133877 	   11 	  137982 	   15 
  23248 	  116729 	   19 	  118050 	   12 
  15397 	  125203 	   15 	  120755 	   34 
      8 	  135310 	   11 	  137805 	   13 
   3082 	  139303 	   31 	  139549 	   17 
  13110 	  130134 	   18 	  124812 	   15 
   3706 	  135635 	   16 	  134916 	   14 
   6495 	  129455 	   10 	  134659 	   27 
    749 	  144422 	   27 	  153102 	   35 
    664 	  143285 	   26 	  132778 	    9 
  22218 	  120193 	   19 	  116404 	   18 
  28033 	  115014 	   13 	  112224 	   16 
  13800 	  124569 	   15 	  127198 	   11 
  18491 	  119074 	   12 	  129577 	   25 
  16545 	  125847 	   23 	  118088 	   14 
  36035 	  101213 	   12 	  104593 	   14 
  23757 	  117338 	   13 	  113334 	   11 
  21908 	  119547 	   14 	  138397 	   84 
  54188 	   97455 	   73 	   84974 	   10 
  51283 	   88495 	   13 	   94116 	   23 
  53302 	   95548 	   19 	   91832 	    9 
  64662 	   80666 	   14 	   76036 	   10 
  41659 	   98009 	   13 	   95448 	   18 
  17886 	  126745 	   23 	  125589 	   30 
    193 	  150576 	   33 	  135131 	   10 
    121 	  138504 	   13 	  133554 	   84 
      0 	  144641 	   15 	  131914 	   42 
      0 	  144328 	   81 	  138366 	    8 
     94 	  145949 	   36 	  145050 	   67 
      0 	  136070 	   10 	  142313 	   13 
      0 	  144119 	   14 	  143234 	   13 
    372 	  146417 	   55 	  146799 	   23 
      4 	  141662 	   11 	  151093 	   14 
      0 	  139982 	   11 	  143791 	    9 
  18049 	  126234 	   24 	  119103 	   21 
    127 	  138314 	   13 	  143269 	   19 
   1431 	  142025 	   14 	  142259 	   12 
     77 	  141770 	   15 	  145410 	   30 
      0 	  145473 	   22 	  137861 	   18 
      0 	  141123 	   28 	  141638 	   11 
     13 	  138955 	   10 	  139708 	    9 
     21 	  146395 	   18 	  141809 	   19 
      6 	  137595 	   11 	  142019 	   13 
  10512 	  133469 	   16 	  125135 	   25 
      0 	  139230 	   10 	  136852 	   13 
  18693 	  122033 	   11 	  122104 	   35 
  27471 	  116891 	   24 	  120414 	   18 
  38710 	   99669 	   11 	  106968 	   12 
      0 	  136431 	   14 	  149778 	   12 
   2009 	  153058 	   39 	  140577 	   10 
    108 	  148838 	   26 	  138728 	   18 
      0 	  139901 	   14 	  141086 	   11 
      0 	  136115 	   15 	  140965 	   13 
   6347 	  133366 	   24 	  135449 	   22 
     81 	  142130 	   11 	  138612 	   19 
   3948 	  140170 	   18 	  136681 	   12 
  13193 	  129870 	   18 	  124371 	    6 
     50 	  138430 	   14 	  145924 	   16 
    537 	  139623 	   19 	  145287 	   18 
   1522 	  139318 	   16 	  126409 	   14 
  40769 	   98401 	   18 	   98047 	   12 
   1397 	  139772 	   12 	  143491 	   13 
   7696 	  135348 	   16 	  134922 	   35 
  30058 	  118554 	   36 	  107129 	   38 
   7410 	  135393 	   15 	  125092 	    8 
    150 	  135989 	   12 	  136773 	   10 
    443 	  144303 	   34 	  137842 	   34 
      0 	  141068 	   14 	  143301 	   16 
      0 	  140710 	   13 	  138643 	   16 
      0 	  143212 	   26 	  139262 	   14 
    454 	  145681 	   22 	  136472 	   13 
    437 	  135376 	   11 	  151205 	   23 
  53214 	   85445 	   10 	   79579 	   14 
  39151 	  102910 	   27 	  103709 	   10 
  55524 	   82212 	    8 	   91858 	   67 
      0 	  145437 	   17 	  143434 	   20 
  25530 	  123109 	   62 	  117147 	   17 
  25908 	  117439 	   17 	  112646 	    7 
    193 	  138676 	   14 	  137029 	   16 
  22543 	  119344 	   23 	  122560 	   19 
  20173 	  124806 	   22 	  119886 	   10 
  29134 	  110222 	   12 	  110077 	   30 
  37612 	  107374 	   24 	  106919 	   40 
  52879 	   90236 	   38 	   87886 	   12 
  70569 	   66658 	   21 	   64694 	   17 
  65008 	   74577 	   15 	   76856 	   20 
  46371 	   96399 	   21 	   91166 	   15 
  52183 	   87134 	   20 	   82730 	   19 
  42363 	   93936 	   13 	  102127 	   29 
  31791 	  114545 	   26 	  105077 	   10 
  46813 	   92288 	   16 	   97027 	   23 
  52656 	   89915 	   20 	   85116 	   13 
  55575 	   83996 	   15 	   86119 	   13 
  69129 	   76220 	   46 	   72309 	   48 
  70697 	   70351 	   11 	   73731 	   22 
  75241 	   65901 	   17 	   61575 	   14 
  39359 	  102237 	   16 	  107266 	   21 
  18321 	  127521 	   19 	  122925 	   13 
  10945 	  128752 	   10 	  132654 	   60 
    255 	  146968 	   55 	  141428 	   23 
     28 	  139119 	   12 	  146416 	   53 
      3 	  139895 	   31 	  143547 	   25 
      5 	  144381 	   51 	  140886 	   11 
    737 	  141998 	   22 	  138216 	   22 
     41 	  140941 	   17 	  139411 	   19 
  14385 	  123748 	   12 	  125434 	   12 
  23107 	  120185 	   17 	  117438 	   10 
     97 	  138783 	   11 	  138405 	   21 
   2535 	  143173 	   20 	  140533 	   16 
  15702 	  122901 	    8 	  126987 	   31 
   3364 	  138718 	   15 	  138244 	   27 
      0 	  139738 	   30 	  136430 	   17 
  12064 	  130083 	   28 	  126033 	   17 
  11996 	  126250 	   14 	  128806 	   16 
   5305 	  137636 	   13 	  134367 	   16 
  18395 	  121626 	   12 	  122223 	   17 
   9310 	  130117 	   19 	  128686 	   27 
   7302 	  134895 	   21 	  132391 	   28 
  16756 	  121324 	   10 	  128856 	   28 
  27656 	  117779 	   27 	  115904 	    6 
  29930 	  117064 	   28 	  111766 	   20 
   5438 	  135590 	   16 	  134923 	    9 
   9566 	  130274 	   13 	  130655 	   42 
   5632 	  135136 	   42 	  128566 	   11 
  16226 	  117897 	   11 	  122662 	   18 
   1104 	  137100 	   20 	  136952 	   19 
   1873 	  139345 	   21 	  134523 	   17 
   7953 	  128534 	   19 	  126019 	   10 
   2409 	  132778 	   12 	  138312 	   30 
   8216 	  135056 	   26 	  132389 	   17 
  13823 	  126189 	   15 	  126405 	   19 
   9697 	  135134 	   21 	  128931 	   13 
  14276 	  122220 	    9 	  122959 	   15 
   2650 	  135240 	   15 	  133950 	   32 
  16839 	  124942 	   36 	  121420 	   16 
  16923 	  122780 	   23 	  119290 	   16 
   6614 	  129389 	   17 	  129743 	   18 
  14885 	  123122 	   22 	  123925 	   20 
  13035 	  126945 	   20 	  125266 	   16 
   8626 	  134033 	   27 	  129429 	   27 
  16869 	  119609 	   12 	  121541 	   20 
  12538 	  127080 	   19 	  127630 	   21 
   8248 	  132859 	   21 	  129275 	   17 
  12155 	  128332 	   17 	  137700 	   58 
    213 	  144140 	   54 	  143053 	   65 
    134 	  142116 	   55 	  141613 	   27 
    155 	  140110 	   30 	  141004 	   59 
   2963 	  140921 	   59 	  134157 	   12 
  18558 	  118713 	   14 	  121010 	   16 
  10511 	  127936 	   18 	  128654 	   12 
   4281 	  137259 	   16 	  130520 	   12 
  13877 	  122543 	   14 	  127708 	   17 
  14422 	  124890 	   20 	  126650 	   27 
  21692 	  120251 	   22 	  119857 	   26 
  47820 	   92755 	   28 	   92006 	   31 
  17607 	  124742 	   28 	  119527 	    7 
   2528 	  135320 	   16 	  137182 	   20 
   6684 	  135850 	   20 	  136223 	   13 
   4589 	  133937 	   11 	  136813 	   28 
   1510 	  139747 	   26 	  133348 	   16 
   8966 	  128792 	   15 	  130022 	   15 
   4890 	  134070 	   16 	  134914 	   16 
    336 	  142396 	   17 	  137936 	   18 
   4442 	  135545 	   16 	  139802 	   16 
   4431 	  137266 	   16 	  139422 	   28 
   4733 	  140140 	   26 	  130093 	   29 
    138 	  137718 	   27 	  140580 	   15 
   1994 	  141188 	   30 	  144198 	   32 
   6464 	  133446 	   16 	  126255 	    8 
    921 	  138203 	   19 	  138275 	   24 
    369 	  137982 	   15 	  145994 	  108 
  15882 	  126595 	   79 	  125027 	   12 
  47385 	   92991 	   41 	   94985 	   12 
  26799 	  113469 	   14 	  111152 	   17 
   1162 	  139521 	   20 	  140408 	   14 
  30873 	  107432 	   10 	  107335 	   15 
  11778 	  129038 	   10 	  133236 	   19 
   6037 	  135109 	   22 	  128130 	   11 
  44944 	   92185 	   13 	   96795 	   13 
  16361 	  121583 	   11 	  126820 	   19 
   5189 	  136134 	   21 	  132416 	   11 
  50662 	   87215 	   20 	   86379 	    6 
   1872 	  135486 	   12 	  138281 	   45 
    677 	  141060 	   37 	  138140 	   17 
  11379 	  127038 	   10 	  129895 	    6 
     70 	  138586 	   16 	  142476 	   22 
   1245 	  140097 	   15 	  133971 	    9 
  12005 	  127612 	   14 	  127422 	   25 
  22275 	  112515 	    9 	  116309 	   11 
  27302 	  113114 	   21 	  110222 	   10 
   2059 	  137694 	   15 	  137632 	   23 
    398 	  139167 	   22 	  136491 	   10 
  12527 	  120795 	   11 	  122721 	   50 
      0 	  135533 	   14 	  135387 	   20 
  22228 	  115544 	   44 	  120450 	   11 
   6318 	  136507 	   14 	  129718 	   21 
      3 	  142411 	   11 	  135022 	   12 
  27294 	  109431 	   19 	  109459 	    8 
     28 	  138347 	   10 	  133285 	   20 
  11366 	  130960 	   17 	  125740 	    9 
  20569 	  116830 	   11 	  130455 	   19 
      2 	  140409 	   16 	  134072 	   15 
  14681 	  134197 	   24 	  129221 	   11 
   1039 	  141230 	   16 	  137321 	   45 
      0 	  139399 	   14 	  136523 	   14 
  21227 	  120050 	   45 	  114985 	   10 
     62 	  141299 	   12 	  136426 	   23 
    735 	  138306 	   28 	  126747 	   13 
   3803 	  128217 	   14 	  134195 	   24 
  12784 	  122039 	   13 	  121235 	   11 
  22080 	  121070 	   29 	  113769 	   11 
   5538 	  132938 	   14 	  132159 	   24 
   6813 	  133778 	   30 	  131231 	   14 
  14079 	  120233 	   12 	  135049 	   93 
      0 	  141094 	   19 	  137075 	   13 
    178 	  146428 	   84 	  135272 	    6 
      2 	  136732 	   13 	  142503 	   23 
      0 	  135153 	   13 	  139786 	   15 
   3627 	  138304 	   21 	  131346 	   28 
   4884 	  135179 	   12 	  132215 	   10 
    134 	  138233 	   21 	  133126 	   15 
      7 	  133521 	    8 	  136115 	   23 
      2 	  133918 	   13 	  132215 	   13 
     75 	  136268 	   21 	  137297 	   45 
      0 	  137013 	   11 	  139795 	   19 
     41 	  139338 	   46 	  137847 	   10 
     30 	  137610 	   18 	  140626 	   22 
      0 	  136147 	   15 	  142841 	   19 
    154 	  142790 	   20 	  140193 	   18 
     69 	  144680 	   21 	  138902 	   27 
   1703 	  134232 	    9 	  137688 	   14 
   2645 	  137785 	   24 	  133126 	   22 
      0 	  138061 	   12 	  134884 	   13 
    182 	  138998 	   26 	  140535 	   16 
     31 	  136519 	   17 	  133483 	   53 
      0 	  133941 	   12 	  127198 	   18 
     32 	  136197 	   44 	  130898 	   23 
     14 	  136149 	   14 	  126576 	   14 
  12551 	  122545 	   25 	  122152 	   29 
   2774 	  131445 	   18 	  132389 	   12 
  18963 	  117862 	   29 	  123002 	   25 
      9 	  134916 	   13 	  134140 	   13 
    103 	  141440 	   17 	  140351 	    9 
      6 	  140772 	   26 	  132010 	   44 
      0 	  141546 	   15 	  126844 	   16 
     40 	  140347 	   48 	  135596 	   26 
      6 	  132259 	   17 	  135187 	   19 
      0 	  133162 	   13 	  139587 	   12 
  12810 	  124957 	   24 	  127560 	   27 
    871 	  137414 	   16 	  136694 	   13 
   4045 	  135245 	   32 	  144294 	   27 
      6 	  141008 	   19 	  143938 	   13 
    236 	  141157 	   15 	  143997 	   13 
    297 	  149031 	   30 	  177598 	  113 
    105 	  147430 	   16 	  149048 	   65 
    130 	  162222 	  145 	  149404 	   23 
    224 	  141309 	   22 	  138009 	   12 
    336 	  143541 	   18 	  138391 	   13 
     76 	  138050 	   13 	  143509 	   15 
      0 	  136866 	    9 	  138370 	    9 
     57 	  143108 	   14 	  141991 	   17 
   9349 	  134585 	   19 	  132208 	   32 
   3990 	  133684 	   13 	  149967 	   59 
    984 	  146525 	   37 	  142249 	   12 
     68 	  151489 	   59 	  139822 	    8 
      2 	  139241 	   15 	  142177 	   12 
     86 	  144142 	   11 	  142669 	   14 
    888 	  139544 	    8 	  145122 	   24 
   2265 	  138219 	   12 	  144652 	   18 
      0 	  144507 	   31 	  151375 	   17 
     85 	  148544 	   25 	  139937 	    8 
    187 	  143517 	   16 	  139539 	   14 
     36 	  140476 	   10 	  134847 	   16 
  13944 	  128205 	   11 	  134504 	   21 
   2154 	  143902 	   18 	  139047 	    9 
     51 	  146559 	   19 	  138818 	   17 
    742 	  139008 	   10 	  147956 	   21 
    291 	  144521 	   23 	  145406 	   15 
   1351 	  137018 	    8 	  140325 	   13 
    759 	  144867 	   12 	  146837 	   59 
   5575 	  141991 	   16 	  151279 	   13 
  13693 	  142461 	   56 	  132347 	   11 
   6213 	  141704 	   12 	  131707 	   11 
  16995 	  125214 	    9 	  128899 	   21 
      0 	  139004 	   14 	  146765 	   27 
      0 	  141617 	   27 	  141986 	   11 
    184 	  145007 	   30 	  153318 	   37 
    198 	  140305 	   11 	  146382 	   14 
     23 	  144668 	   21 	  149728 	   11 
   3126 	  147079 	   35 	  145376 	   11 
    874 	  139934 	   11 	  140005 	   20 
    429 	  145424 	   12 	  143438 	   21 
   2628 	  140708 	   13 	  142419 	   11 
  16426 	  132953 	   24 	  128643 	   28 
    101 	  138214 	    8 	  140519 	   30 
      2 	  145166 	   23 	  146728 	   21 
      0 	  144204 	   25 	  142090 	   11 
     90 	  141131 	   20 	  141321 	   14 
      2 	  140201 	   14 	  141672 	   42 
      0 	  145787 	   15 	  137867 	   15 
    491 	  144106 	   39 	  142646 	   35 
   1728 	  137370 	    9 	  145491 	   15 
   1891 	  145429 	   31 	  139389 	   11 
     60 	  144193 	   18 	  137876 	   11 
   1396 	  139419 	   10 	  135933 	   23 
   2938 	  139771 	   11 	  144162 	   16 
  22296 	  129209 	   22 	  114425 	    7 
  38479 	   99498 	   11 	   99023 	   16 
     81 	  140487 	   16 	  144337 	   18 
   1164 	  145798 	   19 	  146401 	   13 
  51482 	   89741 	   19 	   86214 	    8 
  14268 	  129149 	   12 	  124078 	   33 
  13702 	  145629 	  103 	  139935 	  115 
  17614 	  127691 	   28 	  129164 	   28 
  38900 	  100186 	   13 	  102757 	   18 
  29645 	  112344 	   19 	  115659 	   17 
  41887 	  100748 	   23 	  102285 	   17 
  13749 	  131038 	   17 	  136978 	   11 
  20446 	  119340 	   10 	  123009 	   27 
  29506 	  117239 	   26 	  115830 	    8 
  12632 	  126434 	   14 	  129005 	   14 
  36656 	  104293 	   11 	  108541 	   14 
  35337 	  107474 	   16 	  105206 	   13 
  20273 	  119145 	   12 	  119673 	   13 
  60560 	   82334 	   14 	   80022 	    8 
    622 	  139490 	   11 	  146876 	   46 
  25961 	  128245 	   49 	  120232 	   10 
    250 	  139948 	   15 	  140913 	   15 
  14319 	  123638 	   11 	  133605 	   22 
  10885 	  136105 	   24 	  133440 	   14 
   4625 	  137858 	   15 	  135126 	   16 
  22415 	  119455 	   19 	  128939 	   27 
  31954 	  121816 	   28 	  113957 	    8 
  14954 	  126970 	    9 	  138705 	   25 
  14904 	  128686 	   27 	  130615 	   10 
    601 	  142506 	   12 	  144397 	   12 
   3227 	  140321 	   15 	  141257 	   18 
   7549 	  133324 	   16 	  142968 	   45 
   2638 	  141334 	   44 	  146985 	   31 
      0 	  140398 	   21 	  149422 	    9 
      4 	  147384 	   29 	  140350 	   12 
      4 	  144806 	   14 	  138625 	   11 
  11467 	  128125 	   13 	  134240 	   20 
      2 	  142516 	   14 	  144357 	   12 
  10777 	  138532 	   16 	  131590 	    7 
    879 	  144696 	   16 	  137114 	   21 
      0 	  138963 	   10 	  142100 	   19 
   1659 	  144876 	   20 	  133817 	   26 
   2014 	  136864 	   10 	  134896 	   18 
  70181 	   74616 	   19 	   70087 	    8 
  57572 	   83677 	   12 	   81714 	   33 
  17987 	  122095 	   24 	  129836 	   39 
  62142 	   88413 	   42 	   78885 	    8 
  35902 	  107024 	   10 	  114138 	   17 
  22119 	  124292 	   18 	  130151 	   22 
      0 	  142158 	   15 	  149446 	   15 
     94 	  142483 	   20 	  139672 	   13 
   5860 	  139758 	   18 	  134797 	   28 
      2 	  142090 	   10 	  141325 	   18 
   2988 	  154468 	   24 	  134874 	   14 
     87 	  141842 	   13 	  144965 	   20 
      5 	  143351 	   15 	  144132 	   18 
    838 	  144270 	   21 	  138850 	   10 
  11017 	  126672 	   19 	  132135 	   34 
  44354 	  101640 	   33 	   98731 	   10 
  44114 	   97026 	   24 	  101355 	   29 
  74188 	   66591 	   10 	   70101 	   13 
  64889 	   80566 	   17 	   81120 	   17 
  53590 	   88649 	   16 	   87202 	   13 
  49540 	   98263 	   90 	   94296 	  100 
  79189 	   62566 	   22 	   60060 	   20 
  61968 	   78018 	   18 	   83873 	   16 
  86460 	   55159 	   20 	   56966 	   26 
  76166 	   71157 	   21 	   64310 	   16 
  69175 	   78354 	   31 	   82803 	   34 
  64802 	   75860 	   10 	   80240 	   13 
  80272 	   61309 	   28 	   66048 	   25 
  62607 	   81300 	   22 	   80100 	   20 
  68974 	   71486 	   15 	   77419 	   13 
  70828 	   71326 	   21 	   72608 	   22 
  76204 	   60878 	   15 	   64311 	   20 
  94056 	   52766 	   47 	   48539 	   50 
  93995 	   48890 	   19 	   50444 	   19 
  92658 	   51876 	   26 	   54820 	   21 
 105895 	   36619 	   22 	   39720 	   21 
  96116 	   54742 	   25 	   56796 	   22 
  87244 	   59773 	   30 	   57482 	   34 
  75509 	   68630 	   21 	   60870 	   12 
  65166 	   78461 	   18 	   80938 	   22 
  52221 	   95121 	   26 	   93826 	   20 
  88393 	   52496 	   14 	   57833 	   21 
  63179 	   84485 	   22 	   82340 	   11 
  90270 	   51464 	   21 	   58209 	   18 
  55641 	   98517 	   64 	   93995 	   57 
  60194 	   80987 	   11 	   90266 	   28 
  68994 	   79465 	   20 	   76138 	    5 
  10886 	  130486 	   27 	  138387 	   28 
     71 	  139497 	   22 	  138226 	   17 
  40887 	   98582 	   10 	  105720 	   29 
  29704 	  117459 	   26 	  113607 	   14 
      0 	  137187 	   14 	  135146 	   16 
  29806 	  106264 	   12 	  112271 	   19 
  20980 	  123862 	   18 	  116809 	   13 
  61346 	   82105 	   15 	   81089 	   21 
  71736 	   69249 	    8 	   68749 	   51 
  69928 	   88358 	   55 	   80655 	   11 
  63927 	   78495 	   12 	   78965 	   25 
  47079 	  109549 	   27 	   97769 	   13 
  49605 	   93787 	   14 	   94164 	   11 
  45137 	  110126 	   34 	  110816 	   29 
  28871 	  113212 	   11 	  109610 	   17 
  34988 	  109916 	   16 	  108401 	   21 
  47512 	  103902 	   31 	  100369 	   22 
  45104 	   97813 	   15 	   95301 	   13 
  33337 	  110344 	   18 	  120006 	   28 
  53391 	   92889 	   25 	   88154 	   11 
  92404 	   49475 	   21 	   47450 	   22 
  71301 	   74290 	   36 	   74519 	   36 
  59030 	   82226 	   15 	   82693 	   13 
  28268 	  123114 	   19 	  120465 	   18 
  60707 	   80700 	   13 	   81064 	   12 
  39494 	  111190 	   32 	  103900 	   18 
  60008 	   81077 	   13 	   81822 	   36 
  54365 	   99532 	   24 	   91281 	   14 
  27455 	  118366 	   15 	  122545 	   17 
  23789 	  135856 	  136 	  123191 	   17 
   2275 	  139200 	   19 	  155667 	  158 
     70 	  146669 	   47 	  143262 	   26 
    207 	  143732 	   38 	  146638 	   56 
      0 	  149651 	   20 	  145110 	   17 
     38 	  142858 	   15 	  144629 	   47 
     59 	  142540 	   21 	  147100 	   22 
      0 	  145467 	   22 	  147280 	   16 
     24 	  142978 	   12 	  144125 	   25 
     23 	  151202 	   28 	  142881 	   19 
      0 	  142753 	   14 	  149268 	   16 
      5 	  140668 	   13 	  146463 	   30 
   8292 	  136607 	   15 	  130917 	   13 
     28 	  146715 	   26 	  142468 	   11 
      6 	  138684 	   17 	  140258 	   28 
    169 	  146654 	   25 	  138893 	   13 
     22 	  142499 	   12 	  142160 	   24 
   6112 	  141602 	   16 	  137215 	   14 
     84 	  149839 	   44 	  140238 	   15 
      8 	  138505 	   13 	  148643 	   48 
   2795 	  140826 	   10 	  147312 	   17 
   6827 	  138607 	   14 	  134637 	   15 
      0 	  145123 	   24 	  145721 	   13 
     59 	  139961 	   14 	  144763 	   24 
      0 	  145207 	   20 	  140816 	   14 
      0 	  142465 	   14 	  141934 	   12 
    169 	  138289 	   14 	  147180 	   17 
  11907 	  132273 	   17 	  127330 	   12 
      1 	  140209 	   20 	  138173 	   16 
     15 	  145270 	   21 	  137018 	   17 
      7 	  141345 	   23 	  142736 	   21 
      0 	  143637 	   18 	  141230 	   13 
     16 	  145915 	   20 	  146781 	   27 
     29 	  154383 	   39 	  140879 	    9 
    108 	  144881 	   11 	  147519 	   55 
     97 	  139023 	   10 	  141724 	   11 
  22446 	  119311 	   16 	  121382 	    9 
      0 	  139066 	   17 	  153138 	   13 
      0 	  142541 	   53 	  136120 	   15 
      0 	  141544 	   13 	  141763 	   17 
   1612 	  138567 	   19 	  147218 	   59 
    381 	  146537 	   17 	  134727 	   13 
      0 	  142531 	   10 	  139935 	   20 
   2846 	  136146 	   13 	  139865 	   24 
      0 	  143167 	   24 	  141203 	   13 
      3 	  140100 	   15 	  145646 	   10 
      0 	  135043 	   15 	  137634 	   19 
    124 	  142054 	   27 	  138779 	   13 
      0 	  135631 	   15 	  140238 	   16 
   1093 	  147706 	   33 	  135161 	   25 
      0 	  138392 	   17 	  144819 	   14 
      8 	  146325 	   27 	  134464 	   18 
     25 	  139088 	   11 	  147820 	   39 
      0 	  135555 	   14 	  139035 	   12 
     64 	  143830 	   19 	  146978 	   30 
      0 	  144092 	   47 	  137536 	   13 
      0 	  136534 	   15 	  137089 	   12 
      0 	  134013 	   14 	  146269 	   23 
    154 	  140189 	   25 	  147277 	   41 
      2 	  140526 	   15 	  135317 	   13 
      7 	  137824 	   24 	  136365 	   20 
     66 	  137709 	   22 	  136269 	   24 
      0 	  142695 	   19 	  143790 	   15 
     20 	  140341 	   24 	  133740 	   11 
      4 	  135899 	   10 	  134078 	   31 
     23 	  144866 	   21 	  142102 	   19 
     22 	  150349 	   32 	  139539 	   26 
      0 	  136397 	   13 	  137869 	   11 
      2 	  142939 	   13 	  143533 	   20 
     49 	  140075 	   15 	  136318 	   37 
     18 	  138442 	   13 	  151446 	   21 
      1 	  142855 	   26 	  137369 	   19 
     12 	  137328 	   12 	  139382 	   19 
      0 	  140634 	   15 	  145013 	   12 
      0 	  140701 	   18 	  141186 	   10 
     10 	  149816 	   66 	  147654 	   21 
      0 	  141341 	   13 	  136052 	   12 
      0 	  149840 	   25 	  137337 	   13 
      0 	  143458 	   13 	  145064 	   15 
      0 	  139347 	   14 	  152313 	   62 
      8 	  143102 	   17 	  138690 	   27 
      2 	  151120 	   32 	  147470 	   14 
      6 	  138995 	   11 	  143880 	   10 
      0 	  144983 	   14 	  137703 	   16 
    124 	  148558 	   80 	  139166 	   32 
      2 	  147631 	   38 	  137540 	   14 
      3 	  136528 	    9 	  132514 	   92 
    148 	  139439 	   15 	  135269 	   41 
    228 	  152649 	   69 	  131455 	   16 
    135 	  142856 	   12 	  144782 	   71 
   2171 	  138072 	   12 	  153816 	   17 
      1 	  142496 	   24 	  146117 	   15 
      0 	  137304 	   14 	  141364 	   12 
   2788 	  136690 	   15 	  151638 	   24 
     69 	  143841 	   15 	  145250 	   12 
     36 	  145405 	   19 	  142057 	   15 
      0 	  143991 	   21 	  131464 	   16 
      0 	  138099 	    9 	  148820 	   24 
      0 	  148163 	   23 	  143434 	   10 
      0 	  137804 	    8 	  139629 	   19 
  17915 	  126342 	   10 	  127418 	   26 
      3 	  138176 	    9 	  137749 	    9 
  17780 	  121919 	   13 	  124079 	    8 
      0 	  144926 	   26 	  141573 	   14 
     11 	  141092 	   11 	  133883 	   26 
      1 	  137178 	   15 	  139120 	   12 
    523 	  151631 	   38 	  136940 	   11 
    137 	  147103 	   27 	  148928 	   39 
     42 	  140732 	   14 	  145199 	   21 
     36 	  135960 	   14 	  145174 	    8 
     12 	  138911 	   24 	  142484 	   12 
      0 	  142187 	   16 	  139856 	   10 
     45 	  142812 	   18 	  139150 	   20 
     10 	  143537 	   20 	  145649 	   12 
      0 	  140651 	   14 	  138026 	    7 
     23 	  140987 	   17 	  136835 	   24 
      0 	  142140 	   18 	  142470 	   16 
      0 	  136541 	   13 	  141864 	   12 
      0 	  140006 	   15 	  143655 	   16 
     27 	  142092 	   16 	  142835 	   13 
     27 	  148627 	   32 	  133876 	   17 
     16 	  143315 	   12 	  132835 	   14 
    165 	  145283 	   32 	  141342 	   17 
   6579 	  129907 	   13 	  146896 	   14 
    652 	  142176 	   14 	  136063 	   28 
     24 	  140468 	   12 	  136003 	   35 
    133 	  147598 	   33 	  132130 	   12 
      0 	  142433 	   14 	  136369 	    6 
      1 	  135511 	   11 	  153002 	   36 
   5351 	  133577 	   10 	  136098 	   15 
      5 	  144155 	   25 	  136611 	   13 
      0 	  138202 	    9 	  134857 	   13 
      0 	  146141 	   40 	  144064 	   21 
      0 	  138838 	   17 	  142308 	   11 
      0 	  145841 	   17 	  142886 	   14 
      0 	  138847 	   18 	  135490 	   10 
     26 	  141692 	   19 	  152278 	   39 
      0 	  145474 	   18 	  138969 	   17 
      0 	  138705 	   13 	  138845 	   16 
   2609 	  138341 	   32 	  139306 	   22 
     10 	  139925 	   18 	  137280 	   15 
   1880 	  136308 	   22 	  147492 	   15 
   5774 	  131541 	   16 	  133817 	   32 
      7 	  142917 	   20 	  137178 	   18 
      0 	  140718 	   32 	  137573 	   14 
      3 	  138521 	   22 	  137159 	   26 
     17 	  141641 	   31 	  140116 	   16 
     13 	  142815 	   21 	  137619 	   12 
      8 	  136896 	   14 	  141753 	   34 
    226 	  143116 	   25 	  141489 	   36 
     15 	  144488 	   57 	  138062 	   13 
      0 	  141047 	   14 	  139189 	   16 
      0 	  146852 	   22 	  138486 	   14 
      0 	  141553 	   17 	  138307 	   19 
      0 	  143340 	   15 	  143899 	   61 
      0 	  139020 	   11 	  143627 	   20 
    114 	  146704 	   43 	  143087 	   18 
      0 	  138433 	   12 	  141460 	   17 
      0 	  140746 	   19 	  146270 	   11 
     50 	  139496 	   51 	  140650 	   48 
      0 	  138983 	   20 	  141004 	   13 
     85 	  138333 	   25 	  147067 	   55 
     15 	  134508 	   16 	  134580 	   12 
     35 	  139175 	   22 	  138595 	   20 
    557 	  139147 	   32 	  136766 	   19 
      0 	  135087 	   14 	  135037 	   19 
      4 	  136701 	   21 	  135939 	   11 
     77 	  140827 	   21 	  139638 	   31 
     55 	  138907 	   14 	  132117 	   18 
    666 	  136195 	   16 	  137976 	   21 
      3 	  139685 	   33 	  137258 	   12 
      0 	  142942 	   23 	  136919 	   17 
      0 	  136271 	   12 	  139019 	   35 
     14 	  139817 	   19 	  137792 	   18 
     19 	  140879 	   17 	  143574 	   17 
   7385 	  135926 	   23 	  128249 	   17 
      5 	  139885 	   20 	  138303 	   13 
      0 	  137530 	   15 	  138917 	   12 
   3667 	  137424 	   15 	  137253 	   26 
     59 	  152148 	   65 	  135364 	   21 
    106 	  146107 	   42 	  138683 	   14 
    176 	  143882 	   17 	  138945 	   17 
    166 	  136857 	   13 	  152666 	   73 
     46 	  146793 	   58 	  150453 	   46 
      0 	  139018 	   12 	  143325 	   21 
     25 	  144482 	   24 	  138142 	   65 
      0 	  138704 	   11 	  137786 	   16 
      8 	  147840 	   25 	  144040 	   16 
      0 	  139122 	   11 	  139360 	   21 
      8 	  144070 	   13 	  140616 	   20 
    169 	  138151 	   12 	  141142 	   28 
     92 	  140542 	   12 	  137344 	   11 
      0 	  144357 	   22 	  145791 	    8 
   3817 	  134624 	   11 	  136117 	   11 
      0 	  141130 	   13 	  141939 	   18 
    308 	  137179 	   16 	  137841 	   15 
      2 	  142181 	   20 	  139099 	   14 
      0 	  143579 	   27 	  137983 	   14 
      0 	  138286 	   11 	  138155 	   20 
      2 	  145302 	   17 	  140209 	   19 
     20 	  145641 	   30 	  143666 	   30 
      5 	  142265 	   28 	  138695 	   10 
      3 	  145035 	   17 	  145165 	   32 
      0 	  139278 	   15 	  147019 	   21 
     80 	  142487 	   52 	  141891 	   32 
      0 	  138843 	   14 	  142316 	   12 
      0 	  142696 	   18 	  145556 	   14 
      0 	  136557 	   17 	  137145 	   12 
     21 	  141014 	   16 	  140335 	   53 
     10 	  142847 	   19 	  139795 	   16 
      0 	  142841 	   27 	  137466 	   13 
      5 	  142151 	   19 	  137423 	   23 
      2 	  141803 	   24 	  139521 	   17 
   7894 	  129503 	   15 	  136673 	   11 
     12 	  140832 	   20 	  140924 	   32 
      0 	  139193 	   19 	  142541 	   24 
      8 	  136189 	   11 	  139314 	   16 
     77 	  146003 	   30 	  136139 	   14 
      2 	  144826 	   15 	  136938 	   16 
      0 	  139544 	    9 	  136155 	   18 
      1 	  143707 	   32 	  138117 	   19 
      0 	  138197 	   19 	  147325 	   34 
      0 	  142350 	   17 	  144819 	   20 
      0 	  139133 	   14 	  143346 	   16 
     82 	  142996 	   32 	  140357 	   31 
      0 	  139536 	   14 	  139260 	    8 
      0 	  140680 	   13 	  145089 	   11 
      0 	  138415 	   14 	  138046 	   13 
    175 	  145324 	   92 	  145401 	   36 
      0 	  140795 	   43 	  136328 	   13 
      0 	  140719 	   16 	  141695 	   16 
      0 	  142782 	   12 	  139638 	   10 
     10 	  137561 	    8 	  143658 	  133 
      0 	  139617 	   12 	  141741 	   15 
     10 	  142176 	   25 	  142031 	   11 
      0 	  135955 	    6 	  142742 	   17 
      0 	  138120 	   12 	  136076 	   16 
      0 	  145856 	   21 	  140675 	   19 
      0 	  135511 	    8 	  142591 	   18 
      7 	  135989 	   13 	  136000 	   22 
      0 	  141450 	   23 	  149046 	   13 
     48 	  139354 	   11 	  138292 	   12 
     56 	  151334 	   22 	  134454 	   10 
      0 	  135248 	   10 	  143320 	   19 
      1 	  141771 	   15 	  139432 	   19 
      7 	  134950 	    9 	  139159 	   19 
      0 	  137376 	   26 	  144012 	    6 
      0 	  140504 	   15 	  143632 	   14 
      0 	  141158 	   14 	  136322 	    9 
     17 	  135067 	   14 	  134842 	   27 
      0 	  132772 	   11 	  139431 	   13 
      0 	  139669 	   47 	  139704 	   16 
      0 	  137824 	   13 	  146139 	   10 
      0 	  144473 	   20 	  133016 	   13 
     39 	  133313 	    7 	  134080 	   56 
     54 	  138693 	   12 	  138051 	   12 
     32 	  142149 	   19 	  140020 	   12 
      0 	  139618 	   15 	  137531 	   11 
      0 	  140234 	   16 	  134585 	   11 
     15 	  146523 	   17 	  132194 	   19 
     67 	  147114 	   20 	  141137 	   10 
    284 	  138726 	   14 	  135748 	   15 
     18 	  140894 	   35 	  142795 	   12 
  13134 	  128834 	   14 	  123783 	   11 
      0 	  140635 	   18 	  141613 	    7 
     11 	  133172 	   13 	  136899 	   30 
     11 	  136047 	   11 	  137533 	   14 
      0 	  147178 	   30 	  135781 	   17 
      0 	  144967 	   18 	  133459 	   15 
     55 	  143868 	   19 	  130237 	   27 
      4 	  134906 	   11 	  143370 	   11 
     34 	  141747 	   18 	  136530 	   13 
    212 	  153521 	   59 	  141620 	   16 
      0 	  144375 	   17 	  141862 	   17 
      0 	  138996 	   15 	  150517 	    9 
     23 	  144249 	   12 	  145565 	   60 
     71 	  139336 	   11 	  142078 	   10 
   9283 	  132952 	   24 	  130737 	    7 
      0 	  135436 	   16 	  145538 	   10 
      0 	  132260 	   10 	  138431 	   15 
    131 	  136531 	   12 	  139715 	   27 
     36 	  137363 	   14 	  132374 	   16 
      2 	  140117 	   24 	  132483 	   15 
      0 	  140788 	   18 	  138423 	   16 
      0 	  145836 	   18 	  134145 	   11 
     67 	  139124 	   13 	  138644 	   28 
    202 	  148373 	   17 	  139592 	    8 
    284 	  138933 	    7 	  147312 	   18 
     66 	  140706 	   28 	  138708 	   11 
      7 	  137658 	   17 	  142550 	   16 
   7094 	  136425 	   16 	  139247 	   32 
  39062 	  106223 	   13 	  103500 	   15 
  18134 	  116013 	   10 	  120655 	    8 
      0 	  136148 	   51 	  145092 	   14 
      0 	  134828 	   15 	  141501 	   20 
     36 	  135423 	   16 	  141369 	   63 
     19 	  136086 	   14 	  124936 	   18 
      4 	  140273 	   34 	  129075 	   15 
      0 	  138048 	   19 	  128710 	   15 
     22 	  137809 	   19 	  130764 	   31 
   6539 	  136403 	   18 	  133468 	   11 
    975 	  145684 	   16 	  136235 	   11 
   1534 	  139946 	   36 	  135388 	   15 
      2 	  135310 	   18 	  145456 	   12 
      3 	  136853 	   10 	  137476 	   36 
  33628 	  104391 	   16 	   97630 	   17 
  16997 	  122114 	   17 	  116340 	   10 
     17 	  142066 	   38 	  139955 	   18 
      0 	  143485 	   19 	  139026 	   19 
     36 	  140856 	   17 	  139542 	   37 
  17319 	  132785 	   18 	  124374 	   16 
   5500 	  141350 	   17 	  137103 	   12 
   2290 	  161169 	  130 	  145505 	   19 
      0 	  140224 	   24 	  147421 	   17 
      0 	  140379 	   18 	  166546 	  111 
     25 	  142129 	   20 	  169572 	   62 
   1764 	  135857 	   12 	  137945 	   24 
     96 	  144369 	   13 	  141713 	   18 
   2015 	  142382 	   20 	  141252 	   16 
      0 	  140368 	   25 	  138889 	   15 
   5231 	  144472 	   60 	  136343 	    9 
    935 	  145556 	   27 	  141634 	   18 
     92 	  139068 	   14 	  143016 	   36 
     38 	  144187 	   25 	  142003 	   58 
  15195 	  125084 	    9 	  134103 	   24 
   1520 	  140437 	   14 	  140816 	   12 
  17198 	  124935 	   19 	  128977 	   19 
      0 	  147530 	   51 	  140851 	   12 
      0 	  142568 	   16 	  141585 	   14 
     19 	  139725 	   10 	  144023 	   15 
   3466 	  139656 	   20 	  145129 	   51 
     17 	  144730 	   19 	  144082 	   12 
   1303 	  143471 	   14 	  141095 	   17 
      0 	  139806 	   13 	  135955 	   12 
      1 	  144350 	   20 	  133976 	   15 
      0 	  139572 	   10 	  151456 	   18 
      0 	  143480 	   11 	  140037 	   20 
    186 	  146793 	   21 	  142994 	   22 
   2758 	  153906 	   43 	  140412 	   14 
     46 	  149301 	   25 	  146181 	   19 
      4 	  144758 	   11 	  140929 	   11 
    452 	  139144 	   13 	  153376 	   36 
    162 	  142439 	   16 	  157599 	   19 
      0 	  144966 	   24 	  141483 	   13 
      0 	  141720 	   12 	  145436 	   18 
     91 	  145871 	   27 	  145573 	   23 
    317 	  151424 	   29 	  143983 	   10 
    173 	  141018 	   12 	  148674 	   21 
  17124 	  129781 	   23 	  135618 	   31 
  11947 	  128611 	   11 	  134462 	    7 
  28034 	  115636 	   18 	  112299 	   16 
  19440 	  120890 	    8 	  126679 	   14 
      1 	  146638 	   25 	  142093 	   13 
    102 	  147374 	   44 	  144892 	   16 
  22255 	  119788 	   13 	  127232 	   21 
     12 	  140943 	   13 	  147251 	   41 
    616 	  147822 	   20 	  139256 	   13 
  22615 	  121418 	   45 	  124619 	   12 
      0 	  138818 	   12 	  138263 	   24 
     79 	  146912 	   29 	  145290 	   48 
      0 	  144004 	   15 	  136019 	   13 
      0 	  139326 	   19 	  132461 	   16 
   5093 	  139469 	   16 	  149927 	   33 
   4961 	  139814 	   11 	  137491 	    6 
   1691 	  140283 	   10 	  140884 	   21 
      0 	  140506 	   10 	  139216 	   15 
     27 	  147588 	   18 	  138547 	   20 
      0 	  143448 	   15 	  144041 	   15 
      0 	  145218 	   13 	  134656 	   14 
     20 	  163257 	  104 	  136646 	   10 
      0 	  145750 	   27 	  146002 	   18 
      0 	  139206 	   13 	  141528 	   13 
      0 	  140722 	   23 	  139043 	   17 
     29 	  146971 	   16 	  152734 	  124 
      9 	  142721 	   15 	  145322 	   24 
      0 	  141578 	   13 	  144008 	    9 
    102 	  146275 	   33 	  139226 	   17 
     61 	  142837 	   20 	  151240 	   17 
     17 	  143305 	   19 	  144968 	   18 
    108 	  139771 	   12 	  151208 	   34 
    223 	  146312 	   19 	  146202 	   12 
     73 	  152092 	   27 	  146525 	   17 
      0 	  140521 	   12 	  144200 	   20 
     95 	  147587 	   18 	  144633 	   15 
      0 	  144620 	   15 	  138915 	   17 
   3066 	  140314 	    9 	  148845 	   25 
   1931 	  148292 	   14 	  146137 	   10 
  10869 	  131845 	    9 	  135351 	   11 
  28335 	  118720 	   26 	  116345 	   14 
      0 	  158139 	   37 	  150607 	   12 
      0 	  143472 	    9 	  142401 	   17 
      0 	  143958 	   19 	  147442 	   10 
      0 	  138987 	   12 	  148052 	   28 
      0 	  140596 	   17 	  146069 	   24 
      0 	  139899 	   17 	  148602 	   17 
      0 	  144438 	   72 	  146193 	   10 
      0 	  138500 	   14 	  143365 	   14 
      0 	  138625 	   16 	  145301 	   16 
      0 	  144088 	   20 	  140891 	   10 
   1303 	  146832 	   18 	  145225 	   88 
     81 	  138810 	   13 	  138742 	   24 
  13247 	  135123 	   36 	  132960 	   19 
      0 	  147614 	   23 	  141788 	   13 
      0 	  141087 	   20 	  142073 	   17 
   3441 	  143734 	   27 	  151910 	   50 
  16795 	  133297 	   20 	  128623 	   23 
   2541 	  140647 	   15 	  143144 	   17 
    323 	  148521 	   41 	  148699 	   28 
      0 	  145124 	   19 	  149584 	   17 
      0 	  138200 	   14 	  149675 	   14 
     12 	  139661 	   23 	  148964 	   41 
      0 	  144451 	   18 	  145085 	   16 
      0 	  139388 	   13 	  139598 	   12 
    819 	  160411 	   40 	  140983 	   19 
      0 	  146835 	   23 	  145470 	   19 
      0 	  143001 	   14 	  146565 	    8 
   4368 	  149515 	   22 	  141514 	   36 
   2108 	  146144 	   23 	  144146 	   16 
      0 	  141700 	   12 	  146331 	   23 
     56 	  147171 	   50 	  150431 	   11 
      0 	  140708 	   19 	  152102 	   22 
      0 	  147284 	   24 	  148079 	   12 
      0 	  145969 	   15 	  140678 	   16 
      0 	  140142 	   11 	  161810 	   59 
    116 	  141178 	   17 	  147223 	   11 
  14253 	  128987 	   13 	  132034 	   11 
    622 	  146479 	   15 	  141388 	   13 
     13 	  139806 	    9 	  139291 	   15 
     40 	  148984 	   34 	  144659 	   17 
     11 	  146320 	   21 	  139005 	   10 
   1826 	  141337 	    9 	  147829 	   27 
  27899 	  128122 	   17 	  116999 	   10 
   9150 	  132665 	    9 	  137987 	   15 
  26767 	  119284 	   15 	  129714 	    9 
    138 	  139012 	   11 	  136716 	   17 
    139 	  143444 	   10 	  140278 	   16 
     22 	  144172 	   11 	  136341 	   21 
    341 	  144514 	   25 	  140417 	   14 
     29 	  141008 	   11 	  140056 	    7 
     21 	  140870 	   12 	  145371 	   28 
   1704 	  153534 	   21 	  154026 	   27 
    148 	  137735 	   12 	  142792 	   19 
   7377 	  140770 	   17 	  138274 	   14 
      0 	  146822 	   21 	  135389 	   12 
      0 	  142373 	   15 	  134303 	   22 
      1 	  150009 	   27 	  143396 	   22 
      0 	  144115 	   18 	  143273 	   15 
      0 	  142333 	   10 	  144831 	   12 
      0 	  150577 	   17 	  148326 	   30 
      0 	  142669 	   11 	  142111 	   11 
     94 	  162465 	   55 	  142561 	   26 
      0 	  141619 	   12 	  153671 	   10 
      0 	  155279 	   19 	  155073 	   16 
      0 	  147874 	   49 	  139264 	   11 
     20 	  149118 	   18 	  148608 	   52 
      0 	  141905 	   12 	  148926 	   11 
      0 	  151187 	   18 	  155536 	   12 
   3602 	  142427 	   14 	  147727 	   44 
      0 	  156346 	   38 	  144995 	   11 
      0 	  145365 	   25 	  149124 	   16 
      0 	  137702 	   12 	  144280 	    9 
   6962 	  136192 	   17 	  141349 	   31 
  12873 	  129415 	   13 	  135912 	   19 
   6066 	  139444 	   16 	  133559 	   17 
      0 	  139525 	    8 	  146966 	   17 
      0 	  150615 	   14 	  135678 	   22 
      9 	  164597 	   30 	  137623 	   16 
      2 	  138752 	   10 	  155342 	   22 
      0 	  146503 	   24 	  145651 	   20 
      0 	  145396 	   18 	  141958 	   10 
   1726 	  144853 	   20 	  148822 	   33 
   4569 	  137409 	   20 	  140074 	   23 
   5267 	  145363 	   26 	  137987 	   21 
      6 	  143857 	   20 	  144643 	   11 
     22 	  149958 	   35 	  138629 	   19 
      0 	  144984 	   12 	  143968 	   22 
      0 	  147292 	   18 	  148595 	   31 
      0 	  147464 	   17 	  140466 	   20 
    600 	  145402 	   22 	  146162 	   37 
      0 	  143932 	   13 	  148824 	   10 
      0 	  152878 	   16 	  143531 	   17 
      0 	  143683 	   16 	  146050 	   13 
     43 	  154779 	  127 	  148414 	   21 
      0 	  140764 	   24 	  143276 	   28 
      0 	  137036 	   15 	  145326 	   11 
      0 	  142287 	   19 	  147934 	   21 
      0 	  138954 	   20 	  147723 	   12 
      0 	  137306 	   10 	  153518 	  139 
      0 	  144668 	   26 	  136552 	   23 
    946 	  146317 	   39 	  139752 	   15 
     26 	  137583 	   15 	  138862 	   17 
     62 	  158008 	   58 	  137898 	   16 
      0 	  138494 	   11 	  137121 	   12 
    442 	  144429 	   19 	  144490 	   24 
    492 	  139029 	   12 	  145406 	   41 
      0 	  141694 	   19 	  141296 	   19 
     12 	  140188 	   18 	  154397 	   67 
      9 	  151922 	   49 	  137238 	   15 
      0 	  138839 	   13 	  143219 	   18 
      0 	  141754 	   20 	  137831 	    9 
      0 	  140404 	   21 	  142891 	   14 
      0 	  138867 	   18 	  139669 	   16 
     10 	  142319 	   37 	  149772 	   42 
   9380 	  129267 	   11 	  134138 	   15 
   6805 	  138534 	   18 	  137308 	   14 
      0 	  140396 	   11 	  136552 	   15 
      0 	  143873 	   15 	  139113 	   17 
   7546 	  134422 	   10 	  130716 	   14 
    430 	  152429 	   35 	  141257 	   34 
      0 	  144937 	   21 	  140157 	   16 
      0 	  140186 	   10 	  142530 	   20 
      0 	  147602 	   42 	  141678 	   12 
      0 	  140812 	   14 	  143267 	   18 
      0 	  145243 	   24 	  145001 	   28 
      0 	  149098 	   29 	  149475 	   26 
      0 	  139656 	   12 	  140602 	   16 
      0 	  140223 	   19 	  144546 	   13 
      0 	  143465 	   23 	  147512 	   41 
      0 	  140909 	   22 	  138591 	   10 
      0 	  141152 	   10 	  146264 	   25 
     33 	  145354 	   26 	  144403 	   25 
     38 	  147579 	   42 	  137288 	    7 
      0 	  140783 	   12 	  142078 	   14 
      4 	  140843 	   17 	  137905 	   15 
  13740 	  131043 	   13 	  131425 	   15 
     10 	  147195 	   20 	  144337 	   16 
      0 	  142506 	   11 	  144333 	   13 
    211 	  149359 	   49 	  140862 	   45 
      0 	  141188 	   13 	  136795 	   14 
      0 	  144419 	   16 	  149589 	   12 
      0 	  151304 	   31 	  146199 	   25 
      0 	  144916 	   22 	  143838 	   48 
      0 	  140666 	   10 	  141889 	   11 
      0 	  140201 	   17 	  141869 	   16 
   6738 	  135871 	   12 	  142641 	   32 
      0 	  141564 	    9 	  141691 	   10 
      0 	  142930 	   25 	  144547 	   19 
      0 	  142755 	   12 	  138148 	   14 
      0 	  144351 	   18 	  142054 	   12 
      0 	  141608 	   12 	  143283 	   15 
     19 	  144014 	   14 	  146866 	   13 
      8 	  138747 	    9 	  140056 	   28 
     60 	  146766 	   35 	  139518 	   15 
     48 	  160135 	  132 	  144208 	   16 
      0 	  138699 	   14 	  137830 	   18 
     55 	  141404 	   12 	  153468 	  136 
    257 	  145320 	   21 	  145325 	   37 
   6323 	  134933 	   13 	  134764 	    9 
  10588 	  130187 	    8 	  131488 	   12 
   4080 	  143341 	   31 	  136156 	   19 
      0 	  139834 	   14 	  140441 	   11 
      0 	  138693 	   14 	  140008 	   12 
  29389 	  112800 	   24 	  117808 	   26 
  14440 	  131489 	   18 	  121166 	   11 
  46081 	  100626 	   31 	   93599 	   17 
      0 	  142269 	   13 	  139996 	   10 
      0 	  141546 	   12 	  151120 	   16 
   1320 	  143779 	   16 	  137863 	   33 
  12055 	  132666 	   18 	  126715 	    9 
  23386 	  117733 	   13 	  116310 	   12 
  17947 	  128349 	   30 	  127351 	   12 
      0 	  144235 	   11 	  141086 	    9 
      0 	  142922 	   12 	  150822 	   16 
      0 	  144205 	   16 	  139509 	   14 
    191 	  147298 	   23 	  147375 	   29 
      0 	  145437 	   15 	  142483 	   17 
      0 	  143804 	   10 	  138015 	   10 
    171 	  150545 	   19 	  146841 	   12 
    195 	  143477 	   61 	  140599 	   27 
      0 	  144200 	   20 	  144769 	    8 
      1 	  149119 	   27 	  145214 	   13 
    341 	  144607 	   19 	  144433 	   57 
  25109 	  115055 	   10 	  115395 	   15 
  12509 	  139783 	   29 	  133746 	   15 
     74 	  138356 	   19 	  151509 	   20 
      0 	  143560 	   20 	  144738 	   17 
   5372 	  143283 	   27 	  143143 	   35 
   7836 	  136568 	   16 	  131623 	   15 
   8936 	  131267 	   17 	  132484 	   14 
   8544 	  144853 	   45 	  135904 	   22 
     17 	  146621 	   29 	  147240 	   17 
      0 	  152205 	   24 	  145437 	   16 
      0 	  149978 	   12 	  145026 	   42 
      0 	  144939 	    9 	  139103 	   12 
      0 	  147406 	   19 	  149155 	   13 
      0 	  144392 	   13 	  166697 	   27 
      0 	  141232 	    8 	  149712 	   26 
      0 	  143942 	   20 	  155366 	   18 
      0 	  149585 	   19 	  150890 	   14 
      0 	  143797 	   10 	  139876 	   21 
      0 	  146466 	   11 	  141691 	   11 
     48 	  156784 	   51 	  149534 	   11 
      0 	  142124 	   38 	  143274 	   24 
      0 	  148472 	   22 	  146793 	   11 
      0 	  143757 	   11 	  142653 	   15 
      1 	  144038 	   11 	  152509 	   54 
    120 	  146347 	   11 	  138842 	   42 
     88 	  146185 	   30 	  146812 	   15 
      2 	  143695 	   11 	  146803 	   11 
      0 	  144606 	   12 	  143237 	   10 
      0 	  144694 	   18 	  147742 	   13 
      0 	  140652 	   15 	  142826 	   15 
      0 	  142852 	   17 	  148970 	   27 
      0 	  140920 	   12 	  145574 	   15 
      0 	  144357 	    8 	  139233 	   10 
      0 	  150135 	   20 	  145267 	   12 
      0 	  149091 	   28 	  143319 	   19 
      0 	  147035 	   21 	  141138 	   11 
    757 	  140705 	   11 	  142941 	   13 
      0 	  145663 	   16 	  142064 	   14 
      0 	  152567 	   18 	  147202 	   12 
     27 	  146887 	   21 	  148234 	   25 
   8658 	  134989 	   17 	  140600 	   21 
   9622 	  132335 	   11 	  140060 	   15 
   9365 	  136894 	   11 	  134605 	   14 
      0 	  149636 	   17 	  139464 	   11 
      0 	  149074 	   58 	  144491 	   10 
      0 	  143538 	   18 	  138482 	   32 
      0 	  164308 	   34 	  141377 	    6 
      0 	  150394 	   12 	  143010 	   14 
      0 	  144765 	   10 	  147114 	   60 
      0 	  158102 	   35 	  145447 	    8 
      0 	  147930 	   17 	  158796 	   12 
      0 	  152048 	   21 	  165146 	   36 
      0 	  142867 	   16 	  157652 	   17 
      0 	  137968 	   18 	  154557 	    7 
      0 	  149413 	   32 	  147353 	   15 
     60 	  147340 	   22 	  149075 	   44 
      0 	  148837 	   16 	  157088 	   14 
      0 	  145402 	   17 	  146706 	   23 
    184 	  138944 	   10 	  147299 	   13 
    334 	  144830 	   16 	  143624 	   15 
   8767 	  149877 	   30 	  119018 	   14 
      1 	  144312 	   14 	  172707 	   36 
      0 	  144443 	   11 	  147174 	   16 
      0 	  150524 	   16 	  152112 	   17 
      0 	  154943 	   25 	  140771 	   23 
      0 	  140266 	   11 	  141283 	   16 
     19 	  150990 	   14 	  141309 	   30 
      0 	  153054 	   18 	  142985 	    7 
      3 	  146023 	   30 	  149198 	   14 
      0 	  144610 	   15 	  146363 	   16 
      0 	  139819 	   15 	  149913 	   22 
      0 	  152149 	   19 	  145745 	   18 
      0 	  140722 	   14 	  147384 	   31 
   6366 	  136074 	   13 	  132784 	    9 
   8145 	  133346 	   14 	  131668 	   22 
  41564 	  101490 	   11 	  100658 	    6 
  27087 	  123857 	   30 	  112581 	   16 
  14247 	  131676 	   17 	  135379 	   11 
  19273 	  120353 	   13 	  126668 	   39 
  11094 	  129338 	   11 	  134371 	   16 
   6186 	  141057 	   16 	  146554 	   10 
      0 	  153016 	   14 	  136771 	   16 
   9672 	  149747 	   22 	  131184 	   14 
  12106 	  134074 	   13 	  140310 	   20 
  30208 	  114262 	   11 	  119897 	    8 
  27616 	  117302 	   12 	  128836 	   15 
     65 	  154239 	   21 	  145511 	   15 
  61815 	   97785 	  132 	   85318 	  146 
  26782 	  139822 	   59 	  122082 	   63 
  56631 	   90717 	   11 	   96626 	   13 
  50639 	  100351 	   19 	   96541 	   20 
  76845 	   62301 	   11 	   68178 	   11 
  57435 	   92078 	   18 	   93821 	   14 
  47811 	   99221 	   11 	   98023 	   10 
  62252 	  103864 	   44 	  100128 	   49 
  94593 	   49603 	   11 	   53070 	   12 
  96145 	   49203 	   26 	   48797 	   26 
 102635 	   42844 	   25 	   42385 	   22 
 103509 	   39143 	   13 	   40570 	   12 
 103664 	   42415 	   23 	   41253 	   20 
  93527 	   58989 	   34 	   57792 	   38 
  87028 	   56747 	   13 	   57628 	   14 
  77454 	   73195 	   19 	   73442 	   19 
  72385 	   71440 	   15 	   73760 	   14 
  69596 	   85043 	   20 	   82806 	   22 
  79552 	   65700 	   15 	   67064 	   14 
  72463 	   71337 	   17 	   73891 	   11 
  63588 	   88855 	   39 	   83190 	   17 
  82800 	   58488 	   12 	   69485 	   43 
  71527 	   75719 	   16 	   74420 	   21 
  85340 	   56529 	   14 	   55927 	   12 
  71773 	   81121 	   21 	   79844 	   20 
  79180 	   64988 	   14 	   64948 	   13 
  77326 	   71331 	   18 	   73847 	   14 
  65913 	   90713 	   30 	   76772 	    9 
  54923 	   90935 	    9 	  102723 	   34 
  62457 	   89342 	   21 	   84010 	   13 
  27197 	  138387 	   58 	  127140 	   20 
  49944 	   93532 	   10 	  103296 	   61 
  26795 	  125940 	   21 	  122210 	   25 
  43845 	  101797 	   16 	  105200 	   22 
  38715 	  105486 	   10 	  101230 	   12 
  38193 	  112552 	   21 	  106892 	   14 
  40067 	  103071 	   12 	  105491 	   21 
  29780 	  118430 	   14 	  112452 	    9 
  35853 	  110743 	   11 	  116925 	   14 
  39863 	  113761 	   32 	  111515 	   27 
  38366 	  108774 	   16 	  100878 	   15 
  37155 	  107127 	   10 	  114214 	   13 
  36134 	  110007 	   23 	  109929 	   25 
  63110 	   84608 	   22 	   79777 	   11 
  23109 	  133478 	   35 	  136560 	   46 
   6969 	  140164 	   14 	  132743 	   14 
  30170 	  116694 	    8 	  123654 	   14 
  29659 	  125725 	   22 	  128776 	   12 
  43069 	  102295 	   11 	   96384 	   18 
   6419 	  140906 	   14 	  141882 	   11 
  21864 	  123974 	   17 	  131062 	   14 
  26553 	  123850 	   15 	  131684 	   19 
  34567 	  111682 	   12 	  114097 	   10 
  20585 	  132574 	   23 	  134261 	   16 
  40614 	  112544 	   48 	  116708 	   41 
  44776 	  121996 	   67 	  108763 	   72 
  52358 	   94968 	   22 	   93963 	   27 
  21449 	  122079 	   10 	  129379 	   25 
  33855 	  120448 	   17 	  108633 	   18 
  39470 	  104842 	   12 	  107505 	   11 
  34013 	  120915 	   18 	  122649 	   15 
  52260 	   94535 	   14 	   92732 	   12 
  36734 	  115385 	   13 	  116429 	   15 
  42838 	  111494 	   25 	  109948 	   15 
  14425 	  136159 	   18 	  137224 	   26 
  32562 	  113867 	    9 	  107518 	   16 
   8850 	  147212 	   22 	  134275 	   13 
    224 	  140801 	   11 	  154675 	   19 
  20490 	  127761 	   12 	  123947 	    9 
   6584 	  149050 	   15 	  147248 	   13 
  20077 	  135004 	   23 	  135891 	   13 
  20575 	  125508 	   14 	  143933 	   20 
  40652 	  108033 	   12 	  113322 	   11 
  14033 	  140344 	   24 	  143988 	   16 
  42669 	  107348 	   33 	  108055 	   38 
  50504 	  100800 	   14 	   95044 	   10 
  53310 	   98304 	   18 	   94288 	   12 
  37558 	  103861 	   15 	  112836 	   16 
  61186 	  103676 	   36 	   94854 	   12 
  48847 	   99757 	   34 	  116274 	   48 
  46915 	  108632 	   38 	  100134 	   44 
  81955 	   73828 	   57 	   82844 	   77 
