% num_local_points | num_send_points | num_send_procs | num_recv_points | num_recv_procs 
  31066 	   69802 	   56 	  125386 	   89 
  17494 	   77562 	   23 	  129331 	   27 
    341 	   87240 	   18 	  147689 	   24 
  13347 	   77836 	   15 	  142962 	   16 
  11469 	   78724 	   11 	  153524 	   27 
      0 	   83225 	    8 	  165293 	   19 
      0 	   86006 	    7 	  163065 	   22 
   8385 	   88070 	   16 	  150793 	   12 
  10967 	   77361 	    9 	  151807 	   43 
      0 	   92926 	    9 	  162626 	   33 
      0 	   87091 	    7 	  152572 	   19 
      0 	   90421 	   12 	  158721 	   16 
      0 	   94656 	   15 	  156247 	   29 
      0 	   86055 	   11 	  159412 	   20 
      0 	   88102 	   15 	  157843 	   22 
      1 	   92111 	   33 	  159807 	   11 
   4120 	   88142 	   18 	  158782 	   36 
      0 	   91511 	   12 	  163243 	   22 
      0 	   82010 	   10 	  159911 	   16 
      0 	   87928 	    8 	  150996 	   26 
      0 	   88152 	   10 	  152062 	   12 
      0 	   94815 	   23 	  161735 	   22 
      0 	   86479 	   10 	  155269 	   18 
      0 	   84168 	    6 	  157621 	   38 
      0 	   90683 	   12 	  155217 	  101 
      0 	   90076 	   15 	  142496 	   15 
      0 	   82724 	    8 	  146713 	   15 
      0 	   89044 	   14 	  156683 	   34 
      0 	   98092 	   25 	  148246 	   26 
      0 	   89589 	    9 	  152853 	   17 
      0 	   93654 	   16 	  151414 	   13 
      0 	   89626 	   12 	  162133 	   16 
      0 	   87146 	   12 	  159826 	   18 
      0 	   88467 	   15 	  116608 	   54 
      0 	   87872 	   19 	  107756 	   19 
      0 	   85021 	   11 	  105425 	   18 
      0 	   87464 	   15 	  121324 	   14 
      0 	   92548 	   20 	   69013 	   11 
      0 	   86766 	   10 	  123664 	   17 
      0 	   87631 	   13 	   80882 	   22 
      0 	   93088 	   22 	   32897 	   18 
      0 	   85593 	    9 	   40362 	   11 
      0 	   86546 	   13 	   45116 	    8 
      0 	  102768 	   72 	   50008 	   10 
      0 	   91948 	   16 	   48772 	   14 
      0 	   86657 	   12 	  156483 	   62 
      0 	   84041 	    8 	  149338 	   15 
      0 	   84362 	    6 	  154082 	   17 
      0 	   93467 	   22 	  155862 	   30 
      0 	   85613 	   14 	  149926 	   15 
      0 	   93523 	   16 	  147605 	   26 
      0 	   85531 	    9 	  144299 	   25 
      0 	   93242 	   12 	  157213 	   13 
      0 	   87153 	    9 	  162083 	   43 
      0 	   85089 	    9 	  106198 	   40 
      0 	   88547 	   12 	  115640 	   13 
      0 	   86818 	   11 	   67928 	   10 
      0 	   91363 	   16 	  111660 	   22 
      0 	   93402 	   40 	   91700 	   17 
      0 	  101046 	   37 	  124976 	   18 
      0 	   81034 	   11 	   53716 	   20 
      0 	   90168 	   15 	   43432 	   12 
      0 	   90513 	   16 	   38684 	   18 
      0 	   86507 	   12 	   51230 	   15 
      0 	   93242 	   16 	   51223 	   12 
      0 	   89474 	   10 	   79389 	   36 
      0 	   90955 	   20 	  152035 	   28 
      0 	   94796 	   26 	  158723 	   25 
      0 	   84582 	   19 	  157793 	   11 
      0 	   89187 	   19 	  157919 	   14 
     51 	   91549 	   43 	  157789 	   37 
      0 	   90245 	   34 	  145904 	   10 
      0 	   88112 	   13 	  155009 	   16 
      0 	   91349 	    8 	  150794 	   21 
      0 	   83082 	    6 	  149844 	   23 
      0 	   88553 	   11 	  153655 	   16 
      0 	   94817 	   21 	  154171 	   14 
      0 	   85933 	   11 	  157321 	   37 
      0 	   88620 	   10 	  155507 	   11 
      0 	   85156 	    8 	  161721 	   15 
      0 	   82001 	    6 	  171834 	   22 
      0 	   97321 	   21 	  171710 	   45 
      0 	   84844 	   11 	  157596 	   49 
      0 	   82677 	    8 	  150248 	   13 
      0 	   88238 	   16 	  154963 	   17 
     24 	   86289 	   12 	  173018 	   41 
    616 	   93367 	   33 	  127700 	   60 
      1 	   96003 	   41 	   93843 	   20 
      0 	   85455 	   13 	  106509 	   15 
      0 	   91860 	   13 	   74270 	   10 
      0 	   90411 	    9 	   98753 	   17 
      0 	   93493 	   19 	  109458 	   14 
      0 	   87328 	   17 	   72962 	   10 
      0 	   85091 	   16 	   46853 	   23 
      0 	   84998 	   18 	   35741 	    7 
      0 	   92148 	   22 	   40028 	   11 
      0 	   93290 	   24 	   47109 	   14 
      0 	   88892 	   22 	   40138 	    8 
      0 	   91530 	   29 	   33600 	   12 
      0 	   88316 	   11 	   64417 	   14 
      0 	   91834 	   15 	   76322 	   34 
      0 	   89226 	    9 	   84234 	   43 
      0 	   92198 	   12 	  176710 	   71 
      0 	   84347 	    8 	  160916 	   22 
      0 	   88618 	   10 	  154284 	   15 
      0 	   94187 	   14 	  157878 	   46 
      0 	   82700 	    6 	  158564 	   20 
      0 	  100860 	   27 	  162331 	   17 
      0 	   82930 	   11 	  158895 	   24 
      0 	   87657 	    9 	  149761 	   12 
      0 	   94237 	   15 	  158032 	   48 
      0 	   83831 	    9 	  141955 	   36 
      0 	   84710 	    8 	  129605 	   25 
      0 	   93016 	   14 	  142032 	   14 
      0 	   82928 	    7 	  138636 	   20 
      0 	   87039 	   12 	  131652 	   20 
      0 	   92573 	   13 	  120960 	   17 
      0 	   80576 	    6 	  140497 	   39 
      0 	   87872 	    9 	  117984 	   13 
      0 	   97946 	   27 	  107449 	   15 
      0 	   83969 	   12 	  106461 	   20 
      0 	   84131 	   10 	   97809 	   12 
      0 	   94763 	   13 	  111523 	   56 
      0 	   83157 	    6 	  151180 	   18 
      0 	   88889 	   10 	  147038 	   19 
      0 	   87681 	   17 	  156441 	   34 
      0 	   98977 	   34 	  151615 	   16 
      0 	  102103 	   35 	  153639 	   19 
      0 	   87962 	   10 	  151971 	   27 
      0 	   83902 	    8 	  156330 	   20 
      0 	   89305 	   11 	  152191 	   24 
      0 	   83652 	    7 	  153309 	   48 
      0 	   91785 	   16 	  157758 	   30 
      0 	   87912 	   22 	  163471 	   16 
      0 	   92819 	   23 	  157255 	   25 
      0 	   92997 	   48 	  158327 	   16 
      0 	   93764 	   18 	  158291 	   30 
      0 	   85382 	   11 	  162132 	   14 
      0 	   92820 	   16 	  167092 	   26 
      0 	   96226 	   19 	  157838 	   13 
      0 	   84983 	   15 	  162094 	   53 
      0 	   88607 	   15 	  151173 	   10 
      0 	   87177 	   13 	  157179 	   23 
      0 	   93957 	   32 	  151728 	   26 
      0 	   88715 	   19 	  154531 	   17 
      0 	   85776 	   17 	  157872 	   26 
      0 	   88135 	   18 	  158986 	   15 
      0 	  112000 	   99 	  158342 	   38 
      0 	   87786 	    7 	  159864 	   55 
      0 	   92737 	   12 	  158062 	   26 
      0 	   93871 	   14 	  149477 	   15 
      0 	   85933 	    9 	  157344 	   56 
      0 	   90450 	   11 	  160558 	   85 
      0 	  101577 	   32 	  152155 	   17 
      0 	   91605 	   13 	  141572 	   17 
      0 	   88465 	    9 	  156129 	   24 
      0 	   88467 	   10 	  140313 	   21 
      0 	   86097 	    8 	  152953 	   28 
      0 	   93242 	   12 	  143849 	   31 
      0 	   86881 	   12 	  127767 	   14 
      0 	   85978 	   12 	  107320 	   16 
      0 	   88159 	   14 	  144200 	   19 
      0 	   87407 	   14 	  125429 	   21 
      0 	   98006 	   41 	   97710 	   13 
      0 	   82891 	   17 	  148555 	   33 
      0 	   87393 	   14 	  144476 	   17 
      0 	   86070 	   13 	  147278 	   23 
      0 	   84211 	   12 	  125544 	   20 
      0 	   85527 	   13 	  145172 	   14 
      0 	   91229 	   19 	  146626 	   19 
      0 	   85938 	   11 	  133118 	   10 
   1231 	   90157 	   15 	  130357 	   43 
    128 	   98201 	   35 	  112603 	   23 
      0 	   88476 	   11 	   97085 	   15 
      0 	   90077 	   10 	  115309 	   15 
      0 	   93579 	   18 	  114266 	   10 
      0 	   91975 	   15 	   99993 	   21 
      0 	   90866 	   13 	   78039 	   26 
    122 	  100136 	   47 	   89639 	   68 
      0 	   87049 	   15 	  103925 	   80 
      0 	   84992 	   10 	  138842 	   17 
      0 	   87203 	   13 	  139137 	   15 
      0 	   85876 	   15 	  151309 	   21 
      0 	   84966 	   12 	  148763 	   38 
      0 	   89132 	   19 	  153142 	   25 
      0 	   85666 	    8 	  147985 	   14 
      0 	   85817 	   12 	  161573 	   29 
      0 	   82867 	   10 	  162803 	   16 
      0 	   82250 	   11 	  165781 	   27 
      0 	   90781 	   19 	  155292 	   38 
      0 	   86655 	   13 	  149846 	   21 
      0 	   90524 	   17 	  158502 	   14 
      0 	   80323 	   15 	  153891 	   21 
      0 	   80112 	   16 	  153913 	   18 
      0 	   99291 	   36 	  164839 	   48 
      0 	   88270 	    9 	  150823 	   13 
      0 	   95038 	   17 	  147860 	   17 
      0 	   88162 	    7 	  154205 	   26 
      0 	   88619 	   11 	  151489 	   15 
      0 	   91498 	   17 	  148125 	   13 
      0 	   86685 	   13 	  156312 	   42 
      0 	   88221 	   12 	  176508 	   56 
      0 	   87374 	   13 	  143274 	   39 
      0 	   96781 	   23 	  134367 	   15 
      0 	   87755 	   10 	  136529 	   20 
      0 	   87434 	    7 	  135404 	   17 
      0 	   89431 	   11 	  137909 	   24 
      0 	   94000 	   17 	  108413 	   22 
      0 	   87279 	   11 	  122409 	   15 
      0 	   94596 	   20 	  112140 	   31 
      0 	   92855 	   33 	  146318 	   18 
      0 	   86018 	   10 	  108873 	   16 
      0 	   86975 	   17 	  148830 	   19 
      0 	   86499 	   14 	  148861 	   14 
      0 	   83193 	   10 	   95147 	   26 
      0 	   81993 	   10 	   72239 	   14 
      0 	   88969 	   18 	   35835 	   10 
      0 	   85651 	   14 	   80502 	   11 
      0 	   86570 	   11 	   70559 	   13 
      0 	   96529 	   15 	   69718 	   23 
      0 	   86451 	   10 	  133605 	   51 
      0 	   83623 	   10 	   80193 	   23 
      0 	   86326 	   22 	  131694 	   59 
      0 	   97477 	   37 	  145001 	   13 
      0 	   86038 	    7 	  141589 	   23 
      0 	   86580 	   10 	  140033 	   16 
      0 	   85081 	    9 	  135810 	   15 
      0 	   83901 	   19 	  143796 	   35 
      0 	   85101 	   12 	  143369 	   21 
      0 	   88139 	   20 	  143302 	   20 
      0 	   92201 	   41 	  138607 	   32 
      0 	   94961 	   64 	  141716 	   17 
      0 	   82876 	    7 	  156862 	   20 
      0 	   83320 	   11 	  131655 	   18 
      0 	   85888 	   10 	  138052 	   14 
      0 	   84082 	    7 	  143288 	   57 
      0 	   86503 	   18 	  124355 	   13 
      0 	   80556 	   13 	  128936 	   12 
      0 	   83385 	   16 	  118844 	   20 
      0 	   88516 	   21 	  116632 	   15 
      0 	   83294 	   13 	  115238 	   33 
      0 	   81771 	   18 	  140197 	   24 
      0 	   88203 	   24 	  137135 	   24 
      0 	   85147 	   13 	  137562 	   58 
      0 	   91763 	   20 	  136727 	   19 
      0 	   85818 	   10 	  139998 	   28 
      0 	   84444 	   15 	  139444 	   26 
      0 	   93451 	   18 	  140341 	   17 
      0 	   90934 	   26 	  140011 	   31 
      0 	   87510 	   12 	  120340 	   18 
      0 	   85731 	    9 	  134944 	   23 
      0 	   87240 	   11 	  132235 	   19 
      0 	   94095 	   15 	  141520 	   36 
      0 	   86374 	    8 	  140748 	   23 
      0 	   85269 	   10 	  142141 	   22 
      0 	   83453 	   17 	  138927 	   19 
      0 	   83343 	   10 	  144132 	   27 
      0 	   85921 	   17 	  143790 	   23 
      0 	   85864 	    8 	  172906 	   79 
      0 	   86529 	    9 	  170173 	   43 
      0 	   99022 	   41 	  157535 	   22 
      0 	   88766 	   11 	  143961 	   18 
      0 	   96223 	   17 	  141747 	   18 
      0 	   97064 	   17 	  157481 	  163 
      0 	   88702 	    8 	  156385 	   29 
      0 	   91585 	   15 	  151393 	   17 
      0 	   89676 	   17 	  163834 	   48 
      0 	  101741 	   27 	  152115 	   16 
      0 	  101939 	   60 	  159376 	   30 
      0 	  108501 	   72 	  141725 	   23 
      0 	   85450 	    8 	  148104 	   14 
      0 	   78621 	    6 	  152208 	   20 
      0 	   84711 	   10 	  150433 	   51 
      0 	   83690 	   15 	  150704 	   27 
      0 	   83571 	    9 	  150204 	   20 
      0 	   84339 	   24 	  153480 	   49 
      0 	   85661 	    7 	  151414 	   22 
      0 	   92716 	   16 	  153047 	   24 
      0 	   93995 	   13 	  156923 	   19 
      0 	   84425 	    7 	  155183 	   23 
      0 	   90118 	   16 	  146239 	   39 
      0 	   84968 	   10 	  152160 	   26 
      0 	   84929 	   11 	  159057 	   29 
      0 	   96439 	   14 	  155203 	   23 
      0 	   88244 	   10 	  155118 	   17 
      0 	   87236 	   18 	  158122 	   26 
      0 	   98683 	   28 	  157109 	   17 
      0 	   81425 	    7 	  149016 	   14 
      0 	   81060 	    9 	  167539 	   38 
      0 	   88226 	   14 	  165336 	   41 
      0 	   82847 	   10 	  164201 	   19 
      0 	   95064 	   13 	  150744 	   25 
      0 	   83382 	   11 	  157178 	   29 
      0 	   86325 	   15 	  158825 	   56 
      0 	   81697 	   13 	  149974 	   13 
      0 	   84635 	    7 	  154169 	   23 
      0 	   96254 	   34 	  157456 	   24 
      0 	   85074 	    9 	  157582 	   21 
      0 	   89030 	   11 	  153687 	   25 
      0 	   83292 	    9 	  160076 	   17 
      0 	   82933 	   10 	  150042 	   32 
      0 	   92597 	   18 	  164814 	   99 
      0 	   82913 	    8 	  142784 	   22 
      0 	   88138 	   16 	  140288 	   14 
      0 	   85781 	   10 	  140044 	   31 
      0 	   86403 	   17 	  135021 	   19 
      0 	   82316 	   29 	  123619 	   12 
      0 	   85768 	   14 	  125528 	   44 
      0 	  103012 	   36 	  124267 	   21 
      0 	   95052 	   35 	  113077 	   15 
      0 	   83207 	    8 	  116488 	   29 
      0 	   81230 	   11 	  100007 	   12 
      0 	   84147 	    8 	  103366 	   14 
      0 	   82769 	   15 	  127592 	   58 
      0 	   79124 	    9 	  147249 	   16 
      0 	   78109 	   16 	  149831 	   25 
      0 	   76979 	    7 	  149552 	   33 
      0 	   79039 	    9 	  148402 	   15 
      0 	   88295 	   20 	  150591 	   21 
      0 	   88155 	   18 	  145958 	   52 
      0 	   84008 	   12 	  129637 	   16 
      0 	   86123 	   13 	  141239 	   21 
      0 	   92880 	   23 	  123953 	   24 
      0 	   83029 	   13 	  112847 	   21 
      0 	   96670 	   17 	  100933 	   15 
      0 	   85928 	   10 	  147637 	   32 
      0 	   89313 	   16 	  144037 	   16 
      0 	   85729 	   12 	  150779 	   18 
      0 	   87727 	   12 	  145816 	   25 
      0 	   92657 	   26 	  134273 	   14 
      0 	   91113 	   15 	  134765 	   15 
      0 	   87755 	   19 	  140379 	   11 
      0 	   84566 	   12 	  131977 	   73 
      0 	   89126 	   17 	  106379 	   16 
      0 	  105069 	   46 	  121477 	   15 
      0 	   87664 	   20 	  111256 	   25 
      0 	  103156 	   54 	   83644 	   14 
      0 	   79481 	    9 	   91615 	   15 
      0 	   83222 	   16 	   79326 	   25 
      0 	   81872 	   11 	   85729 	   45 
      0 	   80891 	   10 	  102542 	   89 
      0 	   77875 	    8 	  143793 	   23 
      0 	   80852 	   15 	  152746 	   18 
      0 	   77064 	    7 	  163110 	   31 
      0 	   79360 	   10 	  148708 	   22 
      0 	   89269 	   28 	  155015 	   20 
      0 	   84187 	   14 	  165073 	   39 
      0 	   79685 	   10 	  143496 	   17 
      0 	   84400 	   17 	  155669 	   24 
      0 	   86534 	   25 	  160397 	   35 
      0 	   83103 	   11 	  149853 	   16 
      0 	   85087 	   14 	  144164 	   19 
      0 	   80764 	    9 	  149332 	   51 
      0 	   88127 	   16 	  143166 	   18 
      0 	   85793 	   10 	  142562 	   15 
      0 	   87051 	   12 	  146359 	   34 
      0 	   81886 	    9 	  146562 	   18 
      0 	   98784 	   42 	  154987 	   19 
      0 	   88028 	   10 	  148876 	   28 
      0 	   90717 	   11 	  145978 	   17 
      0 	   81683 	    8 	  149230 	   18 
      0 	   87240 	   18 	  150699 	   32 
      0 	   86300 	   11 	  177269 	   60 
      0 	   86824 	   13 	  137066 	   36 
      0 	   88043 	   12 	  121053 	   19 
      0 	   98686 	   32 	  111924 	   26 
      0 	   87190 	   19 	  155564 	   10 
      0 	   85699 	   11 	  129118 	   11 
      0 	   87989 	   18 	   73070 	   23 
      0 	   81363 	   13 	   56727 	   13 
      0 	   81167 	   47 	   59525 	   20 
      0 	   76699 	   12 	   92811 	   17 
      0 	   80265 	   14 	   62412 	   14 
      0 	   78249 	   11 	   73405 	   35 
      0 	   79496 	   17 	  141021 	   18 
      0 	   77213 	   11 	  127122 	   14 
      0 	   80163 	   11 	  142870 	   22 
      0 	   78115 	    8 	  142455 	   18 
      0 	   84185 	   25 	  122740 	   21 
      0 	   83621 	   11 	  107978 	   24 
      0 	   86047 	   13 	  109153 	   16 
      0 	   84180 	   15 	  123629 	   39 
      0 	   79747 	   10 	   81242 	   26 
      0 	   82950 	   12 	  127378 	  116 
      0 	   82671 	    9 	  141407 	   14 
      0 	   85594 	   25 	  137360 	   21 
      0 	   79158 	   12 	  137170 	   17 
      0 	   80441 	   14 	  136039 	   15 
      0 	   81883 	   12 	  143896 	   33 
      0 	   80647 	   17 	  139394 	   15 
      0 	   81040 	   14 	  148423 	   20 
      0 	   81312 	   11 	  143054 	   29 
      0 	   87700 	   20 	  134533 	   17 
      0 	   79590 	    9 	  152233 	   65 
      0 	   81612 	   12 	  142747 	   19 
      0 	  107994 	   51 	  139300 	   28 
      0 	   94809 	   44 	  133722 	   31 
      0 	   85486 	   17 	  130017 	   13 
      0 	   91483 	   34 	  128112 	   14 
      0 	   87262 	   17 	  116124 	   28 
      0 	   80353 	   11 	  118034 	   14 
      0 	   81314 	   13 	  116072 	   28 
      0 	   81381 	   13 	  140929 	   28 
      0 	   88337 	  144 	  133469 	   22 
      0 	   87223 	   12 	  138071 	   53 
      0 	   88829 	   22 	  136516 	   25 
      0 	   89567 	   12 	  139645 	   32 
      0 	   88331 	    9 	  139601 	   26 
      0 	   82234 	    7 	  140154 	   18 
      0 	  100948 	   38 	  133580 	   28 
      0 	   89931 	    9 	  115655 	   17 
      0 	   85875 	   10 	  132623 	   23 
      0 	   88486 	   13 	  127732 	   20 
      0 	   81977 	    8 	  156756 	   57 
      0 	   84370 	   18 	  138272 	   42 
      0 	   84632 	   12 	  142804 	   21 
      0 	   87824 	   13 	  138372 	   22 
      0 	   86942 	   15 	  140968 	   21 
      0 	   84894 	   15 	  142520 	   29 
      0 	   93690 	   41 	  146939 	   51 
      0 	   83535 	   10 	  171455 	   40 
      0 	   86714 	   18 	  155815 	   24 
      0 	   86542 	   12 	  144261 	   19 
      0 	   86760 	   13 	  141419 	   21 
     12 	   91741 	   36 	  150608 	  132 
      0 	   82345 	    7 	  150981 	   25 
      0 	   82364 	    7 	  144344 	   20 
      4 	   92152 	   17 	  148352 	   27 
      8 	   87867 	   15 	  153192 	   23 
      0 	   86721 	   16 	  143069 	   21 
      0 	   83792 	    7 	  157508 	   45 
      0 	   85850 	   12 	  152304 	   29 
      0 	   86121 	   17 	  143908 	   16 
      0 	   83197 	   15 	  150458 	   37 
      0 	   81881 	   17 	  144407 	   20 
      0 	   98289 	   35 	  148466 	   48 
      0 	   85273 	    8 	  144200 	   18 
      0 	   90001 	   13 	  153608 	   29 
      0 	   89883 	   19 	  143966 	   24 
      0 	   88962 	   13 	  151165 	   30 
      0 	   88872 	   18 	  146848 	   16 
      0 	   85685 	   10 	  160711 	   32 
      0 	   85924 	   11 	  148723 	   25 
      0 	   89109 	   12 	  142244 	   23 
      0 	   90372 	   22 	  144119 	   27 
      0 	   90897 	   10 	  145008 	   21 
      0 	   85176 	   13 	  171442 	  112 
      0 	   82112 	   14 	  149527 	   27 
      0 	   93661 	   22 	  148003 	   20 
      0 	   88528 	   13 	  140126 	   32 
      0 	   88541 	   31 	  139982 	   29 
      0 	   87298 	    8 	  141119 	   46 
      0 	   90286 	   11 	  138205 	   28 
      0 	   86607 	    8 	  123176 	   16 
      0 	   86475 	   18 	  127402 	   25 
      0 	   88432 	   20 	  140843 	   27 
      0 	   87494 	   10 	  128374 	   16 
      0 	   96249 	   41 	  144326 	   37 
      0 	   86439 	   11 	  144473 	   14 
      0 	   84758 	   10 	  138688 	   23 
      0 	   91265 	   13 	  136783 	   24 
      0 	   87465 	    8 	  150017 	   53 
      0 	   82730 	   10 	  152409 	   30 
      0 	   98812 	   19 	  142294 	   21 
      0 	   82400 	    8 	  153283 	   32 
      0 	   87937 	   12 	  134266 	   26 
      0 	   89042 	   16 	  127867 	   40 
      0 	   83500 	   10 	  162103 	  101 
      0 	   86930 	   13 	  155179 	   27 
      0 	   87233 	   20 	  143267 	   30 
      0 	   89716 	   34 	  145474 	   21 
      1 	   92613 	   65 	  144110 	   30 
      0 	   90404 	   31 	  144713 	   41 
      0 	   88233 	   13 	  144753 	   25 
      0 	   87664 	   12 	  144356 	   24 
      0 	   85725 	   10 	  143080 	   21 
      0 	   91860 	   22 	  139157 	   18 
      0 	   85936 	   15 	  150102 	   63 
      0 	   83432 	   10 	  140929 	   28 
      0 	   86186 	   13 	  139139 	   32 
      0 	   87733 	   14 	  121978 	   16 
      0 	  100095 	   38 	  127157 	   26 
      0 	   90328 	   11 	  133551 	   31 
      0 	   90162 	   14 	  146641 	   21 
      0 	   94294 	   20 	  145823 	   23 
      0 	   93893 	   17 	  148032 	   39 
      0 	   92547 	   15 	  127366 	   16 
      0 	   95623 	   47 	  130357 	   89 
      0 	   83105 	   12 	  138557 	   22 
      0 	   82995 	    8 	  141699 	   22 
      0 	   86444 	   15 	  138785 	   27 
      0 	   82850 	   13 	  137652 	   26 
      0 	   85488 	   24 	  141710 	   47 
      0 	   83442 	    9 	  140865 	   21 
      0 	   86292 	   12 	  149227 	   23 
      0 	   86165 	   18 	  140470 	   19 
      0 	   82060 	   14 	  149712 	   49 
      0 	   81705 	   19 	  140462 	   49 
      0 	   90018 	   40 	  140786 	   23 
      0 	   86010 	   11 	  139698 	   26 
      0 	   88093 	   18 	  150953 	   18 
      0 	   84416 	   16 	  150393 	   46 
      0 	   92783 	   19 	  138618 	   35 
      0 	   90662 	   22 	  160175 	   29 
      0 	   88594 	   16 	  148453 	   44 
      0 	   91000 	   26 	  136611 	   36 
      0 	   85151 	    9 	  140576 	   29 
      0 	   82430 	   10 	   83497 	  156 
      0 	   86295 	   12 	   31183 	    6 
      0 	   86989 	   11 	   29138 	   44 
      0 	   83227 	    9 	   25334 	    6 
      0 	   90719 	   19 	   35891 	   27 
      0 	   88795 	   12 	   18605 	   10 
      0 	   89055 	   15 	   22984 	   10 
      0 	   83574 	   10 	   46928 	    9 
      0 	   86055 	   13 	   23579 	    8 
      0 	  101902 	   60 	   19025 	   13 
      0 	   88451 	   11 	   40074 	    7 
      0 	   92558 	   16 	   33732 	    8 
      0 	   86201 	   11 	   34641 	   12 
      0 	   88496 	   12 	   61914 	   16 
      0 	   91010 	   23 	   34914 	   18 
      0 	   94075 	   22 	   27758 	   10 
      0 	   99943 	   23 	   11453 	    9 
      0 	   97000 	   41 	   34957 	    8 
      0 	   99808 	   67 	   43736 	    9 
      0 	   86270 	   12 	   31358 	    9 
      0 	   88399 	   11 	   27974 	   11 
      0 	   91606 	   11 	   38773 	    7 
      0 	   84350 	   11 	   20478 	    7 
      0 	   81802 	   14 	   60322 	   17 
      0 	   95905 	   24 	   49674 	   13 
      0 	   85727 	   13 	   31857 	   15 
      0 	   85604 	   12 	   21901 	    6 
      0 	   82543 	   11 	   22580 	    8 
      0 	   84949 	   13 	   22680 	    7 
      0 	   93994 	   27 	   46293 	   11 
      0 	   85851 	   13 	   26640 	    8 
      0 	   80378 	   11 	   42607 	   24 
      0 	   87164 	   16 	   23002 	    5 
      0 	   87061 	    9 	   94500 	   33 
      0 	   95560 	   22 	    7571 	   25 
      0 	   85433 	   14 	   25956 	    6 
      0 	   80763 	   11 	   14159 	    8 
      0 	   84505 	   12 	   34384 	    7 
      0 	   80187 	   10 	   37855 	   11 
      0 	   96727 	   39 	   21396 	   49 
      0 	   80563 	    9 	   32284 	    8 
      0 	   86381 	   16 	   36065 	   10 
      0 	   81036 	   11 	   51261 	   10 
      0 	   83641 	   13 	   25481 	    9 
      0 	   81219 	   12 	   52246 	   13 
      0 	   84171 	   20 	   46388 	   15 
      0 	   85358 	   12 	   17957 	   11 
      0 	   86273 	   15 	   27369 	   12 
      0 	   81798 	   10 	   49414 	    9 
      0 	   85340 	   10 	   40945 	    8 
      0 	   95335 	   20 	   38491 	    8 
      0 	   87902 	   17 	   58933 	   13 
      0 	   86610 	   17 	   43453 	   19 
      0 	   81445 	   10 	   50551 	   22 
      0 	   78942 	   10 	   33736 	    8 
      0 	   82816 	   27 	   25496 	    8 
      0 	   80290 	   10 	   38069 	    7 
      0 	  103106 	   39 	   32721 	   10 
      0 	  102083 	   33 	   73758 	   63 
      0 	   82470 	   14 	   55700 	   12 
      0 	   79596 	    9 	   65835 	    7 
      0 	   86090 	   16 	  102741 	   12 
      0 	   82801 	   23 	   71611 	   17 
      0 	   78496 	    8 	   55409 	   23 
      0 	   87226 	   14 	   36686 	    5 
      0 	   82090 	   10 	   36001 	   10 
      0 	   91210 	   25 	   42994 	    7 
      0 	   87444 	   18 	   50998 	   10 
      0 	   89433 	   25 	   74434 	   15 
      0 	   84738 	   13 	  136563 	   19 
      0 	   85250 	   31 	  100782 	    8 
      0 	   77234 	    9 	  136154 	   19 
      0 	   79931 	   11 	  144414 	   17 
      0 	   82462 	   10 	  145787 	   30 
      0 	   79689 	    8 	   87048 	   28 
      0 	   80001 	   19 	   77907 	   12 
      0 	   78018 	   14 	   66083 	   13 
      0 	   80314 	   12 	  119433 	   17 
      0 	   77461 	   11 	   83508 	   59 
      0 	   88310 	   18 	   52773 	   11 
      0 	   87642 	   20 	   15841 	   10 
      0 	   80934 	   13 	   33646 	    9 
      0 	   85890 	   15 	   36199 	    8 
      0 	   99041 	   33 	   81335 	   33 
      0 	   86229 	   15 	   30908 	    8 
      3 	  107249 	  114 	   63247 	   46 
      0 	   78510 	   12 	    9429 	    8 
      0 	   80291 	   15 	   19856 	   10 
      0 	   78106 	   15 	   36586 	    6 
      0 	   76355 	    7 	   16046 	   16 
      0 	   80067 	   16 	   21369 	    7 
      0 	   79683 	   10 	   32792 	   11 
      0 	   78940 	   15 	   32677 	    7 
      0 	   78757 	   12 	   41647 	   11 
      0 	   84701 	   19 	   23441 	    8 
      0 	   87422 	   13 	   40110 	   21 
      0 	   85459 	   14 	   40522 	   14 
      0 	   81822 	   10 	   21496 	    7 
      0 	   86728 	   18 	   31611 	   12 
      0 	   85657 	   13 	   31248 	    6 
      0 	   86149 	   13 	   52330 	   17 
      0 	   84197 	   10 	   15140 	   18 
      0 	  100892 	   45 	   27280 	    7 
      0 	   84658 	   16 	   41626 	   15 
      0 	   78735 	   12 	   45712 	   21 
      0 	   77928 	    8 	   13621 	    9 
      0 	   91587 	   30 	   30202 	    9 
      0 	   86627 	   10 	   36060 	    7 
      0 	   88036 	   12 	   55218 	   41 
      0 	   82361 	   11 	   60452 	   47 
      0 	   87171 	   25 	   91782 	   25 
      0 	   86601 	   11 	   63382 	   53 
      0 	   87682 	   13 	   32003 	    7 
      0 	   88915 	   14 	   31771 	    6 
      0 	  102246 	   25 	   40167 	   13 
      0 	   86031 	   23 	   28700 	    5 
      0 	   81047 	   14 	   34897 	   10 
      0 	   85859 	   14 	   35438 	   20 
      0 	   83202 	   18 	   38625 	   15 
      0 	   81364 	   44 	   61371 	   19 
      0 	   77444 	   12 	   38269 	   10 
      0 	   80006 	   13 	   53380 	   14 
      0 	   76997 	    8 	   61728 	   17 
      0 	   80244 	   19 	   55041 	   31 
      0 	   78100 	   14 	   38537 	   21 
      0 	   79445 	   12 	   18459 	   10 
      0 	   77934 	   11 	   28129 	    6 
      0 	   81712 	   23 	   32938 	   12 
      0 	   78784 	   10 	   29446 	    8 
      0 	   83119 	   12 	   39270 	   15 
      0 	   83692 	   16 	   61160 	   16 
      0 	   78218 	   12 	   59653 	   19 
      0 	   79780 	   11 	   30289 	   23 
      0 	   80347 	    8 	   40279 	    4 
      0 	   93992 	   42 	   35175 	   16 
      0 	   81711 	   30 	   41357 	   59 
      0 	   78293 	   11 	   47355 	   12 
      0 	   80518 	   14 	   31184 	    9 
      0 	   80415 	   11 	   38777 	    7 
      0 	   80650 	   15 	   38389 	    6 
      0 	   83945 	   15 	   39831 	   15 
      0 	   78096 	    8 	   44435 	   15 
      0 	   86701 	   21 	   18598 	   14 
      0 	   78657 	    8 	   38939 	   30 
      0 	   87526 	   18 	   45627 	    7 
      0 	   96502 	   41 	   34329 	    7 
      0 	   85698 	   19 	   58365 	   17 
      0 	   92140 	   37 	   55647 	   10 
      0 	   84464 	   25 	   39413 	   10 
      0 	   81262 	   13 	   43628 	   20 
      0 	   81680 	   12 	   32547 	    9 
      0 	   80418 	   15 	   26472 	   14 
      0 	   79207 	   14 	   43533 	   10 
      1 	   89287 	   98 	   33846 	   38 
      0 	   87357 	   13 	   40966 	    8 
      0 	   91248 	   17 	   21433 	   10 
      0 	   81820 	   10 	   45554 	   11 
      0 	   83023 	   16 	   56240 	    9 
      0 	   95896 	   25 	   20578 	    7 
      0 	   84148 	   12 	   72406 	   48 
      0 	   88383 	   21 	   49346 	   19 
      0 	   82740 	   10 	   19006 	   31 
      0 	   85399 	   12 	   12727 	   10 
      0 	   93363 	   31 	   27679 	    5 
      0 	   84073 	   12 	   37326 	   14 
      0 	   86387 	   21 	   35543 	    6 
      0 	   82647 	   13 	   32097 	   12 
      0 	   82832 	   10 	   33069 	    7 
      0 	   84791 	   23 	   33030 	   11 
      0 	   83700 	   13 	   28945 	   12 
      0 	   84247 	   17 	   39782 	   16 
      0 	   79325 	   12 	   14649 	   12 
      0 	   77966 	   10 	   41037 	    8 
      0 	   90933 	   37 	   21897 	    7 
      0 	   82987 	   10 	   15592 	    7 
      0 	   86515 	   22 	   49977 	   10 
      0 	   85271 	   15 	   19575 	    7 
      0 	   79420 	   11 	   31233 	   21 
      0 	   84893 	   24 	   54889 	   20 
      0 	   85514 	   15 	   40594 	   17 
      0 	   83605 	   23 	   28708 	    4 
      0 	   82280 	   13 	   11159 	   13 
      0 	   90347 	   22 	   31652 	    8 
      0 	   84587 	   11 	   53287 	   40 
      0 	   78570 	    7 	   69501 	   13 
      0 	   83026 	   14 	   46889 	   10 
      0 	   79007 	    9 	   95153 	   24 
      0 	   81227 	   13 	   82847 	   15 
      0 	   79439 	   13 	   70769 	   26 
      0 	   80733 	   21 	   44193 	   12 
      0 	   81296 	   10 	   32870 	    8 
      0 	  110545 	   84 	   42881 	   14 
      0 	   89451 	   24 	   47470 	    9 
      0 	   82308 	   13 	   39172 	    8 
      0 	   83697 	   20 	  126680 	   42 
      0 	   82437 	   11 	  115312 	   18 
      0 	   81224 	   21 	  117745 	   26 
      0 	   78008 	   10 	  143843 	   21 
      0 	   84958 	   16 	  142113 	   29 
      0 	   79908 	   12 	  121081 	   29 
      0 	   81419 	   12 	   70928 	   12 
      0 	   84420 	   32 	   53330 	   14 
      0 	   84200 	    9 	  106222 	   20 
      0 	   87189 	   25 	  118720 	   22 
      0 	   84549 	   16 	   67733 	   72 
      0 	   88096 	   28 	   70682 	   45 
      0 	   81867 	   11 	   91392 	   14 
      0 	   84282 	   18 	   49031 	   47 
      0 	   87934 	   16 	   42375 	   10 
      0 	   85776 	   31 	   20334 	    5 
      0 	   78318 	    9 	   30525 	    6 
      0 	   79618 	   10 	   35842 	    9 
      0 	   79394 	    9 	   33358 	   11 
      0 	   78398 	   16 	   43865 	   21 
      0 	   76566 	   11 	   58682 	   22 
      0 	   76838 	   13 	   18804 	    9 
      0 	   78953 	   13 	   33173 	    9 
      0 	   78426 	   11 	   16239 	   11 
      0 	   95324 	   34 	   32813 	   10 
      0 	   83562 	   20 	   35703 	   14 
      0 	   80693 	   11 	   44009 	   12 
      0 	   83386 	   16 	   42158 	    8 
      0 	   87705 	   19 	   42344 	   14 
      0 	   85447 	   17 	   65169 	   15 
      0 	   82951 	   16 	   53460 	   15 
      0 	   86034 	   30 	   47831 	   24 
      0 	   82268 	   17 	   57740 	   25 
      0 	   98982 	   85 	   54721 	   21 
      0 	   85013 	   14 	   31312 	   16 
      0 	   84169 	   23 	   38575 	   19 
      0 	   81554 	   12 	   37992 	   10 
      0 	   86689 	   21 	   61469 	   71 
      0 	   81318 	    8 	   15103 	    5 
      0 	   82552 	   14 	   32967 	   12 
      0 	   83011 	   19 	   32045 	   12 
      0 	   81765 	   11 	   24727 	    5 
      0 	   80867 	   19 	   46650 	   12 
      0 	   79432 	   10 	   21354 	   22 
      0 	   80816 	   15 	   30808 	   14 
      0 	   80124 	   16 	   38038 	   12 
      0 	   81614 	   13 	   27100 	    9 
      0 	   78213 	    9 	   31086 	    9 
      0 	   81124 	   14 	   39955 	   28 
      0 	   77749 	   14 	   26511 	    6 
      0 	   84854 	   29 	   35818 	   13 
      0 	   88061 	   42 	   26177 	   10 
      0 	   86667 	   13 	   32846 	   11 
      0 	   83747 	   20 	   33616 	    8 
      0 	   81438 	   12 	   33003 	   19 
      0 	   85538 	   20 	   29661 	   10 
      0 	   84427 	   16 	   32515 	    5 
      0 	   94510 	   21 	   29643 	   10 
      0 	   84928 	   14 	   32568 	    8 
      0 	   89229 	   22 	   44707 	   56 
      0 	   83900 	   17 	   25554 	   10 
      0 	   78097 	   14 	   29095 	    9 
      0 	   77093 	    8 	   34997 	   12 
      0 	   90862 	   21 	   27723 	    9 
      0 	   86486 	   25 	   38808 	   26 
      0 	   79383 	    9 	   42316 	   10 
      0 	   80834 	   13 	   41385 	   15 
      0 	   86477 	   19 	   44241 	   17 
      0 	   81878 	   70 	   44692 	   12 
      0 	   78541 	   13 	   46266 	   13 
      0 	   78287 	   13 	   34567 	   25 
      0 	   78588 	   14 	   37296 	    9 
      0 	   79638 	   17 	   33310 	   14 
      0 	   78057 	   14 	   34537 	   12 
      0 	   79188 	   13 	   39316 	    8 
      0 	   77938 	   13 	   38313 	   24 
      0 	   81094 	   34 	   45262 	   13 
      0 	   78121 	   12 	   45927 	   15 
      0 	   81182 	   14 	   43338 	    6 
      0 	   80101 	   14 	   51339 	   14 
      0 	   82978 	   15 	   44190 	   68 
      0 	   78276 	   12 	   27240 	   11 
      0 	   80573 	   11 	   31250 	   11 
      0 	   90420 	   31 	   31369 	   11 
      0 	   89837 	   29 	   30045 	    9 
      0 	   80999 	   30 	   34653 	   22 
      0 	   80252 	   11 	   32773 	   15 
      0 	   79749 	   12 	   36037 	   13 
      0 	   79471 	   13 	   33015 	    8 
      0 	   80528 	   15 	   41771 	   10 
      0 	   80666 	   12 	   46232 	   29 
      0 	   80952 	   14 	   34231 	   12 
      0 	   95778 	   31 	   39996 	    5 
      0 	   84778 	   22 	   46645 	   13 
      0 	   79416 	   24 	   51075 	   13 
      0 	   78345 	    8 	   43601 	   25 
      0 	   95769 	   25 	   38026 	    6 
      0 	   88032 	   23 	   39968 	   12 
      0 	   77711 	   10 	   47961 	   14 
      0 	   83181 	   25 	   43177 	   13 
      0 	   80758 	   19 	   51863 	   12 
      0 	   78265 	   11 	   47579 	   68 
      0 	   79613 	   12 	   46602 	   14 
      0 	   93565 	  134 	   46526 	    8 
      0 	   97368 	   64 	   51500 	    9 
      0 	  101145 	   54 	   45715 	   29 
      0 	   87972 	   25 	   52762 	   17 
      0 	   91790 	   35 	   56007 	   14 
      0 	   86812 	   25 	   56568 	   15 
      0 	   91311 	   35 	   96497 	   36 
      0 	   86943 	   26 	   43609 	    9 
      0 	   90343 	   28 	   48274 	   12 
      0 	   86358 	   29 	   54927 	   18 
      0 	   89281 	   29 	   64863 	   17 
      0 	   89882 	   24 	   94798 	   31 
      0 	   90567 	   37 	   82450 	   12 
      0 	   96211 	   52 	  125182 	   22 
      0 	   90878 	   25 	  130656 	   26 
      0 	   94282 	   64 	  135551 	   29 
      0 	   86579 	   25 	  145649 	   24 
      0 	   88359 	   22 	   74686 	  118 
      0 	   92249 	   33 	   78684 	   16 
      0 	   87885 	   33 	   70161 	   19 
      0 	   89629 	   18 	   83802 	   54 
      0 	   84507 	   15 	   72805 	   21 
      0 	   91381 	   31 	   81323 	   40 
      0 	   86128 	   21 	   63921 	   16 
      0 	   95115 	   70 	   50244 	   16 
      0 	   85080 	   16 	   49151 	   10 
      0 	   83730 	   14 	   54821 	   17 
      0 	   83644 	   13 	   50478 	   13 
      0 	   87219 	   14 	   54652 	   17 
      0 	   90897 	   30 	   52352 	   12 
      0 	   85652 	   15 	   34736 	   18 
      0 	   83231 	   16 	   70350 	   24 
      0 	   84483 	   17 	   49923 	    9 
      0 	   81038 	   10 	   56334 	   16 
      0 	   89023 	   15 	   40495 	    9 
      0 	   82988 	    7 	   54306 	   14 
      0 	   84975 	   15 	   42766 	    8 
      0 	   82484 	   11 	   50863 	   14 
      0 	   82801 	   10 	   53207 	   12 
      0 	   88454 	   27 	   53450 	   14 
      0 	   82810 	   10 	   41607 	   10 
      0 	   88727 	   25 	   43521 	   18 
      0 	   88132 	   15 	   53688 	   30 
      0 	   85786 	   12 	   46047 	   10 
      0 	   85208 	   14 	   56474 	   12 
      0 	   96062 	   67 	   51655 	   10 
      0 	   86472 	   23 	   47218 	   12 
      0 	   94940 	   69 	   36335 	    7 
      0 	   87367 	   25 	   42705 	   17 
      0 	   90219 	   33 	   40594 	    8 
      0 	   87319 	   27 	   31789 	   15 
      0 	   90008 	   42 	   75842 	   41 
      0 	   87867 	   23 	   40786 	    6 
      0 	   88930 	   36 	   46846 	   11 
      0 	   85903 	   35 	   47445 	   11 
      0 	   85400 	   25 	   37626 	   12 
      0 	   94890 	   66 	   45313 	    6 
      0 	   86789 	   18 	  121612 	   59 
      0 	   89735 	   61 	  108039 	   23 
      0 	   86118 	   21 	   80072 	   13 
      0 	   89473 	   32 	   80334 	   25 
      0 	   87684 	   20 	   56902 	   11 
      0 	   89455 	   19 	   76346 	   10 
      0 	   88674 	   38 	  116787 	   27 
      0 	   84404 	   35 	  110515 	   19 
      0 	   84458 	   34 	  124595 	   26 
      0 	   85730 	   21 	  110690 	   17 
      0 	   91113 	   38 	  101694 	   15 
      0 	   91079 	   75 	   81937 	   35 
      0 	   88698 	   22 	   63496 	   14 
      0 	   86459 	   21 	   79161 	   26 
      0 	   91944 	   32 	   70247 	   10 
      0 	   88818 	   39 	   54854 	    8 
      0 	   85431 	   20 	   59107 	   13 
      0 	   86270 	   25 	   56816 	   13 
      0 	   87066 	   28 	  119999 	   51 
      0 	   89102 	   26 	  130400 	   18 
      0 	   90440 	   60 	  134456 	   25 
      0 	   86316 	   22 	  110379 	   16 
      0 	   85668 	   44 	  113360 	   14 
      0 	   94193 	   57 	  114484 	   34 
      0 	   90241 	   30 	  144459 	   20 
      0 	   87268 	   25 	  144286 	   23 
      0 	   88309 	   36 	  134646 	   18 
      0 	   88056 	   35 	  128006 	   17 
      0 	   85173 	   19 	  125799 	   32 
      0 	   88104 	   29 	  123690 	   34 
      0 	   88156 	   36 	   60774 	    9 
      0 	   92794 	   51 	   62474 	   16 
      0 	   84233 	   17 	   54310 	   15 
      0 	   84022 	   26 	   54679 	   11 
      0 	   83159 	   13 	   78313 	   24 
      0 	   85810 	   14 	   74538 	   12 
      0 	   88488 	   29 	   94216 	   14 
      0 	   88645 	   23 	   59276 	   10 
      0 	   83564 	   16 	   72680 	   68 
      0 	   82252 	   32 	   45011 	    8 
      0 	   81630 	   13 	   47022 	   17 
      0 	   88249 	   14 	   49367 	    8 
      0 	   84480 	   25 	   44016 	    7 
      0 	   79102 	    9 	   33103 	   13 
      0 	   80840 	   14 	   36380 	   23 
      0 	   82815 	    9 	   35147 	    8 
      0 	   84612 	   23 	   30192 	   71 
      0 	   84517 	   22 	   31865 	   35 
      0 	   85620 	   16 	   39596 	    6 
      0 	   88637 	   22 	   66238 	   56 
      0 	   85783 	   13 	   47034 	   10 
      0 	   87705 	   15 	   44357 	    9 
      0 	   96791 	   75 	   60128 	   17 
      0 	   87972 	   37 	   53200 	   10 
      0 	   87965 	   50 	   45277 	    5 
      0 	   87611 	   20 	   38642 	   13 
      0 	   87096 	   38 	   43456 	   14 
      0 	   86169 	   32 	   50926 	    8 
      0 	   86246 	   36 	   43288 	   23 
      0 	   86150 	   19 	   36736 	   13 
      0 	   91572 	   23 	   42655 	    7 
      0 	   83996 	   32 	   43121 	    5 
      0 	   85702 	   30 	   37906 	   13 
      0 	   90256 	   28 	   32359 	    8 
      0 	   90447 	   97 	   28971 	   16 
      0 	   85408 	   35 	   27791 	    8 
      0 	   85917 	   25 	   47108 	   25 
      0 	   86319 	   35 	   57728 	   15 
      0 	   83521 	   23 	   50868 	    9 
      0 	   86207 	   41 	   36790 	   10 
      0 	   83625 	   24 	   40447 	    8 
      0 	   84005 	   28 	   41292 	   18 
      0 	   85501 	   73 	   50593 	    9 
      0 	   82395 	   28 	   43729 	   10 
      0 	   84986 	   45 	   44365 	   15 
      0 	   87594 	   23 	   34146 	   14 
      0 	   88709 	   28 	   53776 	    8 
      0 	   86475 	   34 	   32053 	    3 
      0 	   83241 	   24 	   50956 	   11 
      0 	   86016 	   34 	   59079 	   11 
      0 	   85203 	   23 	   19853 	    8 
      0 	   84323 	   73 	   35806 	    8 
      0 	   82911 	   27 	   49603 	    8 
      0 	   83609 	   31 	   38574 	   25 
      0 	   82874 	   25 	   15576 	   24 
      0 	   87220 	   42 	   17945 	    6 
      0 	   88741 	   26 	   29791 	    5 
      0 	   88504 	   34 	   29323 	   22 
      0 	   87153 	   29 	   50223 	   10 
      0 	   83402 	   23 	   32555 	   10 
      0 	   94328 	   58 	   23007 	    8 
      0 	   87393 	   39 	   28188 	    8 
      0 	   81974 	   24 	   76334 	   13 
      0 	   83536 	   19 	   27218 	    7 
      0 	   85550 	   41 	   31693 	    5 
      0 	   81757 	   26 	   54529 	   59 
      0 	   85019 	   21 	   82806 	   19 
      0 	   86828 	   31 	   59445 	   16 
      0 	   91284 	   21 	   49972 	    7 
      0 	   87695 	   13 	   97838 	   17 
      0 	   90444 	   23 	   85760 	   20 
      0 	   83754 	   14 	   55161 	   11 
      0 	   85893 	   25 	   58925 	   22 
      0 	   81688 	   17 	   63783 	   40 
      0 	  115576 	  106 	  109332 	   16 
      0 	  124870 	   74 	   95473 	   20 
      0 	   89697 	   15 	   85298 	   20 
      0 	   96448 	   52 	  120933 	   18 
      0 	   91940 	   37 	  102409 	   23 
      0 	   85732 	   24 	   77431 	   30 
      0 	   82818 	   22 	   50485 	   11 
      0 	   88414 	   20 	   70892 	   21 
      0 	   86021 	   22 	   75165 	   13 
      0 	   85772 	   33 	   64990 	   14 
      0 	   91712 	   33 	   44642 	   40 
      0 	   88110 	   20 	   50179 	   15 
      0 	   90050 	   23 	   41627 	    9 
      0 	   90037 	   24 	   36509 	   15 
      0 	   85534 	   22 	   36679 	    8 
      2 	   90952 	   28 	   45457 	   48 
      0 	   93408 	   38 	   37928 	   19 
      0 	   92509 	   19 	   60086 	   46 
      0 	   90439 	   22 	   55030 	   17 
      0 	   94285 	   26 	   37768 	    8 
      5 	   99691 	   51 	   49334 	   14 
      0 	   91592 	   17 	   35277 	   12 
      8 	   91307 	   20 	   43600 	    7 
      2 	   96213 	   55 	   43882 	    6 
      0 	   86815 	   12 	   33954 	   12 
      0 	   94360 	   18 	   44363 	   10 
      0 	   97278 	   22 	   46725 	   24 
      0 	   93257 	   14 	   55010 	   18 
      0 	   93594 	   23 	   45698 	   12 
      0 	   87311 	   12 	   46840 	   11 
      0 	   88022 	   14 	   47235 	   13 
      0 	   82778 	   12 	   58617 	   15 
      0 	   93037 	   18 	   51756 	   15 
      0 	   90916 	   15 	   54694 	   21 
      0 	   89327 	   24 	   37208 	   22 
      0 	  100843 	   31 	   62383 	   28 
      0 	   93052 	   29 	   46377 	    4 
      0 	   87480 	   12 	   56736 	   19 
      0 	   87420 	   18 	   61755 	    9 
      0 	   85175 	   51 	  102909 	   55 
      0 	   82111 	    8 	  124868 	   19 
      0 	   83846 	   11 	  119659 	   24 
      0 	   81196 	   11 	  125960 	   24 
      0 	   87013 	   20 	  140039 	   24 
      0 	   85472 	   11 	  137343 	   15 
      0 	   87817 	   13 	  111417 	   34 
      0 	   84091 	   11 	  105015 	   21 
      0 	   87507 	   32 	  123088 	   24 
      0 	   81645 	   11 	  134639 	   17 
      0 	   85675 	   15 	  135074 	   17 
      0 	   80841 	   16 	  141409 	   45 
      0 	   79503 	    7 	  142576 	   26 
      0 	   83775 	   14 	  142940 	   22 
      0 	   83783 	   10 	  144736 	   26 
      0 	   82863 	   14 	  138707 	   31 
      0 	   93013 	   28 	  144788 	   22 
      0 	   94569 	   29 	  145055 	   35 
      0 	   87564 	   14 	  144139 	   26 
      0 	   88406 	   16 	  143394 	   30 
      0 	   79183 	   14 	  142080 	   25 
      0 	   90381 	   24 	  122046 	   69 
      0 	   91179 	   16 	  145579 	   76 
      0 	   90755 	   16 	  141513 	   35 
      0 	   90167 	   75 	  106604 	   64 
      0 	   85286 	   22 	  103978 	   14 
      0 	   83062 	   19 	   93324 	   18 
      0 	   95614 	   41 	  128322 	   15 
      0 	   90149 	   82 	  139427 	   16 
      0 	   90481 	   37 	  145568 	   24 
      0 	   89254 	   57 	  134699 	   33 
      0 	   88558 	   13 	  127828 	   35 
      0 	   93432 	   30 	  127027 	   41 
      0 	   90255 	   22 	  119735 	   13 
      0 	   88759 	   22 	  136834 	   30 
      0 	   94486 	   33 	  146049 	   20 
      0 	   91213 	   22 	  144897 	   37 
      0 	   94238 	   30 	  144499 	   22 
      0 	   91880 	   42 	  143772 	   23 
      0 	   92023 	   26 	  134508 	   24 
      0 	   85328 	   20 	  113345 	   22 
      0 	   86964 	   24 	   94295 	   18 
      0 	   89569 	   21 	  119154 	   29 
      0 	   89804 	   21 	  103193 	   31 
      0 	   90006 	   21 	   56571 	   16 
      0 	   88650 	   21 	  131980 	   34 
      0 	   93229 	   46 	  112362 	   11 
      0 	   89044 	   34 	   71903 	   29 
      0 	   83495 	   20 	   44518 	   94 
      0 	   86362 	   28 	   42486 	   10 
      0 	   88864 	   60 	   40719 	    8 
      0 	   90290 	   17 	   39322 	   11 
      0 	   82559 	   17 	   45308 	   10 
      0 	   88481 	   24 	   31737 	   10 
      0 	   93595 	   25 	   54181 	   14 
      0 	   87482 	   26 	   24044 	    7 
      0 	   87633 	   40 	   56141 	   10 
      0 	   86422 	   14 	   37328 	   14 
      0 	   88959 	   22 	   45579 	    8 
      0 	   90409 	   22 	   36409 	    5 
      0 	   82790 	   14 	   44799 	   40 
      0 	   87141 	   21 	   47943 	   14 
      0 	   86454 	   17 	   45706 	    5 
      0 	   81851 	   27 	   70137 	   22 
      0 	   89077 	   22 	   70033 	   10 
      0 	   87167 	   20 	   80671 	   21 
      0 	   88873 	   45 	   46740 	    8 
      0 	   94144 	   26 	   40867 	    8 
      0 	   87964 	   56 	   52347 	   19 
      0 	   83550 	   33 	   63583 	    7 
      0 	   93885 	   52 	   43065 	   38 
      0 	   93600 	   20 	   27044 	   14 
      0 	   90075 	   20 	   39139 	    7 
      0 	   91650 	   23 	   21356 	   14 
      0 	   90891 	   37 	   40472 	    8 
      0 	   84786 	   19 	   32286 	    5 
      0 	   84747 	   17 	   11323 	   11 
      0 	   80955 	   20 	   20201 	    5 
      0 	   89221 	   29 	   61220 	   11 
      0 	   89405 	   29 	   21272 	    9 
      0 	   84748 	   19 	   40158 	    6 
      0 	   87513 	   42 	   33300 	   33 
      0 	   79849 	   11 	   36522 	    7 
      0 	   77882 	    8 	   33148 	    8 
      0 	   83555 	   19 	   31891 	   17 
      0 	   83481 	   20 	   22682 	   12 
      0 	   77932 	   10 	   25654 	   17 
      0 	   79451 	   14 	   25869 	    6 
      0 	   84033 	   20 	   25363 	    6 
      0 	   81114 	   12 	   42248 	   16 
      0 	   87828 	   26 	   31066 	   10 
      0 	   85973 	   13 	   75289 	   97 
      0 	   87758 	   15 	  132632 	   16 
      0 	   89054 	   20 	  128721 	   10 
      0 	   82057 	    7 	  141802 	   31 
      0 	   82950 	   15 	  144908 	   21 
      0 	   80689 	   12 	  141022 	   31 
      0 	   84135 	   37 	  121093 	   12 
      0 	   79628 	   13 	   93385 	   14 
      0 	   81358 	   24 	  130455 	   29 
      0 	   78485 	   10 	  135254 	   18 
      0 	   80219 	   12 	  137897 	   48 
      0 	   85213 	   22 	  113199 	   22 
      0 	   82801 	   15 	  119092 	   12 
      0 	   80048 	   20 	   78611 	   23 
      0 	   80016 	   13 	   57556 	   16 
      0 	   83676 	   18 	   51940 	   17 
      0 	   83317 	   27 	  114483 	   33 
      0 	   80127 	   12 	  123262 	   18 
      0 	   79793 	   10 	  110269 	   25 
      0 	   82292 	   14 	   62259 	   11 
      0 	   85997 	   23 	   84092 	   19 
      0 	   80158 	   10 	   39919 	   47 
      0 	   81977 	   13 	   30340 	   12 
      0 	   83490 	   18 	   91340 	   23 
      0 	   92442 	   55 	   87171 	   15 
      0 	   82320 	   55 	   61604 	   24 
      0 	   80532 	   13 	   33255 	    8 
      0 	   82724 	   32 	   44717 	   22 
      0 	   84426 	   14 	   69442 	   12 
      0 	   91241 	   61 	   48042 	    9 
      0 	   88180 	   16 	  113169 	   53 
      0 	   87561 	   17 	  129476 	   20 
      0 	   85896 	   17 	  129621 	   30 
      0 	   83357 	   13 	   92901 	   21 
      0 	   83288 	   16 	  130412 	   15 
      0 	   83874 	   20 	  129825 	   34 
      0 	   82391 	   10 	  111756 	   17 
      0 	   87379 	   25 	  136412 	   35 
      0 	   82008 	   28 	  149541 	   20 
      0 	   86967 	   29 	  151070 	   20 
      8 	   85275 	   11 	  272927 	  106 
      0 	   85248 	   15 	  174803 	   73 
      0 	   85464 	   17 	  156790 	   33 
      0 	   79323 	   12 	  143221 	   20 
      0 	   81123 	   12 	  142149 	   19 
      0 	   80294 	   11 	  130762 	   19 
      0 	   83352 	   25 	  141232 	   12 
      0 	   82240 	   14 	  148225 	   23 
      0 	   84212 	   14 	  116868 	   42 
      0 	   82838 	   17 	  139413 	   65 
      0 	   81487 	   10 	  145983 	   19 
      0 	   83642 	   18 	  136534 	   14 
      0 	   83936 	   17 	  145682 	   17 
      0 	   84626 	   11 	  145279 	   19 
      0 	   88584 	   14 	  148661 	   32 
      0 	   87938 	   26 	  148501 	   22 
      0 	   82417 	   14 	   82019 	   17 
      0 	   86519 	   28 	   86175 	    9 
      0 	   91138 	   31 	   57396 	   12 
      0 	   82881 	   12 	   44739 	   12 
      0 	   81708 	   14 	   47267 	   18 
      0 	   81116 	   13 	   43457 	    8 
      0 	   90271 	   23 	   99467 	   18 
      0 	   94731 	   98 	   90790 	   22 
      0 	   87849 	   18 	  118346 	   17 
      0 	   87575 	   23 	   86775 	   13 
      0 	   90727 	   26 	   63872 	   61 
      0 	   88356 	   28 	   83968 	   14 
      0 	   88677 	   41 	   46384 	   10 
      0 	   82789 	   17 	   54851 	   10 
      0 	   87447 	   17 	   48263 	   18 
      0 	   84819 	   13 	   94758 	   28 
      0 	   86445 	   24 	  119506 	   13 
      0 	   84732 	   24 	  148786 	   39 
      0 	   80951 	   14 	   98805 	   16 
      0 	   83434 	   46 	  120390 	   14 
      0 	   82689 	   21 	  150770 	   15 
      0 	   86259 	   25 	  120507 	   22 
      0 	   84087 	   25 	  123507 	   27 
      0 	   86823 	   46 	  142383 	   16 
      0 	   82582 	   26 	   97986 	   28 
      0 	   85412 	   31 	  142878 	   32 
      0 	   83509 	   32 	  129787 	   23 
      0 	   90075 	   85 	  136822 	   13 
      0 	   82539 	   11 	   87545 	   15 
      0 	   85089 	   16 	   56305 	   38 
      0 	   82794 	   16 	   39387 	   10 
      0 	   83592 	   21 	   62303 	   26 
      0 	   80006 	   11 	   23527 	   10 
      0 	   82837 	   13 	   31294 	    7 
      0 	   82455 	    8 	   32140 	    8 
      0 	   86647 	   22 	   47289 	   17 
      0 	   82532 	   13 	   15330 	   10 
      0 	   82362 	   24 	   32842 	    6 
      0 	   78020 	   11 	   42468 	   11 
      0 	   77646 	    5 	   47366 	   13 
      0 	   80426 	   14 	   32936 	   10 
      0 	   78468 	   43 	   50932 	    6 
      0 	   83628 	   18 	   64718 	   25 
      0 	   80931 	   11 	  132693 	  102 
      0 	   83557 	   15 	   91238 	   31 
      0 	   84311 	   10 	   83225 	   20 
      0 	   90770 	   21 	   98061 	   20 
      0 	   90508 	   22 	   75474 	   15 
      0 	   86865 	   25 	  131103 	   12 
      0 	   81549 	   13 	  141497 	   33 
      0 	   82480 	   11 	  147804 	   12 
      0 	   79070 	   14 	   91450 	   16 
      0 	   82892 	   27 	   65333 	   18 
      0 	   86140 	   10 	  139143 	   19 
      0 	   87918 	   17 	   91859 	   16 
      0 	   88242 	   46 	  103696 	   11 
      0 	   85244 	   29 	  128463 	   52 
      0 	   80871 	   16 	   63989 	    9 
      0 	   81500 	   13 	  129642 	   17 
      0 	   87291 	   31 	  111692 	   26 
      0 	   85534 	   32 	   97253 	   17 
      0 	   83256 	   51 	  143730 	   19 
      0 	   77042 	   15 	  128941 	   33 
      0 	   76643 	    5 	  101480 	   10 
      0 	   79064 	   13 	   96019 	   27 
      0 	   78162 	    6 	   92921 	   11 
      0 	   80607 	   25 	  153077 	   16 
      0 	   84842 	   19 	  154571 	   22 
      0 	   81862 	   11 	  115417 	   39 
      0 	   86386 	   31 	   26272 	   20 
      0 	   83131 	   14 	   32906 	    6 
      0 	   89735 	   16 	   31393 	    7 
      0 	   86457 	   15 	   36861 	    9 
      0 	   87455 	   31 	   41694 	   12 
      0 	   86959 	   16 	   23453 	    7 
      0 	   89873 	   15 	   31442 	    5 
      0 	   88068 	   17 	   33165 	   13 
      0 	  120610 	  117 	   44305 	   11 
      0 	   83715 	   54 	   39409 	   17 
      0 	   87677 	   23 	   19204 	   11 
      0 	   85365 	   17 	   26271 	    6 
      0 	   79951 	    6 	   71674 	   22 
      0 	   82715 	   13 	   29088 	   26 
      0 	   82908 	   13 	   36152 	    5 
      0 	   82617 	    9 	   29347 	   11 
      0 	   83500 	   13 	   35507 	   15 
      0 	   83700 	   10 	   23661 	    8 
      0 	   84015 	    9 	   29967 	    9 
      0 	   85249 	   22 	   42404 	   17 
      0 	   83869 	   13 	   21808 	   13 
      0 	   94257 	   35 	   27743 	   11 
      0 	   96071 	   54 	   62927 	   15 
      0 	   88202 	   35 	   29477 	   12 
      0 	   86451 	   16 	   37687 	    8 
      0 	   85714 	   13 	   67000 	   27 
      0 	   84959 	   10 	   55855 	    9 
      0 	   80676 	    7 	   46866 	   26 
      0 	   85330 	    9 	   54766 	   10 
      0 	   83483 	   12 	   44253 	   14 
      0 	   84901 	   28 	   53012 	   11 
      0 	   84659 	   22 	   82841 	   99 
      0 	   82437 	    8 	  116914 	   25 
      0 	   91994 	   25 	  142884 	   19 
      0 	   91774 	   17 	  133156 	   31 
      0 	   89386 	   11 	  141876 	   24 
      0 	   87486 	   13 	  149116 	   43 
      0 	   87841 	   22 	   86237 	   14 
      0 	   88200 	   21 	   93020 	   29 
      0 	   85862 	   20 	  111799 	   24 
      0 	   89444 	    9 	  149087 	   16 
      0 	   85910 	   11 	  145305 	   27 
      0 	   85641 	    8 	  142789 	   27 
      0 	   95607 	   58 	  146808 	   67 
      0 	   84313 	    9 	  152144 	   27 
      0 	   91536 	   15 	  157235 	   29 
      0 	   87498 	   14 	  151905 	   28 
      0 	   92578 	   41 	  153566 	   30 
      0 	   86671 	   23 	  142117 	   40 
      0 	   87040 	   12 	   98305 	   15 
      0 	   87112 	   21 	  104952 	   24 
      0 	   94639 	   36 	  106399 	   22 
      0 	   87706 	   12 	  114032 	   24 
      0 	   86193 	   10 	  141105 	   15 
      0 	   84972 	   10 	  145187 	   26 
      0 	   86756 	   11 	   68729 	   52 
      0 	   91137 	   22 	   31044 	   21 
      0 	   86535 	   16 	   41651 	    4 
      0 	   86248 	   10 	   25982 	   20 
      0 	   85711 	   26 	   35550 	   12 
      0 	   89742 	   26 	   53840 	   21 
      0 	   83805 	    8 	   29124 	   10 
      0 	   86080 	   21 	   47940 	   14 
      0 	   86096 	   14 	   42298 	   15 
      0 	   85355 	   14 	   46818 	    9 
      0 	   88754 	   15 	   43984 	   14 
      0 	   91226 	   40 	   58879 	   46 
      0 	   89910 	   32 	   42483 	   10 
      0 	   90244 	   22 	   57067 	   26 
      0 	   88003 	   25 	   77869 	   15 
      0 	   89366 	   20 	   85923 	   12 
      0 	   89119 	   23 	   61517 	   29 
      0 	  103201 	  104 	   55435 	   16 
      0 	   86539 	   28 	   97343 	   22 
      0 	   86716 	   19 	  121740 	   27 
      0 	   88367 	   19 	  128301 	   17 
      0 	   85099 	   22 	  126008 	   32 
      0 	   86459 	   10 	   46666 	   10 
      0 	   88053 	   24 	   87256 	   20 
      0 	   85117 	   17 	   58339 	   33 
      0 	   84575 	   15 	   55536 	   13 
      0 	   83182 	   10 	   50774 	   15 
      0 	   88683 	   10 	   47251 	   11 
      0 	   89294 	   13 	   62743 	   17 
      0 	   88968 	   16 	   50277 	   34 
      0 	   82574 	   10 	   69660 	   16 
      0 	   91156 	   16 	   69661 	   16 
      0 	   86730 	   11 	   88808 	   18 
     47 	   89864 	   23 	  116194 	  150 
      0 	   87890 	   43 	   69593 	   23 
      0 	   90580 	   16 	   81944 	   47 
      0 	   87155 	    9 	   76242 	   15 
      0 	   91055 	   25 	   73091 	   38 
      0 	   89181 	   16 	   72708 	   19 
      0 	   81624 	   14 	   50557 	   13 
      0 	   92425 	   24 	   47994 	   21 
      0 	   92765 	   21 	   54764 	   15 
      0 	   88953 	   10 	   61968 	   13 
      0 	   91920 	   28 	   53134 	   25 
      0 	   85501 	    9 	   49178 	    9 
      0 	   87261 	   13 	   43394 	    9 
      0 	   83769 	   13 	   40956 	   24 
      0 	   80963 	   11 	   56020 	   11 
      0 	   83583 	   17 	   49275 	   21 
      0 	   84830 	   16 	   47809 	   11 
      0 	   87761 	   46 	   38676 	   14 
      0 	   91742 	   37 	   58069 	   35 
      0 	   87988 	   18 	   53814 	   11 
      0 	   91319 	   19 	   57410 	   10 
      0 	   88273 	   24 	   47380 	   11 
      0 	   84771 	   21 	   47470 	   18 
      0 	   98943 	   47 	   44766 	   10 
      0 	   90579 	   24 	   47252 	    9 
      0 	   88476 	   27 	   49740 	   13 
      0 	   87088 	   26 	   51558 	   10 
      0 	   87898 	   25 	   51989 	   10 
      0 	   88834 	   34 	   41311 	   13 
      0 	   85605 	   27 	   52080 	   14 
      0 	   88781 	   21 	   45441 	    9 
      0 	   94394 	   91 	   34938 	   20 
      0 	   85157 	   13 	   45145 	    6 
      0 	   85263 	   20 	   58631 	   42 
      0 	   84254 	   14 	   42765 	    9 
      0 	   87451 	   21 	   45096 	    7 
      0 	   83230 	   11 	   41275 	    9 
      0 	   85819 	   16 	   38761 	   11 
      0 	   82576 	   15 	   49316 	   14 
      0 	   87136 	   32 	   99854 	   57 
      0 	   84887 	   11 	  102900 	   13 
      0 	   90022 	   29 	   87245 	   20 
      0 	   89572 	   15 	   96688 	   24 
      0 	   85464 	   24 	   63582 	   13 
      0 	   84607 	   16 	   68278 	   10 
      0 	   83063 	   15 	   80075 	   21 
      0 	   86206 	   19 	  107887 	   15 
      0 	   85223 	   13 	  127768 	   20 
      0 	   86600 	   15 	  108180 	   30 
      0 	   88933 	   48 	  108390 	   15 
      0 	   81803 	   13 	   89143 	   17 
      0 	   85713 	   19 	   77725 	   36 
      0 	   84406 	   11 	   50049 	   10 
      0 	   84458 	   13 	   84701 	   28 
      0 	   89887 	   28 	   51401 	   12 
      0 	   82744 	   19 	   63527 	   12 
      0 	   91033 	   23 	   61003 	   18 
      0 	   86564 	   13 	   76971 	   54 
      0 	   83748 	   13 	  126219 	   18 
      0 	   95995 	   39 	  134802 	   25 
      0 	   90225 	   14 	  118265 	   31 
      0 	   95634 	   22 	  111103 	   17 
      0 	   97446 	   24 	  107369 	   14 
      0 	   95067 	   15 	  134603 	   36 
      0 	   92538 	   23 	  139922 	   26 
      0 	   86692 	   13 	  144370 	   37 
      0 	   87515 	   22 	  120160 	   14 
      0 	   84093 	   14 	  144950 	   24 
      0 	   95154 	   68 	  107104 	   39 
      0 	   92664 	   35 	   95925 	   19 
      0 	   92536 	   28 	   59749 	   18 
      0 	   87751 	   20 	   67151 	   15 
      0 	   86722 	   18 	   54781 	   10 
      0 	   92597 	   56 	   47847 	    7 
      0 	   97510 	   27 	   94776 	   23 
      0 	   93663 	   19 	   78154 	   12 
      0 	   91422 	   16 	   75642 	   12 
      0 	   92218 	   34 	   53303 	   14 
      0 	   85667 	   17 	   65912 	   54 
      0 	   94506 	   31 	   40344 	   22 
      0 	   91862 	   16 	   51862 	   10 
      0 	   91097 	   17 	   48181 	    7 
      0 	   86194 	   15 	   39508 	   11 
      0 	   89386 	   26 	   32133 	   25 
      0 	   89191 	   26 	   39376 	   11 
      0 	   88208 	   39 	   32812 	   80 
      0 	   91975 	   24 	   28710 	   33 
      0 	   86918 	   19 	   37232 	   11 
      0 	   90840 	   36 	   52633 	   55 
      0 	   99328 	   25 	   53832 	   13 
      0 	   91978 	   16 	   44559 	   10 
      0 	  101023 	  141 	   43883 	    8 
      0 	   93684 	   47 	   61757 	   16 
      0 	   89349 	   42 	   54569 	    7 
      0 	   86989 	   23 	   47564 	    9 
      0 	   80078 	   25 	   25957 	   12 
      0 	   91166 	   25 	   60627 	   14 
      0 	   85095 	   29 	   41160 	    5 
      0 	   82083 	   18 	   30935 	   12 
      0 	   92412 	   27 	   55916 	   20 
      0 	   82791 	   28 	   34830 	    5 
      0 	   86581 	   19 	   38084 	    7 
      0 	   93050 	   48 	   41657 	    9 
      0 	   88310 	   17 	   18470 	   17 
      0 	   90679 	   27 	   37402 	    8 
      0 	   92975 	   28 	   22162 	    6 
      0 	   90795 	   18 	   63908 	   29 
      0 	   91760 	   26 	   68096 	   17 
      0 	   94108 	   30 	   36193 	    5 
      0 	   95589 	   45 	   40358 	    8 
      0 	   92527 	   28 	   34848 	    6 
      0 	   90018 	   18 	   51130 	   15 
      0 	   98121 	   56 	   53438 	    8 
      0 	   87528 	   11 	   42050 	    4 
      0 	   93844 	   16 	   30481 	   16 
      0 	   98788 	   22 	   47154 	   10 
      0 	   88661 	   11 	   39091 	    8 
      0 	   90420 	   14 	   51645 	   11 
      0 	   83813 	   22 	   45643 	    9 
      0 	   87206 	   16 	   38824 	   10 
      0 	   82300 	   13 	   29052 	    9 
      0 	   87355 	   24 	   34978 	   10 
      0 	   91056 	   14 	   53949 	    8 
      0 	   86083 	   15 	   27544 	   20 
      0 	   99903 	   33 	   15604 	   22 
      0 	   88526 	   31 	   16964 	    6 
      0 	   84397 	   12 	   27477 	    5 
      0 	   85229 	   16 	   41808 	   25 
      0 	   86456 	   53 	   44066 	    8 
      0 	   80010 	    9 	   33801 	   10 
      0 	   82255 	   14 	   27778 	   10 
      0 	   79165 	   12 	   47133 	   14 
      0 	   78526 	    9 	   47537 	    6 
      0 	   86343 	   26 	   37140 	    7 
      0 	   89058 	   16 	   21576 	    7 
      0 	   83833 	   14 	   94277 	   34 
      0 	   87826 	   30 	   74061 	   17 
      0 	   79989 	   11 	   99417 	   16 
      0 	   81302 	   15 	   67907 	   21 
      0 	   79276 	   13 	   49257 	   14 
      0 	   80804 	   13 	   66533 	   12 
      0 	   84048 	   25 	   90046 	   34 
      0 	   83310 	   11 	  106025 	   18 
      0 	   84037 	   11 	  120516 	   17 
      0 	   91937 	   23 	   99472 	   27 
      0 	   87211 	   28 	   81735 	   15 
      0 	   90211 	   22 	  100170 	   15 
      0 	   90322 	   16 	   61658 	   30 
      0 	   84206 	   17 	   58905 	   32 
      0 	   88622 	   26 	   52967 	   11 
      0 	   89392 	   14 	   66657 	   16 
      0 	   88254 	   15 	   73615 	   12 
      0 	   90637 	   70 	   56977 	   18 
      0 	   85040 	   25 	   64718 	   53 
      0 	   84772 	   16 	   39470 	   13 
      0 	   93383 	   36 	   45396 	   12 
      0 	   84093 	   17 	   40770 	   13 
      0 	   97446 	   88 	   40590 	    7 
      0 	   83528 	   18 	   42822 	   35 
      0 	   94575 	   73 	   37071 	   11 
      0 	   91102 	   26 	   70882 	   59 
      0 	   88920 	   19 	  130713 	   17 
      0 	   89638 	   22 	  137674 	   27 
      0 	   94178 	   26 	  131817 	   24 
      0 	   89590 	   22 	  121805 	   22 
      0 	   90531 	   16 	  134376 	   17 
      0 	   95016 	   29 	  142388 	   41 
      0 	   96374 	   41 	  143412 	   27 
      0 	   87073 	   18 	  140812 	   32 
      0 	   88403 	   30 	  138771 	   17 
      0 	   89956 	   25 	  143814 	   26 
      0 	   84336 	   16 	  144725 	   44 
      0 	   89897 	   23 	  101575 	   22 
      0 	   90489 	   20 	  126681 	   23 
      0 	   91608 	   35 	  129985 	   22 
      0 	   86058 	   34 	  105445 	   18 
      0 	   90347 	   36 	  135832 	   18 
      0 	   85053 	   24 	  147059 	   35 
      0 	   83776 	   23 	  140674 	   29 
      0 	   93197 	   39 	  144362 	   19 
      0 	   92538 	   20 	  138993 	   23 
      0 	   91545 	   21 	  124770 	   88 
      0 	   85393 	   20 	  152955 	   54 
      0 	   87318 	   31 	  141982 	   23 
      0 	   85730 	   15 	  101133 	   60 
      0 	   87857 	   19 	   56820 	   12 
      0 	   83121 	   13 	   42983 	   12 
      0 	   89017 	   24 	   48935 	   17 
      0 	   90634 	   19 	   31978 	   16 
      0 	   85864 	   16 	   54044 	   20 
      0 	   91121 	   33 	   33288 	    7 
      0 	   83439 	   32 	   36467 	    5 
      0 	   86949 	   22 	   41582 	    9 
     22 	   86624 	   25 	   33647 	   13 
     35 	   92385 	   60 	   48821 	   10 
      0 	   92630 	   26 	   43530 	   11 
      0 	   91427 	   18 	   55604 	   13 
      8 	   90684 	   44 	   57147 	   18 
      0 	   85911 	   53 	   46956 	   16 
      0 	   81340 	   12 	   60699 	   26 
      0 	   80628 	   17 	   41379 	    8 
      0 	   80620 	   13 	   63581 	   27 
      0 	   83441 	   26 	   60195 	   14 
      0 	   81286 	   16 	   51931 	   27 
      0 	   84992 	   20 	   53967 	    9 
      0 	   79824 	   14 	   65447 	   12 
      0 	   79457 	   11 	   76015 	   11 
      0 	   82654 	   33 	   99300 	   59 
      0 	   79817 	   12 	  107727 	   20 
      0 	   81902 	   19 	  137233 	   16 
      0 	   81926 	   14 	  123494 	   27 
      0 	   79422 	   15 	  120207 	   20 
      0 	   79371 	   21 	  141663 	   14 
      0 	   80585 	   10 	  122230 	   37 
      0 	   85139 	   14 	  146044 	   31 
      0 	   82329 	   16 	  146530 	   20 
      0 	   80744 	   13 	  135915 	   19 
      0 	   85499 	   34 	  106558 	   19 
      0 	   86178 	   16 	  114162 	   22 
      0 	   80058 	   20 	  117258 	   23 
      0 	   81402 	   12 	  130159 	   34 
      0 	   87643 	   20 	   92783 	   22 
      0 	   85494 	   17 	   66872 	   15 
      0 	   81259 	   11 	  118556 	   37 
      0 	   83916 	   24 	  125648 	   12 
      0 	   82824 	   12 	  145671 	   16 
      0 	   82944 	   20 	  143495 	   18 
      0 	   80532 	   13 	  140752 	   40 
      0 	   81646 	   12 	  119226 	   15 
      0 	   83318 	   16 	  101096 	   16 
      0 	   80548 	    9 	   50433 	   11 
     42 	   94631 	   65 	   44291 	  120 
      0 	   85080 	   17 	   42492 	   12 
      0 	   86213 	   41 	   41807 	    8 
      0 	   84157 	   16 	   38094 	   12 
      0 	   83948 	   13 	   44832 	   12 
      0 	   88158 	   58 	   48309 	   13 
      0 	   89193 	   24 	   37764 	   12 
      0 	   93835 	   31 	   32506 	   13 
      0 	   90912 	   22 	   49588 	    8 
      0 	   90281 	   16 	   41075 	    9 
      0 	   92253 	   26 	   34890 	    9 
      0 	   84570 	   18 	   50328 	   14 
      0 	   84275 	   24 	   35681 	   17 
      0 	   88840 	   28 	   65453 	   17 
      0 	   92061 	   33 	   45284 	    4 
      0 	   86107 	   30 	   91059 	   12 
      0 	   86423 	   19 	   77310 	    9 
      0 	   91483 	   55 	   52705 	   22 
      0 	   85641 	   12 	   51157 	   10 
      0 	   88943 	   15 	   45237 	   14 
      0 	   82755 	   13 	   71827 	    9 
      0 	   81992 	   17 	   51345 	   11 
      0 	   88980 	   17 	   21995 	   43 
      0 	   87525 	   19 	   40616 	    8 
      0 	   82209 	   10 	   35021 	    7 
      0 	   86200 	   25 	   37228 	    9 
      0 	   87301 	   21 	   31880 	    7 
      0 	   80748 	    6 	   24830 	   11 
      0 	   85245 	   23 	   18948 	    7 
      0 	   82412 	   14 	   27047 	   10 
      0 	   81657 	   15 	   48111 	    9 
      0 	   84135 	   14 	   38100 	    8 
      0 	   86444 	   20 	   25832 	    5 
      0 	   85278 	    7 	   49145 	   21 
      0 	   82989 	   16 	   34915 	   10 
      0 	   82335 	   13 	   35278 	   12 
      0 	   91863 	   30 	   24282 	   11 
      0 	   81657 	   10 	   21831 	   17 
      0 	   89695 	   17 	   29927 	    6 
      0 	   86895 	    9 	   18225 	    7 
      0 	   90126 	   33 	   41933 	    9 
      0 	   87014 	   19 	   32076 	   11 
      0 	   82337 	   12 	   34312 	    7 
    418 	   81804 	   10 	  129477 	   63 
      0 	   82910 	   13 	  133924 	   16 
    728 	   81241 	   11 	  131453 	   11 
   1928 	   80975 	   32 	  144536 	   10 
      0 	   82029 	   12 	  143952 	   18 
      0 	   82440 	   10 	  125344 	   33 
      0 	   81091 	    9 	  108428 	   18 
      0 	   90539 	   16 	  117411 	   18 
      0 	   93199 	   95 	  147194 	   19 
      0 	   90125 	   45 	  139816 	   14 
      0 	   88626 	   13 	  117303 	   29 
      0 	   90119 	   27 	   50760 	    8 
      0 	   87877 	   26 	   99565 	   17 
      0 	   85336 	   14 	  119610 	   13 
      0 	   89523 	   25 	   79155 	   16 
      0 	   91659 	   21 	   72155 	   32 
      0 	   85857 	   16 	  118802 	   18 
      0 	   89897 	   27 	  132499 	   13 
      0 	   88332 	   18 	   80476 	   12 
      0 	   81424 	   15 	   73338 	   16 
     25 	   87059 	   54 	   60338 	   54 
      0 	   84039 	   15 	   36786 	   16 
      0 	   88268 	   27 	   47860 	   15 
      0 	   88037 	   24 	  106372 	   17 
     15 	   91268 	   36 	   83626 	   25 
      0 	   83248 	   18 	   35399 	    8 
     13 	   85006 	   35 	   36896 	    7 
      0 	   83878 	   26 	   48931 	   12 
      0 	   89005 	   63 	   63996 	   10 
      0 	   90399 	   23 	   83177 	   37 
      0 	   83395 	   13 	  142779 	   19 
      0 	   83481 	   10 	  141418 	   13 
      0 	   86627 	   13 	  119721 	   17 
      0 	   81016 	    9 	  119912 	   20 
      0 	   80627 	   11 	  121925 	   43 
      0 	   84832 	    9 	  128112 	   20 
      0 	   86954 	   25 	  108971 	   16 
      0 	   83407 	    7 	  154214 	   25 
      0 	   82602 	   15 	  149957 	   21 
   5556 	   78256 	   12 	  228045 	  104 
      0 	   83014 	    5 	  228596 	   71 
      0 	   84314 	   14 	  147288 	   32 
      0 	   77524 	   12 	  146391 	   22 
      0 	   84072 	   19 	  147744 	   24 
      0 	   88343 	   18 	  126939 	   17 
      0 	   85461 	   18 	  140285 	   14 
      0 	   85769 	   11 	  144494 	   24 
      0 	   83705 	   10 	  135274 	   45 
      0 	   93953 	   17 	  113337 	   64 
      0 	   92666 	   29 	  149256 	   29 
      0 	   78638 	    7 	  135797 	   17 
      0 	   82682 	    7 	  149357 	   26 
      0 	   80388 	   17 	  143430 	   14 
      0 	   79645 	   13 	  148250 	   16 
      0 	   86968 	   14 	  153782 	   23 
      0 	   91942 	   14 	  100342 	   58 
      0 	   90869 	   53 	   93451 	   13 
      0 	   84015 	   15 	   70227 	   14 
      0 	   82882 	   16 	   48251 	   10 
      0 	   82831 	   13 	   51218 	   14 
      0 	   85467 	   35 	   39926 	   15 
      0 	   83258 	   29 	   71119 	   17 
      0 	   85806 	   18 	  100271 	   25 
      0 	   83743 	   35 	  100194 	   16 
      0 	   79227 	   11 	  120570 	   20 
      0 	   83626 	   15 	   48485 	   11 
      0 	   83785 	    7 	   97155 	   32 
      0 	   89471 	   17 	   52787 	   18 
      0 	   86054 	   15 	   54569 	   12 
      0 	   82232 	   13 	   55799 	   14 
      0 	   83714 	   11 	   59006 	   23 
      0 	   87548 	   37 	  114616 	   12 
      0 	   87572 	   17 	  141603 	   26 
      0 	   89010 	   18 	  124303 	   35 
      0 	   95730 	   18 	   97375 	   10 
      0 	   80561 	   10 	   95283 	   19 
      0 	   89765 	   12 	  147677 	   20 
      0 	   83945 	   15 	  144052 	   16 
      0 	  100882 	   93 	  139152 	   22 
      0 	  110752 	   67 	  135733 	   24 
      0 	   82244 	   14 	  111744 	   45 
      0 	   86107 	   21 	  133948 	   18 
      0 	   81772 	   18 	  125068 	   14 
      0 	   82203 	   14 	  120716 	   26 
      0 	   84293 	   20 	   73524 	   46 
      0 	   80269 	    8 	   37753 	    9 
      0 	   83654 	   16 	   40328 	   10 
      0 	   83978 	   10 	   51512 	   24 
      0 	   82822 	    8 	   31026 	    4 
      0 	   86466 	   20 	   29453 	   14 
      0 	   82647 	   15 	   40850 	    9 
      0 	   89910 	   39 	   32394 	   11 
      0 	   96453 	   59 	   15704 	   10 
      0 	   89006 	   27 	   43504 	    9 
      0 	   85374 	   13 	   44870 	    8 
      0 	   85475 	   13 	   42160 	   13 
      0 	   82265 	   14 	   34873 	    8 
      0 	   86084 	   24 	   54514 	    8 
      0 	   83021 	    8 	  105155 	  109 
      0 	   82408 	    9 	  110947 	   27 
      0 	   84775 	   12 	   82502 	   10 
      0 	   87619 	   21 	   66978 	   17 
      0 	   84253 	   13 	   81348 	   16 
      0 	   81660 	   12 	  135941 	   19 
      0 	   94040 	   50 	  143797 	   42 
      0 	   88198 	   12 	   66402 	   12 
      0 	   91301 	   21 	   74274 	   19 
      0 	   86527 	   20 	  114912 	   23 
      0 	   86777 	   18 	  136818 	   17 
      0 	   86502 	   19 	  141571 	   24 
      0 	   87631 	    9 	  136147 	   35 
      0 	   90205 	   12 	  155058 	   14 
      0 	   84282 	   12 	  143080 	   14 
      0 	   90040 	   23 	  121412 	   17 
      0 	   94310 	   43 	   60606 	   14 
      0 	   91422 	   29 	   74489 	   18 
      0 	   92632 	   14 	   97948 	   10 
      0 	   89049 	   20 	  135495 	   33 
      0 	   90907 	   26 	  121921 	   27 
      0 	   87090 	   12 	   85650 	   16 
      0 	   90236 	   28 	  100473 	   10 
      0 	   89541 	   30 	  125062 	   17 
      0 	   87396 	   18 	  149398 	   21 
      0 	   89649 	   20 	  149447 	   16 
      0 	   84612 	   15 	  114654 	  102 
      0 	   82709 	   10 	  118436 	   27 
      0 	   86934 	    9 	  140593 	   25 
      0 	   89383 	   19 	  141896 	   17 
      0 	   86531 	    9 	  148444 	   24 
      0 	   84145 	   23 	  155054 	   64 
      0 	   89355 	   45 	  150500 	   31 
      0 	   82069 	   10 	  149840 	   27 
      0 	   85688 	   14 	  157658 	   37 
      0 	   85400 	   11 	  157094 	   21 
      0 	   84407 	   12 	  147205 	   22 
      0 	   85257 	   21 	  117414 	   52 
      0 	   86253 	   11 	   92276 	   17 
      0 	   90396 	   49 	   81981 	   11 
      0 	   92197 	   35 	  152078 	   25 
      0 	   87692 	   18 	  152859 	   23 
      0 	   89663 	   23 	  139302 	   11 
      0 	   88585 	   17 	  125750 	   44 
      0 	   98916 	  105 	  104099 	   16 
      0 	   82770 	   14 	   87718 	   23 
      0 	   86902 	   25 	  106866 	   14 
      0 	   83843 	   25 	  114554 	   23 
      0 	   86955 	   11 	  140263 	   14 
      0 	   91208 	   18 	  142151 	   18 
      0 	   82123 	   12 	   36011 	   48 
      0 	   89227 	   34 	   30083 	    6 
      0 	   86023 	   20 	   41665 	    7 
      0 	   91017 	   18 	   22831 	    8 
      0 	   82554 	    9 	   44735 	    9 
      0 	   89863 	   18 	   32845 	   11 
      0 	   85499 	   14 	   28116 	    6 
      0 	   91338 	   26 	   37875 	   21 
      0 	   82322 	   12 	   19623 	    7 
      0 	   85116 	   13 	   42329 	   10 
      0 	   87046 	   12 	   27191 	    5 
      0 	   84704 	   10 	   24011 	   15 
      0 	   88090 	   15 	   45871 	   12 
      0 	   89929 	   10 	   42532 	   14 
      0 	   95541 	   15 	   18899 	   11 
      0 	   90583 	   10 	   14159 	    5 
      0 	   83784 	   11 	   81121 	   22 
      0 	   87163 	   24 	   29447 	   18 
      0 	   97293 	   37 	   29502 	   15 
      0 	   85757 	    7 	   19925 	    9 
      0 	   89494 	    9 	   32530 	    9 
      0 	   88903 	   17 	   39293 	   15 
      0 	   89523 	   14 	   47929 	   17 
      0 	   87825 	   14 	   55318 	    9 
      0 	   83224 	   10 	   17230 	    7 
      0 	   84565 	   12 	   72500 	   24 
      0 	   82258 	   14 	   45378 	    8 
      0 	   79832 	   11 	   52650 	   22 
      0 	   92957 	   73 	   41585 	    6 
      0 	   87288 	   18 	   45069 	   12 
      0 	   84269 	   13 	   54537 	    9 
      0 	   87603 	   19 	   65393 	   42 
      0 	   81726 	   12 	   30042 	    6 
      0 	   88480 	   16 	   39082 	    7 
      0 	   80782 	   13 	   49075 	   42 
      0 	   83264 	   10 	   43874 	   11 
      0 	   90336 	   37 	   66553 	   14 
      0 	   82025 	   11 	   73497 	    8 
      0 	   89080 	   21 	   75817 	   26 
      0 	   82409 	   18 	   30251 	   15 
      0 	   81422 	   15 	   25916 	   11 
      0 	   88260 	   23 	   40825 	   12 
      0 	   86327 	   14 	   47173 	   18 
      0 	   89692 	   17 	   56033 	   14 
      0 	   83064 	   12 	   30421 	   14 
      0 	   85517 	   13 	   57237 	   12 
      0 	   92813 	   44 	   36402 	    6 
      0 	   89554 	   12 	   66324 	   27 
      0 	   88520 	   19 	   71185 	   24 
      0 	   89979 	   23 	  130678 	   25 
      0 	   83177 	   12 	  117084 	   12 
      0 	   84781 	   13 	   73782 	   21 
      0 	   86147 	   14 	  118828 	   21 
      0 	   84328 	   13 	   75128 	   31 
      0 	   80847 	    9 	   69582 	   18 
      0 	  101222 	   40 	   83093 	   34 
      0 	   85531 	   12 	   50202 	    6 
      3 	   89727 	   22 	   48370 	   13 
      0 	   91992 	   22 	   55122 	    9 
      0 	   93229 	   21 	   57769 	   18 
      0 	   92773 	   24 	   56712 	   25 
      0 	   82884 	   14 	   54875 	    8 
      0 	   86519 	   11 	   81230 	   19 
      0 	   85602 	   16 	   81032 	   12 
     81 	  102738 	   58 	  116032 	  131 
      0 	   87374 	   19 	  144297 	   31 
      0 	   90712 	   18 	  145166 	   21 
      0 	   90712 	   40 	  135850 	   25 
      0 	   91130 	   23 	  134646 	   21 
      0 	   88777 	   22 	  127750 	   16 
      0 	   87875 	   16 	  109814 	   31 
      0 	   92380 	   28 	  115155 	   47 
      0 	   85993 	   27 	  115526 	   20 
      0 	   87160 	   20 	  115036 	   75 
      0 	   87863 	   28 	   87845 	   16 
      0 	   85663 	   19 	   69597 	   17 
      0 	   85851 	   14 	   62704 	    8 
      0 	   85117 	   17 	   49587 	   13 
      0 	   98687 	   57 	   50715 	   14 
      0 	   93755 	   51 	   80253 	   41 
      0 	   88140 	   21 	   78932 	   15 
      0 	   94168 	   18 	   59904 	   12 
      0 	   93538 	   15 	   83057 	   14 
      0 	  101756 	   42 	   62842 	   14 
      0 	   88618 	   21 	   44832 	   13 
      0 	   88623 	   20 	   50574 	   28 
      0 	   90205 	   16 	   39888 	   11 
      0 	  101430 	   31 	   49962 	   14 
      0 	   94557 	   24 	   32208 	    9 
      0 	   93051 	   17 	   33996 	   14 
      0 	   87889 	   12 	   45714 	   20 
      0 	   87703 	   21 	   56861 	   20 
      0 	   90130 	   21 	   35653 	   12 
      0 	   91096 	   26 	   26386 	    9 
      0 	   88454 	   19 	   51182 	   33 
      0 	   90480 	   38 	   50682 	    7 
      0 	   91198 	   18 	   40013 	   19 
      0 	   91126 	   17 	   48013 	   18 
      0 	   92015 	   23 	   38753 	    5 
      0 	   97314 	   16 	   49285 	   10 
      0 	   92471 	   15 	   56165 	   12 
      0 	   95226 	  128 	   44511 	   10 
      0 	   81549 	   13 	   37396 	   10 
      0 	   82106 	   17 	   29021 	    8 
      0 	   82480 	   20 	   26179 	   32 
      0 	   82622 	   14 	   29335 	   10 
      0 	   84860 	   19 	   42975 	    8 
      0 	   80558 	   11 	   13956 	   15 
      0 	   81006 	   14 	   20540 	   37 
      0 	   85861 	   17 	   54593 	    9 
      0 	   86496 	   10 	   40534 	   12 
      0 	   87353 	   22 	   54386 	   25 
      0 	   85720 	   11 	   45993 	    8 
      0 	   90237 	   40 	   45832 	   12 
      0 	   86668 	   20 	   47187 	   10 
      0 	   99908 	   59 	   45738 	    9 
      0 	   86405 	   21 	   35388 	    8 
      0 	   93487 	   20 	   31276 	    9 
      0 	   87791 	   13 	   25034 	   22 
      0 	   83101 	   23 	   45085 	    9 
      0 	   95433 	   50 	   15799 	   12 
      0 	   87251 	   14 	   20959 	   10 
      0 	   87734 	   22 	   45796 	  109 
      0 	   90634 	   21 	   65045 	   26 
      0 	   84758 	   39 	   36807 	    5 
      0 	   81690 	   16 	   53228 	   10 
      0 	   92216 	   22 	   26997 	   16 
      0 	   95098 	   37 	   33193 	    9 
      0 	   86374 	   25 	   24634 	    9 
      0 	   91698 	   35 	   60589 	   20 
      0 	   86050 	   26 	   32495 	   11 
      0 	   84863 	   29 	   45730 	   13 
      0 	   91675 	   26 	   37149 	    8 
      0 	   89346 	   22 	   46382 	   13 
      0 	   96355 	   48 	   47485 	   24 
      3 	   87406 	   25 	   21017 	    5 
      5 	   91932 	   52 	   45070 	    8 
      0 	   85397 	   21 	   34743 	    7 
      0 	   92781 	   34 	   35330 	    6 
      0 	   85421 	   26 	   43613 	   12 
      0 	   91842 	   20 	   19213 	    9 
      0 	   93651 	   26 	   68378 	   20 
      0 	   85626 	   23 	   32404 	   12 
      0 	   99363 	  129 	   25741 	    7 
      0 	   84852 	   35 	   39558 	    9 
      6 	   91473 	   26 	   12358 	   17 
      0 	   91572 	   31 	   25520 	    4 
      0 	   83412 	   19 	   22651 	   10 
     62 	   89354 	   28 	   39973 	   51 
     12 	   93972 	   34 	   52105 	   13 
      0 	   89097 	   20 	   65959 	   14 
      0 	   88577 	   31 	   69500 	   18 
      0 	   86042 	   27 	   40395 	   12 
      0 	   91065 	   31 	   66922 	   33 
      4 	   91044 	   65 	  125077 	   21 
      8 	   87653 	   21 	   98823 	   17 
      5 	   94838 	   30 	  110506 	   29 
      4 	   95527 	   32 	   57785 	   14 
    275 	   87004 	   22 	   95542 	   15 
      0 	   85584 	   16 	   65321 	   35 
      0 	   86667 	   13 	   37427 	    8 
      0 	   91798 	   26 	   40728 	    9 
     14 	   88929 	   19 	   74073 	   19 
      3 	   99328 	   44 	   59331 	   20 
     77 	   89063 	   35 	   50932 	   13 
    685 	   92219 	   22 	   28855 	    9 
  12584 	   77951 	   20 	   23500 	   12 
  22696 	   63060 	   18 	    3801 	    7 
  10987 	   80735 	   21 	   17112 	    7 
   2076 	  100098 	   67 	   23423 	   14 
      0 	   88301 	   20 	   32512 	    6 
      0 	   87296 	   18 	   40287 	   12 
     12 	   89236 	   30 	   57957 	   41 
      1 	   90557 	   22 	   66670 	   27 
      0 	   85617 	   17 	   44046 	   11 
      0 	   89243 	   14 	   40267 	    7 
      0 	   95712 	   32 	   17757 	    6 
      0 	   87109 	   19 	   49165 	    6 
      0 	   86669 	   30 	   11910 	   10 
   5821 	   82046 	   22 	   47444 	   14 
   6894 	   90460 	   59 	   56166 	    9 
      0 	   97414 	   34 	   20334 	    4 
      0 	   91179 	   13 	   37599 	    6 
      0 	   97030 	   35 	   31929 	   11 
      0 	   92079 	   23 	   33234 	    6 
      0 	   94423 	   20 	   51366 	    9 
      0 	   99110 	   35 	   22891 	    9 
      0 	   90272 	   26 	   41325 	    8 
      0 	   88608 	   10 	   31354 	   18 
      0 	   91714 	   18 	   64880 	   15 
      0 	   94192 	   14 	   41004 	   11 
      0 	   84625 	   13 	   30461 	    9 
      0 	   98248 	   32 	   35353 	    8 
      0 	   91860 	   26 	   36617 	    6 
      0 	   86886 	   15 	   18915 	   19 
      0 	   97940 	   37 	   13779 	    3 
      0 	   89620 	   22 	   36689 	    8 
    218 	   97444 	   33 	   56882 	   44 
      0 	   86315 	   22 	   19554 	    5 
   4412 	   90559 	   28 	   53278 	    7 
   2615 	   87828 	   18 	   76776 	   25 
   4036 	  104655 	  151 	   54336 	   10 
      0 	  100078 	   46 	   27742 	    5 
      0 	   82806 	   10 	   46033 	   13 
      0 	   86198 	   10 	   54258 	   35 
      0 	   92063 	   20 	   58323 	    8 
      0 	   82765 	    8 	   51869 	   14 
      0 	   83486 	   12 	   57236 	   11 
      0 	   86220 	   17 	   60314 	   14 
      0 	   87053 	   13 	   23528 	   10 
      0 	   85481 	    9 	  146122 	   33 
      0 	   93664 	   12 	   50190 	   15 
      0 	   96668 	   39 	   95833 	   17 
      0 	   95265 	   26 	   96214 	   20 
      0 	   88172 	   10 	  101587 	   17 
      0 	   86513 	   24 	  104859 	   28 
      0 	   85287 	   16 	   15465 	    3 
      0 	   85957 	   16 	   40038 	    8 
      0 	   89490 	   24 	   12436 	    8 
      0 	   85652 	   12 	   39429 	   13 
      0 	   88540 	   23 	   34623 	   14 
      0 	   88415 	   13 	   23254 	   23 
      0 	   89738 	   20 	   24275 	    8 
      0 	   87770 	   28 	   28025 	   14 
      0 	   89540 	   12 	   18025 	    3 
      0 	   96620 	   20 	   54529 	    9 
      0 	   91472 	   13 	    6917 	    4 
      0 	   98427 	   20 	   35608 	   21 
      0 	   87316 	   14 	   42854 	   11 
      0 	   88364 	   15 	   35957 	    6 
      0 	   93345 	   17 	   12926 	    7 
      0 	   91472 	   13 	   12100 	    8 
      0 	   91903 	   22 	   32359 	   12 
      0 	   90984 	   35 	   39279 	    4 
      0 	   88867 	   10 	   38978 	   12 
      0 	   94320 	   17 	   29129 	    9 
      0 	   89163 	   14 	   31476 	  133 
     80 	   93802 	   19 	  145971 	   75 
      0 	   93111 	   15 	  150344 	   17 
      0 	   90554 	   12 	  155590 	   30 
      0 	   94411 	   17 	  147894 	   14 
      0 	   89179 	   14 	  152123 	   19 
      0 	   90653 	   18 	  151508 	   14 
     12 	   92658 	   27 	  153658 	   63 
      0 	   90916 	    7 	  123450 	   16 
      0 	   87928 	   10 	  151060 	   37 
      0 	   90726 	   22 	  150326 	   31 
      0 	   96532 	   58 	  146134 	   20 
      0 	   86944 	   21 	  149688 	   25 
      0 	   84322 	    8 	  144426 	   49 
      0 	   94606 	   21 	  117556 	   17 
      0 	   86894 	   13 	  111544 	   23 
      0 	   82925 	   13 	  122183 	   17 
      0 	   87861 	   10 	  125154 	   26 
      0 	   90325 	   11 	  132024 	   17 
      0 	   95194 	   22 	  133274 	   16 
      0 	   88467 	   12 	  148788 	   23 
      0 	   84093 	    7 	  124772 	   53 
      0 	   84669 	   12 	  121045 	   24 
      0 	   92426 	   12 	  128588 	   16 
      0 	   89298 	   10 	  116891 	   28 
      0 	   89893 	   30 	  119166 	   18 
      0 	   80926 	   11 	  131897 	   19 
      0 	   89746 	   17 	  139910 	   12 
      0 	   91312 	   15 	  145108 	   46 
      0 	   88582 	   11 	  148865 	   18 
      0 	   83479 	   13 	  164721 	   27 
     79 	   87744 	   21 	  150072 	   76 
      0 	   93346 	   17 	  139091 	   30 
    422 	   97252 	   37 	  120274 	   29 
      0 	   93227 	   20 	  135609 	   16 
      0 	   91280 	   14 	  139152 	   19 
      0 	   95209 	    9 	  148096 	   30 
      0 	   98889 	   22 	  147673 	   13 
      0 	   94783 	   10 	  158283 	   18 
      0 	   93883 	   24 	  160512 	   35 
      0 	   82058 	    9 	  149220 	   23 
      0 	   87806 	    8 	  151615 	   19 
      0 	   89184 	   12 	  154992 	   34 
      0 	   95571 	   22 	  122395 	   14 
    129 	   97116 	   43 	  155428 	   49 
      0 	   85431 	   16 	   98579 	   15 
      0 	  101710 	   68 	   92479 	   15 
      0 	   86893 	   14 	  130185 	   14 
      0 	   84484 	   22 	   65483 	   16 
      0 	   93334 	   13 	  116021 	   13 
      0 	   94358 	   17 	   86277 	   14 
      0 	   88527 	   11 	   85810 	   22 
      0 	   87201 	   10 	  152186 	   16 
      0 	   85693 	   10 	  160456 	   22 
      0 	   95247 	   16 	  134155 	   44 
   1672 	   87257 	   11 	  134565 	   80 
  10927 	   74585 	   10 	  133841 	   29 
    343 	   87281 	   11 	  132166 	   27 
    185 	   92600 	   13 	  134194 	   25 
      0 	   87129 	   10 	  151212 	   15 
     96 	  101345 	   25 	  155896 	   20 
      0 	   94933 	   18 	  142932 	   14 
      0 	   95554 	    7 	  131913 	   18 
      0 	  100373 	   23 	  164358 	   21 
     90 	   91557 	   13 	  161376 	   32 
     23 	   94439 	    9 	   68738 	   13 
    814 	   99340 	   26 	  107469 	   13 
   1978 	   81418 	   11 	  116504 	   18 
      0 	   83107 	   10 	   89118 	   10 
      0 	   91175 	   13 	  108075 	   13 
      0 	   94464 	   18 	  114103 	   14 
     88 	  102359 	   37 	   79935 	   22 
      0 	   84679 	   13 	  154743 	   16 
      0 	   87627 	   14 	  164200 	   23 
   2642 	   89095 	   10 	  154069 	   44 
    274 	   87071 	    8 	  154181 	   12 
  12041 	   82969 	   18 	  140141 	   18 
  34230 	   51933 	   13 	  122404 	   22 
  58291 	   34157 	   14 	   69711 	   15 
  49725 	   59457 	   46 	   86888 	   53 
  58140 	   31346 	   13 	   64691 	   50 
  26487 	   68619 	   75 	   21105 	   72 
