% num_local_points | num_send_points | num_send_procs | num_recv_points | num_recv_procs 
 993449 	   67176 	   23 	   59034 	   24 
 998635 	   63608 	   16 	   61107 	   16 
1006160 	   48272 	   14 	   54013 	   15 
 983116 	   92809 	   25 	   77049 	   26 
 976071 	   78490 	   18 	   72089 	   18 
 973693 	   88874 	   25 	   77956 	   24 
 974148 	   77089 	   18 	   65888 	   18 
 964877 	   76016 	   16 	   65508 	   16 
 968091 	  104415 	   18 	   90989 	   18 
 968179 	   95905 	   10 	   99857 	   10 
 983416 	  135943 	   25 	  148000 	   25 
 966955 	   92163 	   11 	   93798 	   11 
 979226 	  115764 	   42 	  136682 	   42 
 980996 	   77548 	   21 	   81655 	   20 
 974273 	   58439 	   19 	   57584 	   19 
 982465 	   81630 	   25 	   85003 	   26 
 981229 	   80514 	   16 	   77550 	   15 
 987356 	   83234 	   21 	   81110 	   17 
 990228 	   76895 	   26 	   80614 	   25 
 977568 	   61220 	   21 	   61852 	   21 
 975836 	   70596 	   16 	   69448 	   16 
 977451 	   67621 	   21 	   67671 	   15 
 964389 	  129781 	   36 	   99153 	   37 
 983928 	   65880 	   13 	   73604 	   13 
 982471 	   58609 	   14 	   64363 	   14 
 969968 	   97761 	   23 	   86126 	   23 
 974580 	   68590 	   17 	   69020 	   17 
 982998 	   88922 	   22 	  107945 	   22 
 957500 	   81175 	   15 	   66972 	   15 
 973885 	   65910 	   16 	   73318 	   16 
 971501 	   78034 	   19 	   88240 	   19 
 961114 	   66651 	   15 	   48451 	   16 
 991108 	   74508 	   73 	   96162 	   74 
 985069 	   57179 	   21 	   48556 	   17 
 989044 	   56558 	   16 	   65771 	   22 
 988608 	   67375 	   16 	   60962 	   15 
 992808 	   94171 	   24 	   96857 	   21 
 979619 	  101004 	   25 	   99034 	   23 
 978173 	   64415 	   17 	   61360 	   17 
 976016 	   62512 	   23 	   66610 	   24 
 975849 	   69054 	   16 	   72038 	   16 
 975826 	   62969 	   25 	   60505 	   22 
 981477 	   97873 	   34 	   89472 	   36 
 984139 	   49380 	   14 	   52859 	   14 
 968235 	   80249 	   16 	   68203 	   13 
 981161 	   72141 	   24 	   83178 	   23 
 972895 	   56210 	   15 	   59109 	   15 
 970928 	   70852 	   49 	   67354 	   42 
 964550 	   59086 	   14 	   62403 	   12 
 970690 	   88080 	   18 	   80159 	   17 
 973714 	   76333 	   19 	   84918 	   19 
 968365 	   41799 	   14 	   43126 	   15 
 975806 	   38219 	   18 	   39026 	   16 
 992212 	   51553 	   54 	   52613 	   56 
 982823 	   58943 	   16 	   60645 	   17 
 979309 	   68818 	   36 	   73834 	   29 
 975304 	   56462 	   14 	   52949 	   14 
 975468 	   50893 	   15 	   58409 	   15 
 975304 	   65281 	   37 	   57670 	   38 
 974752 	   46189 	   17 	   46433 	   17 
 982422 	   43103 	   32 	   42079 	   27 
 971574 	   32121 	   11 	   38128 	   11 
 976703 	   54509 	   19 	   54863 	   20 
 974564 	   93036 	   84 	  101791 	   95 
 956590 	   96842 	   20 	   94635 	   15 
 954554 	   99409 	   14 	  100849 	   14 
 956356 	   94616 	   13 	   89822 	   13 
 960590 	   97506 	   19 	  103171 	   21 
 946332 	  109167 	   24 	  117568 	   27 
 933807 	  112922 	   13 	  113779 	   14 
 928263 	  112516 	   23 	  111777 	   23 
 921514 	  102005 	   11 	  107677 	   12 
 923522 	  108278 	   14 	  110883 	   13 
 928727 	  131662 	   24 	  125925 	   27 
 930157 	  112988 	   29 	  119606 	   25 
 928444 	  120436 	   16 	  123893 	   16 
 926069 	  114057 	   26 	  110838 	   17 
 934686 	  107574 	   25 	  107970 	   28 
 938538 	  100952 	   15 	  104422 	   18 
 931403 	  104807 	   14 	  106657 	   15 
 929676 	  117964 	   32 	  119117 	   34 
 922785 	  118483 	   15 	  120652 	   16 
 924197 	  126066 	   21 	  125428 	   24 
 929891 	  121182 	   31 	  126516 	   30 
 933409 	  111193 	   14 	  109342 	   15 
 925150 	  111274 	   15 	  112160 	   13 
 920224 	  109570 	   18 	  112098 	   18 
 925460 	  105822 	   15 	  108871 	   15 
 926725 	  114742 	   24 	  115648 	   31 
 924213 	  117952 	   28 	  118334 	   28 
 918327 	  114979 	   15 	  117798 	   17 
 925283 	  110210 	   14 	  112126 	   15 
 920020 	  123611 	   49 	  118569 	   39 
 914257 	  117762 	   21 	  114996 	   19 
 915626 	  101915 	   16 	  104553 	   11 
 921339 	  105386 	   36 	  109582 	   35 
 920614 	  106417 	   18 	  116457 	   15 
 924439 	  101657 	   43 	  101785 	   40 
 925251 	   93071 	   18 	  108996 	   16 
 938005 	   86997 	   16 	   90299 	   13 
 939958 	  139435 	   34 	  192353 	   42 
 939540 	   76761 	   19 	   82426 	   17 
 938918 	  217814 	   53 	  150110 	   51 
 969658 	   96836 	   23 	  100430 	   23 
 978243 	   68574 	   15 	   64047 	   14 
 975421 	   83034 	   19 	   80457 	   20 
 976890 	   78488 	   17 	   81036 	   18 
 975907 	   81220 	   27 	   92486 	   27 
 969611 	   73617 	   16 	   70950 	   16 
 979304 	   68371 	   20 	   77659 	   20 
 969908 	   51370 	   12 	   47226 	   12 
 978818 	   55298 	   14 	   63156 	   14 
 989841 	   64358 	   27 	   68509 	   30 
 960358 	  119729 	   40 	   95666 	   46 
 967370 	   72756 	   13 	   81147 	   13 
 963580 	   77324 	   12 	   75157 	   16 
 959624 	   87655 	   16 	   95872 	   15 
 968525 	   67266 	   13 	   72687 	   12 
 948705 	   93274 	   19 	   85969 	   20 
 972306 	   75599 	   34 	   81597 	   35 
 983648 	   52077 	   15 	   52731 	   14 
 987755 	   54993 	   23 	   57529 	   22 
 986219 	   65513 	   27 	   58131 	   24 
 979248 	   59693 	   13 	   57815 	   13 
 972408 	   68177 	   14 	   70722 	   13 
 968255 	   67833 	   21 	   67003 	   21 
 975933 	   50761 	   15 	   51501 	   15 
 981501 	   47960 	   12 	   43915 	   12 
 979397 	   70622 	   26 	   71559 	   30 
 966599 	   60995 	   13 	   59637 	   13 
 975469 	   63513 	   16 	   61552 	   14 
 968518 	   78958 	   52 	   78078 	   59 
 965460 	   62263 	   12 	   65079 	   13 
 955778 	   69997 	   17 	   69071 	   18 
 937644 	   86865 	   20 	   86041 	   21 
 943999 	   84426 	   21 	   82175 	   21 
 941368 	   78503 	   47 	   77412 	   52 
 941481 	   71394 	   12 	   68853 	   12 
 950021 	   74588 	   19 	   76575 	   17 
 907964 	  130492 	   21 	  124575 	   21 
 919633 	   93423 	   23 	   91323 	   23 
 959056 	  107052 	   43 	  147432 	   41 
 981812 	  101761 	   35 	   65207 	   34 
 985134 	   69450 	   25 	   76517 	   25 
 974446 	   74674 	   10 	   73699 	   10 
 964789 	   94625 	   25 	   96731 	   28 
 965990 	   75292 	   15 	   79849 	   15 
 957875 	  107197 	   21 	   98249 	   19 
 962492 	   83867 	   14 	   81193 	   14 
 964022 	  102792 	   45 	   97163 	   48 
 988047 	   58118 	   18 	   61970 	   16 
 971649 	   72488 	   16 	   73850 	   15 
 970683 	   95790 	   20 	  103190 	   19 
 956907 	   98692 	   15 	   95478 	   15 
 950180 	  107138 	   20 	  103526 	   21 
 955203 	   97641 	   16 	   91558 	   18 
 974779 	   71865 	   41 	   68622 	   42 
 984532 	   59188 	   23 	   58817 	   22 
 990301 	   65319 	   21 	   65277 	   19 
 972919 	  101292 	   28 	  108087 	   23 
 964654 	   88126 	   24 	   80721 	   21 
 985922 	   68069 	   19 	   70943 	   18 
 977970 	   80960 	   21 	   74262 	   21 
 988843 	   76318 	   62 	   88532 	   63 
 977396 	   76996 	   22 	   78764 	   20 
 972800 	   98610 	   20 	   90551 	   20 
 977223 	   80488 	   12 	   81990 	   12 
 978623 	   73799 	   19 	   79424 	   19 
 971836 	   83989 	   26 	   92470 	   26 
 960753 	   77872 	   14 	   77706 	   14 
 959649 	   81763 	   19 	   88997 	   20 
 956303 	   68941 	   14 	   68891 	   14 
 954759 	   76408 	   13 	   81709 	   15 
 956952 	  104655 	   37 	  102316 	   31 
 950324 	  124170 	   38 	  103654 	   46 
 964843 	   79763 	   15 	   90181 	   14 
 961313 	   78800 	   14 	   79390 	   14 
 948105 	   89638 	   12 	   95298 	   12 
 953012 	   85607 	   16 	   89045 	   15 
 939631 	   96895 	   19 	   95719 	   20 
 953319 	   92502 	   23 	   94734 	   23 
 951530 	   83105 	   15 	   81925 	   15 
 955314 	   93157 	   29 	   93496 	   25 
 947999 	  104933 	   20 	   97798 	   21 
 961707 	   67578 	   14 	   66697 	   14 
 961986 	   67623 	   12 	   67694 	   12 
 958054 	  104133 	   30 	  103146 	   34 
 952838 	   96749 	   11 	   91326 	   11 
 954114 	   91787 	   16 	   97209 	   16 
 946680 	   95080 	   19 	   97669 	   19 
 952186 	   89160 	   16 	   82647 	   15 
 946117 	   91293 	   17 	   94780 	   18 
 944133 	  100015 	   60 	  100189 	   69 
 935905 	  103838 	   16 	   97405 	   16 
 944346 	   76862 	   11 	   86959 	   11 
 926322 	  107645 	   24 	  100104 	   26 
 927284 	  100892 	   15 	  104327 	   15 
 931391 	  103970 	   30 	   96092 	   31 
 941475 	   76409 	   12 	   77963 	   11 
 951451 	   71166 	   15 	   73883 	   15 
 916847 	  127441 	   26 	  115495 	   26 
 956156 	   67934 	   17 	   64713 	   17 
 999446 	  124476 	   48 	  137313 	   50 
 965761 	   80146 	   24 	   75217 	   25 
 970423 	   86956 	   20 	   93219 	   24 
 965796 	   81844 	   10 	   81065 	   10 
 966162 	  101029 	   24 	  101583 	   18 
 976642 	   68442 	   18 	   70921 	   17 
 959059 	  102427 	   24 	   99584 	   21 
 953587 	   96592 	   18 	   85157 	   12 
 940840 	  105416 	   46 	  110692 	   49 
 939569 	  111640 	   14 	  104773 	   14 
 945539 	  111482 	   15 	  117745 	   15 
 945573 	   94137 	   40 	   96994 	   44 
 952260 	   97108 	   23 	   93644 	   21 
 959353 	   93211 	   17 	   95985 	   16 
 971119 	   99469 	   26 	  107737 	   26 
 957968 	   97026 	   19 	   98921 	   19 
 949937 	   87824 	   16 	   84472 	   16 
 935239 	  135140 	   17 	  125370 	   19 
 942009 	  135413 	   26 	  134426 	   27 
 941661 	   93724 	   14 	   94138 	   15 
 944349 	   97502 	   16 	   96731 	   16 
 936585 	  117983 	   16 	  115627 	   15 
 938078 	  113573 	   50 	  114928 	   50 
 945199 	  106938 	   20 	  103818 	   25 
 942185 	  111450 	   22 	  115540 	   20 
 937922 	  102617 	   13 	  101871 	    8 
 923322 	  126028 	   15 	  129666 	   18 
 929003 	  137905 	   23 	  126531 	   25 
 947632 	   94787 	   17 	   89980 	   15 
 946364 	  129965 	   50 	  130358 	   58 
 945069 	   99434 	   15 	   94962 	   14 
 951000 	  110786 	   17 	  114216 	   15 
 934118 	  117767 	   22 	  115261 	   25 
 951976 	   89926 	   18 	   90756 	   19 
 951614 	  113580 	   19 	  132061 	   17 
 923152 	  142982 	   29 	  129870 	   29 
 943828 	  107714 	   14 	  108835 	   11 
 926878 	  121122 	   17 	  136747 	   17 
 916653 	  145550 	   25 	  125840 	   25 
 934807 	  130399 	   21 	  151827 	   20 
 921477 	  131016 	   13 	  142592 	   14 
 915067 	  153069 	   19 	  109834 	   18 
 950938 	   95048 	   12 	   89826 	   13 
 958186 	  135236 	   60 	   99099 	   63 
 996496 	   76703 	   21 	   74139 	   21 
 993692 	   74953 	   20 	   73661 	   19 
 996640 	   81548 	   18 	   82886 	   18 
 994318 	  104212 	   30 	   92019 	   31 
 993219 	   63417 	   16 	   68096 	   16 
 988837 	   86984 	   20 	   92665 	   20 
 991810 	  118962 	   35 	  123665 	   34 
 985832 	   74305 	   17 	   72694 	   17 
 987300 	   74029 	   11 	   82568 	   11 
1000714 	   81635 	   36 	   99136 	   39 
